,Ast,End,Mic,Neu,Oli
Bulk 0,0.07596432816712488,0.25351065128881894,0.1054723915424116,0.36390632934774403,0.20114629965390074
Bulk 1,0.2528478434699643,0.12295423460065397,0.049385408213603155,0.3254996220035257,0.24931289171225268
Bulk 2,0.1365200964909248,0.1330940205374407,0.19163794383842842,0.3365784152800061,0.20216952385320006
Bulk 3,0.20880184510381278,0.16034441792065646,0.1478271451697582,0.3851479312218293,0.09787866058394327
Bulk 4,0.42482692605205113,0.09948329441606155,0.15215798457802635,0.029547244169787688,0.29398455078407326
Bulk 5,0.0,0.22290908259171102,0.09189815229005528,0.3999643858864704,0.28522837923176325
Bulk 6,0.5876901414786697,0.07308052465557817,0.0,0.16934685991552756,0.16988247395022457
Bulk 7,0.13804395968276786,0.19193575942605132,0.14573126542273293,0.29045405353508985,0.23383496193335804
Bulk 8,0.045642531626141576,0.17819107467325043,0.14294138275167953,0.40842548002507945,0.22479953092384905
Bulk 9,0.3479852823671029,0.17862202417614131,0.12002347668185032,0.13677617909454845,0.21659303768035698
Bulk 10,0.15323176826604054,0.19495198144693304,0.06606843490265459,0.39648591834446345,0.18926189703990837
Bulk 11,0.1419694606186159,0.20495836872962359,0.027244584914359046,0.42979211040298126,0.19603547533442028
Bulk 12,0.3789054206892196,0.16259517646391725,0.0,0.2318042703485938,0.2266951324982693
Bulk 13,0.08112024821096307,0.1576606574208739,0.06998206399454786,0.46072216663499177,0.23051486373862343
Bulk 14,0.6012485739781569,0.06486804197475728,0.0,0.15095641992637257,0.1829269641207133
Bulk 15,0.24583188128331154,0.13745597097380888,0.11232122323029475,0.310352203171356,0.19403872134122874
Bulk 16,0.13217416608806903,0.22692946749384163,0.06857832131170226,0.3230139921641429,0.2493040529422442
Bulk 17,0.8986565282745682,0.0,0.0,0.08568296262344836,0.015660509101983227
Bulk 18,0.4190549927299108,0.1738577938601571,0.042735675791716686,0.1479947895850588,0.2163567480331566
Bulk 19,0.29167363617493425,0.1165850621439298,0.06823232326787941,0.28939946000934597,0.23410951840391053
Bulk 20,0.12786287271964866,0.0,0.16039242495896386,0.5847771529105381,0.12696754941084926
Bulk 21,0.37833907846915354,0.0,0.015602849368699283,0.5116000389993626,0.09445803316278462
Bulk 22,0.0,0.11218484759224688,0.1504213162249336,0.519231181860359,0.2181626543224604
Bulk 23,0.18103049512848327,0.1452742832638054,0.1105249004096797,0.3023104867580021,0.26085983444002947
Bulk 24,0.5353319068654011,0.13104340682039328,0.0,0.059653970493820985,0.27397071582038474
Bulk 25,0.22796373985165796,0.18384847447705374,0.09152133352573834,0.25156502497126176,0.2451014271742882
Bulk 26,0.3253536431558666,0.12016764287582626,0.0,0.1966347528923752,0.3578439610759318
Bulk 27,0.4604875834184531,0.15143393087395177,0.0,0.17976161862867832,0.20831686707891697
Bulk 28,0.25200927096832076,0.1756665403184905,0.13421104647695703,0.3061574913165537,0.131955650919678
Bulk 29,0.5894222287749346,0.0,0.0,0.22727121948381968,0.1833065517412458
Bulk 30,0.28332959681210024,0.22164274573684145,0.0,0.2743982072619025,0.22062945018915592
Bulk 31,0.6312868471747101,0.07560240580972055,0.0,0.022036978879794826,0.27107376813577444
Bulk 32,0.20446935683231449,0.04468084879055378,0.23656560526391662,0.42073553156978566,0.09354865754342949
Bulk 33,0.0712827138317147,0.19593609248998584,0.1148821494823208,0.32779766949893424,0.29010137469704445
Bulk 34,0.27410414966603724,0.2075477272187296,0.0,0.22044368651619742,0.29790443659903565
Bulk 35,0.4754286972818758,0.15342365601631175,0.0,0.1411806341309244,0.22996701257088797
Bulk 36,0.201051051474876,0.1835330275711669,0.015354034783328273,0.3138100491092299,0.28625183706139895
Bulk 37,0.38009734970290665,0.170685788430008,0.0,0.22654576459742662,0.22267109726965884
Bulk 38,0.4349249208864786,0.06166288373762579,0.13457853081900217,0.3492185095233641,0.019615155033529143
Bulk 39,0.33332482851341383,0.0,0.37115290657101746,0.29552226491556854,0.0
Bulk 40,0.26055884031432686,0.21453157923548472,0.005638710075582381,0.30581557189058295,0.2134552984840229
Bulk 41,0.4790268644981434,0.1436434608655719,0.0563325646560593,0.04799644980515966,0.2730006601750657
Bulk 42,0.39411865447162314,0.18013309645655104,0.0,0.1896591826762501,0.23608906639557586
Bulk 43,0.16808575367006157,0.15501299839307256,0.05008498695803629,0.3937554446215577,0.23306081635727194
Bulk 44,0.20415372258769532,0.14475834063548665,0.13618503856043213,0.3852773318005639,0.12962556641582204
Bulk 45,0.6070207082181035,0.07785133104011295,0.10384106267052395,0.11373518112502431,0.09755171694623521
Bulk 46,0.4133105036507353,0.07673586417266923,0.11288708165881008,0.24991693275763194,0.1471496177601534
Bulk 47,0.28266354994527904,0.13501467697139913,0.0,0.2233604831978574,0.35896128988546444
Bulk 48,0.6175716928172703,0.043382633333448536,0.11607733089213301,0.18742376422986298,0.03554457872728513
Bulk 49,0.11061128052839313,0.19739766986019772,0.05319861215201906,0.4318892492817542,0.20690318817763598
Bulk 50,0.0875510203366807,0.11688133815098344,0.2144947948758849,0.33610480478910687,0.24496804184734391
Bulk 51,0.2708914784125885,0.09621929413964442,0.0,0.36311230034898684,0.26977692709878026
Bulk 52,0.1666500111554817,0.17791872867110403,0.016339991840261473,0.29145420464103555,0.3476370636921173
Bulk 53,0.3514389548921935,0.1527481173079923,0.0,0.3679195967269703,0.1278933310728439
Bulk 54,0.3622196480328059,0.13063572767331508,0.08103132897100651,0.28739123697806385,0.1387220583448087
Bulk 55,0.20799376691092225,0.15161745189720782,0.07015119601838911,0.2758593873684269,0.2943781978050539
Bulk 56,0.33000199982733786,0.15858940463714313,0.0,0.3019181325515436,0.20949046298397542
Bulk 57,0.4534692979979564,0.11240816771427448,0.1822921886417048,0.05366544463936973,0.19816490100669462
Bulk 58,0.8851493887702001,0.0,0.0,0.0,0.11485061122979993
Bulk 59,0.2101102217635675,0.10936377388106507,0.16088242647234532,0.3904878098193709,0.1291557680636511
Bulk 60,0.1518736886087025,0.10364901837108273,0.1918821623075875,0.3052454848346328,0.2473496458779944
Bulk 61,0.2789853795911203,0.09598871053089401,0.0,0.3287230095262898,0.29630290035169593
Bulk 62,0.21827901305167338,0.13873498216913221,0.10912128818455472,0.35185343680514014,0.1820112797894995
Bulk 63,0.5796577517257762,0.07873113847373206,0.013195296161446449,0.09200406304347028,0.236411750595575
Bulk 64,0.03524164256538394,0.07934514719608568,0.20954648025745093,0.5179911157251297,0.15787561425594973
Bulk 65,0.40567469922771277,0.15166295152089324,0.0,0.22974794120344327,0.2129144080479508
Bulk 66,0.24420810790704237,0.0899325581273863,0.20867871822258025,0.26422263758989417,0.19295797815309698
Bulk 67,0.10726177675093827,0.2703021056505428,0.060435630101156566,0.20468786651859927,0.35731262097876293
Bulk 68,0.4161377057841857,0.06994691105457668,0.0,0.3383599991497486,0.17555538401148899
Bulk 69,0.04307975754091823,0.0450726121000141,0.14209916237048156,0.5168530267417109,0.25289544124687524
Bulk 70,0.03809351096156139,0.21011278883264242,0.07054066729428864,0.47284273683616557,0.20841029607534214
Bulk 71,0.31498079890837105,0.09730438157462581,0.1483254216948645,0.4393893978221387,0.0
Bulk 72,0.0,0.25064062545824894,0.08889568206350648,0.37035643723851547,0.2901072552397291
Bulk 73,0.2951186270308468,0.07260620064939892,0.0,0.3702867372574941,0.2619884350622601
Bulk 74,0.1352605060824601,0.20423521731355557,0.26491016157041564,0.27320065590792525,0.12239345912564345
Bulk 75,0.3808900352852298,0.10720900645389517,0.2506025750716049,0.18464338289923807,0.07665500029003199
Bulk 76,0.38683222164705333,0.0,0.022083174225927225,0.5703564954941895,0.020728108632829867
Bulk 77,0.5502439648362176,0.06615590758915058,0.0,0.15519083378508117,0.22840929378955055
Bulk 78,0.12224606118538701,0.07882436493561576,0.29482352119453786,0.3990993863164648,0.10500666636799444
Bulk 79,0.4042662775428792,0.04188943094045552,0.0,0.31822301234340494,0.23562127917326042
Bulk 80,0.6249575586374622,0.029105648013964848,0.0,0.15118642179609146,0.1947503715524816
Bulk 81,0.19632692988596637,0.17219824815216458,0.19729564314113934,0.3092689196318151,0.12491025918891462
Bulk 82,0.65013817093393,0.09246546004852475,0.07865447959356281,0.039163786987502974,0.1395781024364795
Bulk 83,0.17289221868005472,0.2152188259416801,0.0,0.2970703877498436,0.31481856762842153
Bulk 84,0.1602932371271958,0.3090101298129692,0.07553725714766417,0.18405835627861206,0.27110101963355887
Bulk 85,0.19271585131493968,0.22594931480346228,0.053614077452419216,0.3811545885782313,0.14656616785094756
Bulk 86,0.13534761116840824,0.08620087983586856,0.004472148356696063,0.5234553752511325,0.2505239853878946
Bulk 87,0.3912386129418008,0.10912075409464683,0.021114058420931024,0.23553660050577438,0.24298997403684697
Bulk 88,0.07479675869030045,0.1586927601315506,0.07563887767174343,0.4750537155856289,0.21581788792077666
Bulk 89,0.3548901013475288,0.11994471357888883,0.0,0.3021189743767325,0.22304621069684985
Bulk 90,0.07610426068998712,0.18006019484762725,0.09888429511855747,0.37591373132047895,0.26903751802334913
Bulk 91,0.1752135051930753,0.06301573959492057,0.22506250913347745,0.40786583645723207,0.12884240962129476
Bulk 92,0.4536799661779138,0.16848640240768747,0.111489822637797,0.09138791427605139,0.17495589450055013
Bulk 93,0.01633865970705495,0.24228928332391675,0.13571921319042354,0.32471580162324326,0.2809370421553615
Bulk 94,0.31606945347787246,0.0,0.0830204701003708,0.6009100764217569,0.0
Bulk 95,0.2160774001601956,0.1305419148645141,0.019961120218805382,0.496352613200012,0.13706695155647292
Bulk 96,0.7695667858316919,0.030311955962839438,0.0,0.062457546387176745,0.13766371181829193
Bulk 97,0.6506338399959368,0.0744968877281932,0.0,0.0,0.2748692722758701
Bulk 98,0.3125487352890584,0.0914331313141889,0.20133442028498807,0.18512454254326313,0.20955917056850137
Bulk 99,0.3659826620248223,0.07275826616515892,0.09280240174715144,0.3941375930223216,0.0743190770405458
Bulk 100,0.06335435427862758,0.25544388109079447,0.06624592425608886,0.348982865371856,0.26597297500263306
Bulk 101,0.5413818251336965,0.07365090490125918,0.0,0.20480589840801353,0.18016137155703088
Bulk 102,0.02773045735047129,0.10856591786318598,0.10782022803798497,0.5906986996140383,0.1651846971343194
Bulk 103,0.0842632544183044,0.26554958351775243,0.09318415599805345,0.34083751488826425,0.21616549117762543
Bulk 104,0.23355529584878523,0.14250378962728288,0.0,0.30997321318106114,0.3139677013428708
Bulk 105,0.22679996393689758,0.17498473751346424,0.19925011418817207,0.18072215936783034,0.2182430249936357
Bulk 106,0.21294826628864108,0.1958587928369439,0.05761529195367122,0.4209088973993388,0.11266875152140485
Bulk 107,0.14522516827386248,0.1298210391108792,0.17979281130052535,0.4251957363256586,0.11996524498907432
Bulk 108,0.1417181914240233,0.18050749358883217,0.11031698668443833,0.29453524651124696,0.2729220817914594
Bulk 109,0.21826400023470255,0.15620481737298697,0.18500086786353148,0.291258519904259,0.14927179462452
Bulk 110,0.7051268153009558,0.008373625423844623,0.18832262368539116,0.061334032792153714,0.03684290279765481
Bulk 111,0.7087167130335442,0.10137875479320364,0.040557562174908204,0.0,0.14934696999834385
Bulk 112,0.34588130336278394,0.17063106390052718,0.009042792127576478,0.15130978049133575,0.32313506011777665
Bulk 113,0.4373308438249169,0.13034880026511866,0.0,0.21831114531115894,0.21400921059880545
Bulk 114,0.5605388619204049,0.10122053419873205,0.09944552978843618,0.06928242746885853,0.16951264662356827
Bulk 115,0.3143899444849759,0.1507220278208198,0.14365604126738787,0.24222883622896665,0.14900315019784977
Bulk 116,0.32573443878933983,0.23314549625063563,0.0,0.21468523897862807,0.22643482598139647
Bulk 117,0.20111438683667313,0.15332921238992817,0.04983241721129223,0.336489637309998,0.25923434625210856
Bulk 118,0.2154275629562425,0.0018233806069198324,0.21432347862642512,0.5429050159423655,0.025520561868047083
Bulk 119,0.4536641050545248,0.0,0.2444822413054698,0.2710878939173603,0.030765759722645062
Bulk 120,0.23682671844994743,0.05803813750406514,0.10689261198948906,0.4668435066925948,0.13139902536390347
Bulk 121,0.2539603188641337,0.20671389429829182,0.00734346591142434,0.2559054605242584,0.2760768604018918
Bulk 122,0.373474731184918,0.1330828127376737,0.2023298682253934,0.09189738368495183,0.19921520416706304
Bulk 123,0.2594110496437216,0.17667250016634994,0.06714247477131155,0.18088127502184592,0.3158927003967711
Bulk 124,0.07348810264811968,0.12277110305003353,0.2293814476354706,0.3633260001205846,0.21103334654579162
Bulk 125,0.3511521985410922,0.1652486490982144,0.0,0.16790582641870044,0.315693325941993
Bulk 126,0.12389915775341803,0.1639287602116206,0.07965839973098238,0.4610161154319874,0.1714975668719916
Bulk 127,0.19425717084489416,0.18659599484278125,0.13352870791199023,0.2275647870114234,0.258053339388911
Bulk 128,0.20078770498858903,0.31080057119381443,0.02759519646816894,0.16214443578085302,0.2986720915685745
Bulk 129,0.6840110699072632,0.05211640667607981,0.05649391277448236,0.13408077770774673,0.07329783293442782
Bulk 130,0.23233375816414564,0.18834796156826408,0.1629968331226724,0.32058611236118206,0.09573533478373589
Bulk 131,0.44159536378697295,0.07899342644285814,0.11402218070636598,0.2772872319679818,0.08810179709582112
Bulk 132,0.6117472887554625,0.03337469331088552,0.0037646408232602695,0.16148209886639575,0.18963127824399595
Bulk 133,0.5817396251616694,0.09653171882103398,0.12561210978664808,0.1019149642971234,0.09420158193352508
Bulk 134,0.3896957270659638,0.10452161118948139,0.0,0.22769109602636148,0.2780915657181933
Bulk 135,0.19442123750373325,0.16814867486247026,0.17470001133233887,0.20547799047585244,0.25725208582560516
Bulk 136,0.3219908365979054,0.100158530519597,0.0,0.36779883775512007,0.21005179512737748
Bulk 137,0.4527897035992256,0.09294703659266673,0.0,0.22642603309136136,0.22783722671674622
Bulk 138,0.27430657000461606,0.16961518929455885,0.05635345432360548,0.2490490875495477,0.25067569882767177
Bulk 139,0.38293214586271196,0.16219788293885606,0.06647044009118043,0.19038043387072315,0.19801909723652836
Bulk 140,0.248075456211292,0.2196450847910414,0.0,0.26572739260465245,0.26655206639301415
Bulk 141,0.19126666729167427,0.2117765726899026,0.004543230270696265,0.43092979780894275,0.16148373193878396
Bulk 142,0.777131434040161,0.02632770004082658,0.0,0.0,0.19654086591901235
Bulk 143,0.6334500272150531,0.12327113001293552,0.0,0.02460753350271357,0.2186713092692978
Bulk 144,0.2487386100651456,0.15867681166836167,0.19510060746295202,0.22979647880447876,0.1676874919990619
Bulk 145,0.6108298801035469,0.08584939829968484,0.0,0.08756999099168489,0.21575073060508335
Bulk 146,0.168046017522221,0.20102797890939508,0.07699926670522837,0.27912756905371927,0.27479916780943625
Bulk 147,0.04589815275206042,0.1895881760741348,0.138574682702507,0.41772186076112067,0.20821712771017706
Bulk 148,0.291373437612974,0.09729413491129643,0.01031713498869222,0.39047622190166426,0.21053907058537294
Bulk 149,0.22882927629065844,0.15615260890480376,0.016079708808046777,0.3962204912252907,0.2027179147712005
Bulk 150,0.036492268246687685,0.15664893143094544,0.15514769383570765,0.38613253938886033,0.265578567097799
Bulk 151,0.5148226924638715,0.07588300936087819,0.1851757723253504,0.0,0.22411852584989989
Bulk 152,0.7032473791418791,0.15664843317553884,0.0,0.0,0.14010418768258218
Bulk 153,0.20515907881021767,0.1251124298746457,0.1760058664110443,0.3010307795891631,0.19269184531492928
Bulk 154,0.17532030571908916,0.23020401131776766,0.16688249294010557,0.22348797179525873,0.20410521822777883
Bulk 155,0.17838795521929782,0.14242887805589105,0.15269250736418635,0.25223857711188336,0.2742520822487415
Bulk 156,0.6739717043921932,0.03440834292911324,0.02427177027453934,0.18849892942741045,0.07884925297674374
Bulk 157,0.42140858009031584,0.01955248208735339,0.09354761567648959,0.33279601406313253,0.1326953080827085
Bulk 158,0.4893587434072028,0.0815818166299547,0.1640321752044436,0.14285318139482298,0.122174083363576
Bulk 159,0.33871387442864853,0.11981668059791972,0.0887589113508652,0.30321332047345073,0.1494972131491159
Bulk 160,0.22891871788948584,0.13787102724850642,0.04848265828451002,0.4263288223256495,0.1583987742518482
Bulk 161,0.2702722834303393,0.2079810489172935,0.13751569804164795,0.08374377562729876,0.30048719398342055
Bulk 162,0.353428448985893,0.19828730174429443,0.0,0.26850458232316127,0.17977966694665137
Bulk 163,0.4010719278275549,0.13081729602855915,0.0,0.2250247371848791,0.24308603895900688
Bulk 164,0.36829110631962153,0.19650299554037112,0.0,0.035658075206902534,0.3995478229331048
Bulk 165,0.3749262790539138,0.063008257282494,0.02213787808130265,0.33351812098384137,0.2064094645984481
Bulk 166,0.5825815661592804,0.06112286805655839,0.0,0.21848121636647014,0.13781434941769113
Bulk 167,0.47112314983777676,0.16156918047705857,0.0,0.25351088792903087,0.11379678175613375
Bulk 168,0.024801232218841,0.1358175633711536,0.16858743583377517,0.39995679146199126,0.27083697711423893
Bulk 169,0.5943019154310802,0.0,0.2538376117991118,0.0019899596602057095,0.1498705131096023
Bulk 170,0.14451851305063862,0.2123687346030882,0.1006198251058146,0.256962480493444,0.2855304467470146
Bulk 171,0.11648955653877582,0.19449101880118236,0.11609013613654337,0.2647686844779357,0.30816060404556267
Bulk 172,0.02235036774237633,0.2872479762687476,0.08914745575244357,0.23323336551126053,0.368020834725172
Bulk 173,0.3138976199827186,0.14238083592816234,0.0929251898200229,0.2424253861646021,0.20837096810449415
Bulk 174,0.46252485566080287,0.13934107157331857,0.014040364232542232,0.24551918838903475,0.1385745201443017
Bulk 175,0.23979756179001432,0.15199215368008376,0.10048491793390132,0.24144404443952255,0.26628132215647804
Bulk 176,0.21312544470449174,0.11413733554364772,0.08093281273907527,0.36518049194118,0.22662391507160518
Bulk 177,0.09272827984744167,0.2531628564171153,0.09677748796147215,0.3304045489645461,0.2269268268094248
Bulk 178,0.3927076456718362,0.09320082113220647,0.032770387054330885,0.29918993331374394,0.18213121282788253
Bulk 179,0.6368186708604614,0.0,0.07033078528580892,0.29285054385372966,0.0
Bulk 180,0.16947523729903882,0.16487022208597835,0.0448600179090113,0.4332032225585548,0.18759130014741685
Bulk 181,0.3212185397093424,0.18678053153118737,0.0,0.17121570970754577,0.32078521905192453
Bulk 182,0.15039550338095298,0.20720674292740185,0.07765429293766203,0.3238101344868789,0.24093332626710415
Bulk 183,0.5076829804935763,0.10043222189590854,0.0,0.12024196831348741,0.2716428292970279
Bulk 184,0.09534990776495288,0.19459196140680693,0.05020124463808087,0.3117610084399324,0.34809587775022693
Bulk 185,0.45972598231156486,0.046995214285021576,0.0,0.29296195296086397,0.20031685044254957
Bulk 186,0.552683350191574,0.02835501117625975,0.0,0.26126922683905385,0.1576924117931124
Bulk 187,0.4236748339227668,0.1727318087203088,0.0,0.14575493135000903,0.25783842600691537
Bulk 188,0.48021960866278257,0.04557169325577487,0.2765390715350173,0.19766962654642525,0.0
Bulk 189,0.5381145237391226,0.16252896596870145,0.0,0.11138266335333598,0.18797384693884
Bulk 190,0.6416651396988489,0.006750785819002368,0.0,0.18553878237252314,0.16604529210962565
Bulk 191,0.5755687600765809,0.0,0.0,0.21779602663089756,0.20663521329252157
Bulk 192,0.4713972906192662,0.11990516632629723,0.038410637036134156,0.14457850090219088,0.2257084051161115
Bulk 193,0.6381818074889611,0.07820491541771366,0.13455568322389172,0.020738707133820512,0.12831888673561306
Bulk 194,0.8553248794690367,0.0,0.0,0.14467512053096332,0.0
Bulk 195,0.25616505888249136,0.06851701969111437,0.05511906425343566,0.25328178465690115,0.3669170725160574
Bulk 196,0.17244610972243463,0.2320995452661139,0.011624980508438142,0.2013139527300849,0.38251541177292825
Bulk 197,0.21929679530883836,0.28043348564684695,0.020437146956660292,0.20824907925466443,0.27158349283299
Bulk 198,0.8001831921938051,0.023935194064083506,0.0,0.0,0.17588161374211142
Bulk 199,0.26789391045927646,0.1834780945769227,0.045801849688129184,0.2443272013549393,0.2584989439207324
Bulk 200,0.052176201366969134,0.2669763936880566,0.16726867047826507,0.24732412222651376,0.2662546122401955
Bulk 201,0.7944475162437805,0.0,0.0,0.2055524837562194,0.0
Bulk 202,0.13990970720833376,0.2243195218040249,0.08437327564203717,0.26260363842372164,0.2887938569218825
Bulk 203,0.4674356040096656,0.08757859714420539,0.10161860374805619,0.16665552693198668,0.17671166816608627
Bulk 204,0.6782831305924809,0.0591645246826024,0.0,0.11698710903450948,0.1455652356904074
Bulk 205,0.46457892378185617,0.042643285469035404,0.17361922617600611,0.18736039012919312,0.1317981744439092
Bulk 206,0.25875537387156267,0.09397795997023063,0.35809605917687215,0.19378585087102276,0.09538475611031172
Bulk 207,0.5110957687242539,0.0,0.024363443137981344,0.1477558150635675,0.3167849730741974
Bulk 208,0.2057194574860794,0.1551146468855129,0.0,0.3101370812847958,0.3290288143436119
Bulk 209,0.5365548936366502,0.1655476420984961,0.0,0.10515989570872708,0.19273756855612661
Bulk 210,0.44036181619286924,0.1603571419164545,0.0,0.21586947380306698,0.18341156808760917
Bulk 211,0.024251273486194953,0.2635079994594772,0.10908054522579015,0.3212219130113918,0.2819382688171458
Bulk 212,0.4297254624523739,0.05171788429794614,0.23314899037858638,0.12466905687624548,0.1607386059948482
Bulk 213,0.41953502344445626,0.16650880945717042,0.10264098019078416,0.08861582862815931,0.22269935827942994
Bulk 214,0.59388911487712,0.11523593245890412,0.0,0.0,0.2908749526639757
Bulk 215,0.3175699204694702,0.18406302888813358,0.02096845764132388,0.1878234644804051,0.2895751285206673
Bulk 216,0.362390023165913,0.06971245335472377,0.04263005524058368,0.26929189774855994,0.2559755704902196
Bulk 217,0.21509556075155628,0.19093343179527283,0.06037789272324236,0.350804160707707,0.18278895402222134
Bulk 218,0.2718671376335711,0.03580020645086777,0.2684979556779804,0.37159651007498606,0.05223819016259463
Bulk 219,0.09546598431782416,0.14000099144974654,0.3052748387520938,0.3432737882003945,0.11598439727994084
Bulk 220,0.43185667445198866,0.17731759060148472,0.0433631134356786,0.1832759142943376,0.16418670721651046
Bulk 221,0.4578520427350717,0.0606868563546562,0.0,0.26619410512624186,0.2152669957840302
Bulk 222,0.0,0.18778420378568536,0.17921365730559163,0.36163503407161085,0.2713671048371122
Bulk 223,0.1837022497807299,0.17811807325442483,0.14355936185328275,0.1959511216258926,0.2986691934856698
Bulk 224,0.8369428725559928,0.0,0.0,0.0026849126459585317,0.1603722147980487
Bulk 225,0.375771209279176,0.1169898250029197,0.3534772623031816,0.0,0.1537617034147228
Bulk 226,0.42311145389773613,0.18041904080045734,0.0323187958224832,0.17478879389590835,0.18936191558341497
Bulk 227,0.05393862360385273,0.25654893684168245,0.16659482944001122,0.2549222531906997,0.26799535692375387
Bulk 228,0.3323766074396911,0.220043919703379,0.002550368064849666,0.16331015974216212,0.281718945049918
Bulk 229,0.37838826494924876,0.17370657452525498,0.0,0.21175328331765558,0.23615187720784078
Bulk 230,0.09894955630302958,0.144948308549933,0.10854929094744466,0.489539971480943,0.15801287271864967
Bulk 231,0.5932127854277288,0.08175499111398912,0.0,0.011626726108775295,0.31340549734950673
Bulk 232,0.00304500502568679,0.19456504628551471,0.07418218911734532,0.45110855435560593,0.2770992052158471
Bulk 233,0.28306370835038885,0.16389533666329772,0.0011585380278501553,0.26940494079161337,0.28247747616684976
Bulk 234,0.4385041584030948,0.15430599327947064,0.0,0.06241743983263379,0.34477240848480073
Bulk 235,0.5168577865508613,0.09887878398624823,0.0685148301331533,0.1245245997639755,0.1912239995657617
Bulk 236,0.0,0.27442621232338815,0.018996379032967557,0.37600099465966585,0.33057641398397847
Bulk 237,0.5772310935213621,0.11770071729452948,0.0,0.0,0.30506818918410844
Bulk 238,0.37001914578203,0.14817214897353195,0.0,0.20377775554732783,0.2780309496971103
Bulk 239,0.31006599046096933,0.023328935781601997,0.20491744251086463,0.3352641543582819,0.1264234768882821
Bulk 240,0.37624962177064386,0.03285099536098416,0.111180383422632,0.3496879861926586,0.1300310132530813
Bulk 241,0.0,0.2517774046501364,0.20191343097832895,0.23490418005063737,0.3114049843208972
Bulk 242,0.4720962036444191,0.1595805110903665,0.20827984242462297,0.005744890070788058,0.15429855276980323
Bulk 243,0.2876184776045643,0.1726961553314845,0.11078263906437019,0.19626261749554438,0.2326401105040366
Bulk 244,0.41709688975399456,0.1524139773738552,0.08912983028482513,0.09651581027279992,0.2448434923145251
Bulk 245,0.4613813380687323,0.11155386763551534,0.274710073553826,0.0810113923015778,0.07134332844034844
Bulk 246,0.11818895634561356,0.24384616795571232,0.0,0.26825510974491906,0.36970976595375504
Bulk 247,0.1814538748492877,0.2146655706090341,0.22741604175200078,0.21654300073621377,0.15992151205346353
Bulk 248,0.34905166073032706,0.24093003231782376,0.11526107691420406,0.027672739579138128,0.267084490458507
Bulk 249,0.7738388955352111,0.12611951542209246,0.0030714018023961726,0.08731961032975144,0.00965057691054881
Bulk 250,0.6979352483053833,0.05721480590127931,0.0,0.0,0.24484994579333733
Bulk 251,0.12447481553242841,0.279365520291123,0.03480467160694327,0.3142503318494328,0.2471046607200726
Bulk 252,0.24901490785198468,0.18890222947897226,0.10525395951145594,0.21678796378403606,0.24004093937355087
Bulk 253,0.3844399703699167,0.23296667936582421,0.08359707573409399,0.1703154311657291,0.1286808433644359
Bulk 254,0.8577826022584276,0.0,0.0,0.05227230400012786,0.08994509374144453
Bulk 255,0.278266066615661,0.21188165377223359,0.031159797748578803,0.2670249634005808,0.2116675184629458
Bulk 256,0.22388408652235606,0.16000334869350966,0.08905606331344734,0.3183451886608029,0.2087113128098841
Bulk 257,0.15602416441940836,0.2876414899712245,0.0,0.27154948364499804,0.284784861964369
Bulk 258,0.20201243797793894,0.16651552692626637,0.16796285892591387,0.20930665096431086,0.25420252520556996
Bulk 259,0.657705555056787,0.030674589926661718,0.0,0.03261729990169922,0.2790025551148521
Bulk 260,0.02231343735204954,0.12283924202447631,0.22746514627184225,0.36252534297973815,0.26485683137189375
Bulk 261,0.1567215763061051,0.17843874544117655,0.1147307332097477,0.3384594048890565,0.21164954015391407
Bulk 262,0.2337249535100354,0.19032070694287823,0.24356871484792497,0.1757394960513799,0.15664612864778138
Bulk 263,0.17874794979294534,0.13615529447465438,0.2706405654780541,0.218093585167223,0.1963626050871231
Bulk 264,0.4174416746561552,0.06579725945049783,0.06558068969304809,0.1826659320224592,0.26851444417783954
Bulk 265,0.2651884260430916,0.19164553262292638,0.07146155439065582,0.3715084492898485,0.10019603765347763
Bulk 266,0.6517256955244058,0.10145731186111154,0.0,0.030575532629571446,0.2162414599849112
Bulk 267,0.5247985013681146,0.0,0.04388817746784419,0.2793659383920845,0.15194738277195677
Bulk 268,0.7376430886675047,0.0,0.0,0.18175578299082185,0.0806011283416735
Bulk 269,0.2055347597706623,0.1640750167827626,0.24716765871586802,0.22285702530485832,0.16036553942584877
Bulk 270,0.5659961410397665,0.1510668296514337,0.0,0.02609060824183716,0.25684642106696254
Bulk 271,0.12719370839008112,0.16775768579954917,0.12210619560604011,0.35535650236604166,0.22758590783828805
Bulk 272,0.29589253370262675,0.14539858962377664,0.10765115500835691,0.2586710946931446,0.1923866269720953
Bulk 273,0.4703683211202352,0.17531945009800073,0.02051281193004057,0.043466149387460476,0.290333267464263
Bulk 274,0.626690357321114,0.0,0.0,0.24568297151040938,0.1276266711684766
Bulk 275,0.14667009570644612,0.01478623408824281,0.1580253968574422,0.5439451148020802,0.13657315854578866
Bulk 276,0.42670153881468975,0.1710669173713741,0.0,0.08357499051413,0.31865655329980624
Bulk 277,0.8830082611806471,0.0,0.0,0.0,0.1169917388193529
Bulk 278,0.3591209348187714,0.23516319030587712,0.018221912511344113,0.1846486655269097,0.20284529683709773
Bulk 279,0.12832475135738564,0.1912652771993794,0.09986324998680023,0.3655451815998134,0.21500153985662138
Bulk 280,0.20167851760806552,0.15565217230247383,0.24565552076015762,0.3266508270135565,0.07036296231574662
Bulk 281,0.8319140241488785,0.05905580696903429,0.0,0.07782126897381621,0.031208899908271033
Bulk 282,0.5461241671040488,0.07440185744264707,0.0,0.24436474605787817,0.135109229395426
Bulk 283,0.6779678243926829,0.05445670967627162,0.0,0.0,0.2675754659310454
Bulk 284,0.8738463278696498,0.003404794650187344,0.0,0.0,0.12274887748016287
Bulk 285,0.33598547222410324,0.06918130838132777,0.09760187013146257,0.29872903013748725,0.1985023191256191
Bulk 286,0.09592610005776636,0.21917349420775922,0.19745700394167073,0.27173233454698115,0.2157110672458226
Bulk 287,0.04692582067986979,0.24222448736917607,0.04214879842994148,0.35019641180366534,0.3185044817173473
Bulk 288,0.2674042303178371,0.19085410917738874,0.0,0.29737837495630964,0.24436328554846445
Bulk 289,0.5636347926063334,0.14703224287365083,0.03507332563843645,0.023823022990474344,0.23043661589110503
Bulk 290,0.2436454133840253,0.24665979888099798,0.01502015511676305,0.2418108327713906,0.2528637998468231
Bulk 291,0.5223413776315616,0.13173208154152555,0.0,0.0,0.3459265408269129
Bulk 292,0.2143187976727175,0.23161901593261897,0.07816621343425992,0.20980912742005509,0.26608684554034856
Bulk 293,0.4416935432880579,0.0,0.1506856634865311,0.1611104177224624,0.24651037550294866
Bulk 294,0.4709486091981252,0.17908342493854826,0.0,0.002699090305913645,0.3472688755574129
Bulk 295,0.6121852794179568,0.12973398086234175,0.08934984574337357,0.024777832175741192,0.14395306180058687
Bulk 296,0.5675227076854211,0.1782584425714827,0.0,0.0,0.2542188497430961
Bulk 297,0.47898946813834026,0.10456681902212796,0.22312814101752074,0.0,0.19331557182201112
Bulk 298,0.3432247475731891,0.20588607786810584,0.0935280633914963,0.15382230398487126,0.20353880718233747
Bulk 299,0.43688581086040984,0.16696595650918106,0.08670574960125613,0.014346637147958653,0.2950958458811943
Bulk 300,0.3074301346344234,0.0796773567307842,0.11558400668594099,0.32376286487720307,0.17354563707164838
Bulk 301,0.05646542163688333,0.23756675931557983,0.0,0.20453870522435597,0.5014291138231808
Bulk 302,0.11647674497788574,0.23594582271670345,0.07436753902786548,0.2891958129505959,0.28401408032694947
Bulk 303,0.29221738869799,0.20468320507295942,0.03703898991617109,0.2064016336607885,0.25965878265209097
Bulk 304,0.24452151350855592,0.28584757829489793,0.0,0.15139737077182047,0.31823353742472577
Bulk 305,0.47434356367799513,0.2024687819852093,0.0,0.02830476334828957,0.29488289098850595
Bulk 306,0.6379069952831968,0.1687149429903765,0.0,0.007196303751039822,0.18618175797538677
Bulk 307,0.4145272804765231,0.16395324861445382,0.0,0.15976616928912626,0.26175330161989674
Bulk 308,0.3488599306658989,0.2064403945725362,0.04226878219385602,0.1920944912127577,0.21033640135495113
Bulk 309,0.5191322924848245,0.07726665571679772,0.037761314018101254,0.008662672657245752,0.3571770651230308
Bulk 310,0.34406122085182544,0.24197134846094304,0.019675532039093793,0.17125640811436685,0.22303549053377097
Bulk 311,0.2521918727343794,0.27103928174098424,0.10936163774538628,0.10328390732043134,0.2641233004588187
Bulk 312,0.46702605937113995,0.21320673481851343,0.0863662307390058,0.0,0.23340097507134083
Bulk 313,0.38437989844760295,0.14371086238970757,0.05468601388264761,0.15224923135422527,0.26497399392581644
Bulk 314,0.8625940113325884,0.03326390489381368,0.0,0.0,0.104142083773598
Bulk 315,0.46127972783716203,0.11400547867408749,0.13958565329221154,0.0013406333338274277,0.28378850686271173
Bulk 316,0.23638390350450542,0.2604199797727232,0.0,0.2893933386813321,0.2138027780414393
Bulk 317,0.31009838797616146,0.002087782744683961,0.3275440371169521,0.2908714289192094,0.06939836324299306
Bulk 318,0.443041616679085,0.16520929438766163,0.0,0.13637216314215775,0.25537692579109555
Bulk 319,0.33046203526751405,0.19796195947466771,0.0,0.2177266697526723,0.25384933550514605
Bulk 320,0.32601401057557244,0.20434951316005648,0.09062656668570537,0.11430221941368358,0.2647076901649822
Bulk 321,0.5026844869398199,0.11695894740344985,0.0,0.08903749835078464,0.2913190673059456
Bulk 322,0.24718836572610506,0.1859940930152242,0.0,0.35862446975739914,0.20819307150127137
Bulk 323,0.5357877548917892,0.10750584974422293,0.18510994538184367,0.0,0.17159644998214427
Bulk 324,0.6180525330237151,0.08724109740405953,0.0238636679936507,0.0,0.27084270157857454
Bulk 325,0.32790544354809686,0.22667469563601728,0.30789452417214147,0.0,0.13752533664374453
Bulk 326,0.07965233633988697,0.26043315663462097,0.2788153628903249,0.14585536408053912,0.23524378005462804
Bulk 327,0.31206291182152646,0.21735180294901255,0.08168554812430366,0.11518042887500261,0.2737193082301548
Bulk 328,0.4936787475318445,0.16489904558223636,0.0,0.15875342782411106,0.18266877906180823
Bulk 329,0.3846712380699194,0.09901684053565844,0.23610984869383542,0.12432026373088234,0.1558818089697045
Bulk 330,0.5271447976854545,0.12968507113478034,0.0,0.2169629239408978,0.1262072072388674
Bulk 331,0.3469303738478218,0.06330292980409231,0.1494919002117373,0.17032321756605043,0.26995157857029806
Bulk 332,0.1688654356108536,0.2850196244133908,0.0,0.16494398798846596,0.38117095198728973
Bulk 333,0.6911155599276364,0.11099319912863274,0.0,0.08559864884616393,0.11229259209756687
Bulk 334,0.0,0.14220763783142246,0.031957132170240495,0.5577416538208515,0.2680935761774855
Bulk 335,0.27828456810521135,0.19550995969643437,0.08591000040159115,0.08879742021948696,0.35149805157727615
Bulk 336,0.41679367465785555,0.2249999743301,0.0,0.13219317611767253,0.22601317489437195
Bulk 337,0.18000252342152856,0.0,0.25056829045105894,0.5572802641531401,0.01214892197427229
Bulk 338,0.24975026718655,0.16057797410674787,0.0,0.3695267949909188,0.22014496371578346
Bulk 339,0.7650265337197552,0.03491026335076738,0.0,0.06960303052387368,0.13046017240560398
Bulk 340,0.18696664144198252,0.17804760663604738,0.0472667379640406,0.417141759831098,0.17057725412683145
Bulk 341,0.1622053028463072,0.13423952248685853,0.2021076213334019,0.33627688364952446,0.1651706696839078
Bulk 342,0.05444783779458484,0.19120283044037792,0.05380924773688657,0.43494489959154325,0.26559518443660735
Bulk 343,0.15970887903237485,0.2561764121831292,0.036603936513222496,0.2472576151018987,0.3002531571693747
Bulk 344,0.5422364928192458,0.10448651564989057,0.1087940434090348,0.04857757879298442,0.19590536932884448
Bulk 345,0.7220034710258605,0.15262339628721616,0.0,0.0029050729520768057,0.12246805973484662
Bulk 346,0.28241651329867873,0.20888397924872398,0.07443740300509519,0.23458213208275328,0.19967997236474894
Bulk 347,0.3259900861830416,0.215208574422818,0.0,0.2949722754753248,0.16382906391881574
Bulk 348,0.47340423877257265,0.10168866203033394,0.0,0.10968556087019544,0.315221538326898
Bulk 349,0.3103069661048812,0.23192099768655433,0.0,0.16286644841327508,0.29490558779528936
Bulk 350,0.4199539595116117,0.0,0.0,0.0,0.5800460404883881
Bulk 351,0.7492586485599438,0.0,0.21598698415204348,0.0,0.03475436728801273
Bulk 352,0.042768408596269895,0.20765454294251812,0.08346565799682684,0.4204476672138635,0.2456637232505216
Bulk 353,0.36182547921848884,0.23781656508179908,0.0,0.12899190746583603,0.27136604823387594
Bulk 354,0.6093586474410525,0.1289418414485594,0.0,0.06528399361844037,0.19641551749194772
Bulk 355,0.32441806568156384,0.07322840127495367,0.02881738439432071,0.2468256111717382,0.3267105374774237
Bulk 356,0.32108391821802096,0.1249575739657575,0.08622622558041357,0.3193113137567436,0.14842096847906436
Bulk 357,0.6442164649047938,0.18837984334605257,0.009651038079949673,0.0,0.15775265366920385
Bulk 358,0.5990575306913885,0.02396020564549333,0.0,0.24797287910766996,0.12900938455544828
Bulk 359,0.0,0.18457705128593493,0.1559814867976838,0.4260477966685468,0.23339366524783445
Bulk 360,0.5632311373808657,0.1382372393065128,0.0,0.02267388830841345,0.2758577350042081
Bulk 361,0.638962897202409,0.13831158423987114,0.0,0.0,0.22272551855771996
Bulk 362,0.4780583272742401,0.11470679148467094,0.0,0.3812551644886306,0.025979716752458464
Bulk 363,0.12994614338848567,0.17595349859862883,0.18049001331739456,0.3167116631949753,0.19689868150051548
Bulk 364,0.2179440627676243,0.15691879821162968,0.0609417259557497,0.2577218949054104,0.306473518159586
Bulk 365,0.29019547417264835,0.18662650609164672,0.0,0.25785763420673197,0.2653203855289729
Bulk 366,0.7342041792267118,0.0,0.09242384964400115,0.1709019273095443,0.0024700438197427354
Bulk 367,0.43918410762366356,0.20708245710185685,0.0,0.10101251842674905,0.25272091684773057
Bulk 368,0.1531333082069392,0.30670268598548733,0.00014173923941939286,0.05709809135170532,0.48292417521644865
Bulk 369,0.32386437649888994,0.20253876887758027,0.0,0.193232760328445,0.28036409429508496
Bulk 370,0.6656083635833114,0.06283139537015976,0.0,0.0,0.27156024104652876
Bulk 371,0.44734826954895857,0.14247895407465078,0.23171587204399105,0.07694213801711301,0.1015147663152866
Bulk 372,0.09111947495381803,0.25021460063012135,0.0,0.2508038808656742,0.4078620435503864
Bulk 373,0.10943978280047331,0.11354737306317692,0.08190812580711485,0.3587682089576329,0.3363365093716019
Bulk 374,0.35353480711073654,0.21294704227427436,0.04147008907244887,0.21889496645738646,0.17315309508515392
Bulk 375,0.26696447867244233,0.2183774704916761,0.00550876818425804,0.11396628562364695,0.39518299702797643
Bulk 376,0.7569637947023541,0.00931195118806185,0.0,0.02156997291151185,0.21215428119807217
Bulk 377,0.20684374939186573,0.2675360057763093,0.0,0.2633293177124534,0.2622909271193716
Bulk 378,0.11573807347261365,0.2978884360406937,0.0,0.20944342068966676,0.3769300697970259
Bulk 379,0.2836854770358217,0.20166828468784717,0.0,0.10391904003239742,0.4107271982439336
Bulk 380,0.21661714704448412,0.1595918839000182,0.19919003316584924,0.2960381855458001,0.12856275034384843
Bulk 381,0.5547026181991161,0.10977901641172166,0.0,0.0,0.33551836538916224
Bulk 382,0.2817114604135808,0.21294406415452166,0.11263268653438357,0.08416112506440795,0.3085506638331061
Bulk 383,0.041869917399280844,0.24196848195617424,0.20489692254918618,0.2464831379616816,0.2647815401336772
Bulk 384,0.10465280964253688,0.2859319294765082,0.05944364862003771,0.19301314886846457,0.35695846339245263
Bulk 385,0.1824376060590605,0.23369542567780904,0.02386723449747755,0.27269944533601304,0.2873002884296398
Bulk 386,0.5892393222415923,0.0,0.287843866204314,0.0,0.12291681155409363
Bulk 387,0.5289585935942986,0.11586933312437649,0.0,0.07814350428291653,0.27702856899840833
Bulk 388,0.45994586958750666,0.29259268867973814,0.0,0.041825583299125633,0.20563585843362944
Bulk 389,0.21490234271938705,0.2628201891122301,0.07174012868227497,0.0640671824557227,0.38647015703038523
Bulk 390,0.26375668588536566,0.16286801762037867,0.12676076771146472,0.270667324352972,0.17594720442981893
Bulk 391,0.1417868297414964,0.20300028416858493,0.09680819090570757,0.3300270332656156,0.2283776619185954
Bulk 392,0.5413091603809764,0.08438168691472994,0.0,0.2869563333550743,0.08735281934921943
Bulk 393,0.19311892476117473,0.18571493247733717,0.0,0.33292687945488214,0.28823926330660593
Bulk 394,0.29405141190050454,0.10937588909592655,0.11466596009498677,0.25307687375800836,0.22882986515057374
Bulk 395,0.5324789682992266,0.17909178645591411,0.1163700404252753,0.0,0.17205920481958398
Bulk 396,0.3804324497764033,0.16920003258678637,0.0,0.19911876914896395,0.25124874848784645
Bulk 397,0.5110127737827558,0.19426630500359848,0.008079214320415326,0.034660991967651954,0.25198071492557833
Bulk 398,0.5877188694383831,0.10866564279843749,0.0,0.245887124767871,0.05772836299530825
Bulk 399,0.46797389626866315,0.1232234986728416,0.0883299821118744,0.10754201117162851,0.21293061177499215
Bulk 400,0.2740369324987278,0.17086450705968315,0.14961892326339096,0.269663849389315,0.1358157877888832
Bulk 401,0.2637116048752437,0.26924991438863344,0.0,0.13660469035411613,0.33043379038200676
Bulk 402,0.28515964539411665,0.15069222090473217,0.0,0.14201319619370867,0.4221349375074425
Bulk 403,0.19470817819332578,0.2431793225578094,0.09843872094945429,0.23904268739178308,0.22463109090762756
