,Ast,End,Mic,Neu,Oli
Bulk 0,0.14419921871457037,0.31332947340042044,0.053191521478916544,0.2088789742674596,0.28040081213863305
Bulk 1,0.40083121444582154,0.07455645586826379,0.005243905603630566,0.3574334558766482,0.16193496820563597
Bulk 2,0.14819986797006715,0.20722792234193502,0.04230058461104077,0.4020460400606604,0.20022558501629667
Bulk 3,0.0,0.25621206418757153,0.12703589834461199,0.3029833554899862,0.3137686819778303
Bulk 4,0.35062550535015263,0.2237335504520148,0.027186956368635242,0.17562634114184061,0.2228276466873566
Bulk 5,0.12258174627567717,0.16007643787091072,0.02990534809681637,0.472658632545327,0.21477783521126878
Bulk 6,0.7474195377649898,0.03876766381510306,0.0,0.049803257094036504,0.1640095413258705
Bulk 7,0.43883071365514364,0.13396062868612488,0.001767440757035444,0.2520656758477751,0.17337554105392075
Bulk 8,0.18098385394123312,0.0729337193700904,0.13776237645733777,0.3860573376692902,0.22226271256204846
Bulk 9,0.4422662122567808,0.17689462063667316,0.0,0.06081123861677719,0.32002792848976885
Bulk 10,0.42726658695462466,0.0,0.1119693399275874,0.46076407311778794,0.0
Bulk 11,0.3354753652651831,0.127824495470872,0.07185776924000428,0.2029011359328682,0.26194123409107223
Bulk 12,0.08617920231672753,0.16343940971129245,0.20092633840954371,0.2861419373842799,0.26331311217815645
Bulk 13,0.1848521005589821,0.19759715441414108,0.023046487185738818,0.39833616796666393,0.1961680898744741
Bulk 14,0.3660319206320457,0.09211870073785582,0.3113115185205304,0.1998552175249794,0.030682642584588714
Bulk 15,0.37520163679585766,0.13905530096786867,0.0,0.289654864851662,0.1960881973846117
Bulk 16,0.6441819212354266,0.005102146690690378,0.0,0.2282373454987413,0.12247858657514182
Bulk 17,0.5769114139277846,0.11427413525063618,0.041854481349324874,0.07335698220793826,0.19360298726431616
Bulk 18,0.42621337065255266,0.11562250753916153,0.07758143235599471,0.22314813197336886,0.15743455747892218
Bulk 19,0.06788717550617157,0.23126472927164674,0.180312839275175,0.33147034444780915,0.18906491149919744
Bulk 20,0.0,0.2566576190870049,0.07851408782993592,0.3642574182662651,0.3005708748167941
Bulk 21,0.24807141709921235,0.17179114625824107,0.032763142621120254,0.3642642343952013,0.1831100596262251
Bulk 22,0.18281185127026997,0.0,0.1304551197381238,0.6867330289916062,0.0
Bulk 23,0.1456427591553763,0.17603549775599664,0.1202153956509127,0.354597678884639,0.20350866855307537
Bulk 24,0.3151132325525758,0.13295602888918395,0.0,0.20058505414166303,0.3513456844165773
Bulk 25,0.1577924288620777,0.2055043382289978,0.0,0.32070604455920343,0.31599718834972096
Bulk 26,0.08639232450993829,0.24807264777957855,0.0,0.31430650601622157,0.3512285216942616
Bulk 27,0.20949459294242803,0.21222426190693996,0.0,0.3440674187610301,0.23421372638960192
Bulk 28,0.3350736193976749,0.07638261325787786,0.09209118828897768,0.34316526379216505,0.1532873152633044
Bulk 29,0.43937177569848596,0.20438956235598063,0.0,0.04533526729835088,0.3109033946471825
Bulk 30,0.25402396402335703,0.20132688248786593,0.07463840231064223,0.28120763891290723,0.18880311226522747
Bulk 31,0.6609123537043856,0.0448627141128232,0.0,0.09990110084348823,0.19432383133930295
Bulk 32,0.07097479539286622,0.24580115787653134,0.13214603024765895,0.25024570572373894,0.3008323107592046
Bulk 33,0.07588048536502057,0.11969241031644272,0.18485631777415168,0.48939303527617734,0.13017775126820771
Bulk 34,0.3866513280267281,0.15948818240125834,0.009847806285055,0.18532295380454145,0.258689729482417
Bulk 35,0.3860219846938382,0.1833396231944419,0.12827871102959698,0.20106159111460642,0.10129808996751638
Bulk 36,0.20017807026753456,0.2345661423882181,0.05752847631184341,0.22089480607041928,0.2868325049619846
Bulk 37,0.17040974452951915,0.15052774740444222,0.22519180688464785,0.25062110379663854,0.20324959738475235
Bulk 38,0.34870900180687114,0.1721964354484606,0.0,0.27798068644382434,0.20111387630084399
Bulk 39,0.11335212306264505,0.18067309715089985,0.05345392879533667,0.39055318809613093,0.2619676628949875
Bulk 40,0.2053555295290197,0.2137962801585026,0.0019941894527983907,0.36205883335461375,0.2167951675050655
Bulk 41,0.6039580248013559,0.11382120234652919,0.026607571431723823,0.053847721206698056,0.20176548021369312
Bulk 42,0.1795123885395407,0.24398715879424754,0.04960461634868727,0.2180401583203814,0.3088556779971429
Bulk 43,0.16055577706634933,0.07979022695945057,0.06649547902606293,0.4772667391760517,0.21589177777208549
Bulk 44,0.07138989410269218,0.2066143000161564,0.12804232465861118,0.3408592826315899,0.2530941985909503
Bulk 45,0.7978471673073939,0.0,0.0,0.03963248130078295,0.162520351391823
Bulk 46,0.4060523604378416,0.11158320220856462,0.18190432750830776,0.18734399810172025,0.1131161117435657
Bulk 47,0.34150058997925553,0.16626009060222435,0.0,0.08075988249567861,0.41147943692284145
Bulk 48,0.3587039977996908,0.05943389406624835,0.2892961240419981,0.252963953944775,0.039602030147287734
Bulk 49,0.0361378830677264,0.17458391049804364,0.006966181026971095,0.512020560087594,0.2702914653196648
Bulk 50,0.5287215147653429,0.019381654905427804,0.0,0.3141686318384378,0.13772819849079151
Bulk 51,0.3989992743443864,0.1444716093965872,0.0,0.28807933989144235,0.1684497763675839
Bulk 52,0.27943890334574306,0.1793387385183892,0.028027642470441268,0.24121990730861528,0.27197480835681126
Bulk 53,0.1882691499202383,0.19218143822219638,0.08192210669188242,0.3921991577411674,0.14542814742451557
Bulk 54,0.24075714012881105,0.19112704407538464,0.0,0.28906608505089865,0.2790497307449057
Bulk 55,0.34613325848624693,0.09684081031159605,0.02150493536023113,0.3513483571212938,0.18417263872063208
Bulk 56,0.4066747178875538,0.12708298157110356,0.08027902246157187,0.26827700778436003,0.11768627029541058
Bulk 57,0.727776118479953,0.071896413038167,0.0,0.0,0.20032746848187993
Bulk 58,0.32933818292351724,0.12815350433061867,0.2019319833730285,0.16787624682316019,0.17270008254967537
Bulk 59,0.49584127581609405,0.07495234774976933,0.0,0.2433959549106873,0.1858104215234494
Bulk 60,0.1218678098165293,0.18537673685580178,0.04706132411946505,0.4577573023016827,0.18793682690652103
Bulk 61,0.3174526415098819,0.20789100579198222,0.04579701469740604,0.20940607261198468,0.21945326538874524
Bulk 62,0.14140276226517046,0.24653367081586866,0.0,0.30984385495386463,0.3022197119650962
Bulk 63,0.4453872714375484,0.10110691192688834,0.007947160802697414,0.25482218920865096,0.1907364666242148
Bulk 64,0.320845876236445,0.08538692212413597,0.14978181028021229,0.3100080770375745,0.13397731432163237
Bulk 65,0.3716881375978939,0.21234466854604478,0.0,0.20897613761770825,0.206991056238353
Bulk 66,0.27947957813237795,0.1288329751617255,0.11721291038968713,0.24742302718018097,0.22705150913602845
Bulk 67,0.32900615616299267,0.11779345617015322,0.03831382153519471,0.17833864427553378,0.3365479218561258
Bulk 68,0.6010620015937574,0.0,0.0,0.38703103602319977,0.0119069623830427
Bulk 69,0.19320590408686922,0.09076430866226728,0.0873710361852979,0.3944846809341577,0.23417407013140795
Bulk 70,0.01837005767585142,0.18143579171904847,0.057614228767517754,0.4013375099660908,0.3412424118714916
Bulk 71,0.24103702573955613,0.14866781981177904,0.027259336393959867,0.3138084570870829,0.26922736096762223
Bulk 72,0.21373653428544712,0.08529470379275558,0.06694619063692771,0.5043895140796443,0.1296330572052253
Bulk 73,0.12456938434495299,0.1450579920664938,0.058400055351850985,0.39969729456775294,0.2722752736689493
Bulk 74,0.2196945160318098,0.23922468255709373,0.013264051371329336,0.19468449974569843,0.33313225029406873
Bulk 75,0.7709158077600051,0.018269721311160888,0.0,0.07625160932556475,0.13456286160326922
Bulk 76,0.02435327790334108,0.2790120020156639,0.026083402195891378,0.39557942247422384,0.27497189541087985
Bulk 77,0.6024007064093734,0.07707496366151621,0.0,0.10578700678743658,0.21473732314167382
Bulk 78,0.5021493655710529,0.10653900004948616,0.01910840369955305,0.18761021425462088,0.184593016425287
Bulk 79,0.5723787903123193,0.0,0.0,0.3759240492907957,0.05169716039688509
Bulk 80,0.5004561294203043,0.1245734071262261,0.0,0.1389684346646948,0.2360020287887749
Bulk 81,0.1848667799539757,0.19845460242141866,0.04471842206097278,0.2859176930856242,0.2860425024780088
Bulk 82,0.8475698195088951,0.0,0.0,0.0,0.15243018049110485
Bulk 83,0.3414492608092571,0.17403527698386972,0.0,0.2790933640187018,0.20542209818817142
Bulk 84,0.17682836088607343,0.09065944098033396,0.144464597982449,0.5308836191652115,0.05716398098593211
Bulk 85,0.12537971295331607,0.24548117826607813,0.0,0.37080064708058796,0.2583384617000179
Bulk 86,0.05336735063549365,0.16913031070213985,0.05065465822608536,0.3875736639675748,0.33927401646870614
Bulk 87,0.5631695801946289,0.09895429514053343,0.0,0.14390184912267476,0.19397427554216276
Bulk 88,0.2725262315794609,0.0,0.06972516437098716,0.5828711066051614,0.07487749744439048
Bulk 89,0.6821930168990609,0.0,0.0,0.1552727851016557,0.16253419799928348
Bulk 90,0.24185200005867968,0.18822157850562415,0.15081769585605914,0.23247488152309911,0.18663384405653796
Bulk 91,0.470897550387788,0.11295169270693083,0.0,0.2414308940703935,0.1747198628348878
Bulk 92,0.1519587493560183,0.18738602847748909,0.17743396005302886,0.21840081846460865,0.2648204436488551
Bulk 93,0.08783213873760717,0.1996196490928166,0.11405548595611599,0.37470759665351266,0.2237851295599477
Bulk 94,0.23531667935093586,0.10312845816269423,0.07513965738875245,0.3157991026918716,0.2706161024057459
Bulk 95,0.06436863435172514,0.21358057887328238,0.0883407915890169,0.40807775479823105,0.2256322403877445
Bulk 96,0.6571338503438031,0.0691340647108317,0.0,0.014238424512175496,0.25949366043318955
Bulk 97,0.5019654488976336,0.05579144634166831,0.0,0.20763827065262763,0.23460483410807048
Bulk 98,0.2703004161698979,0.06709583404668316,0.27869103327962486,0.25660679957364546,0.12730591693014867
Bulk 99,0.3217970941262547,0.08029102481405916,0.0,0.3298149117370282,0.26809696932265786
Bulk 100,0.09406868877386473,0.1094421681474827,0.20262737063240197,0.3258257570822999,0.2680360153639507
Bulk 101,0.5050144730908167,0.06401758969345657,0.0,0.3386596728197391,0.09230826439598762
Bulk 102,0.0327788623446808,0.16989040380023318,0.14415187109010405,0.42441893455735746,0.22875992820762456
Bulk 103,0.0469415520844619,0.07410517785619526,0.14580681531178,0.5363587515549711,0.19678770319259176
Bulk 104,0.30669637510821585,0.04103367425288203,0.1823157779833126,0.39464561419085403,0.0753085584647354
Bulk 105,0.24453306983191372,0.13307369390658627,0.25356663130075446,0.28364713967629496,0.0851794652844506
Bulk 106,0.299215676145621,0.2385765696551983,0.0,0.16899241736288378,0.293215336836297
Bulk 107,0.39492957437976367,0.09015139623816837,0.0,0.23246382999181692,0.28245519939025104
Bulk 108,0.1510830703305856,0.19235039985124905,0.06657896643704132,0.2509642323219932,0.33902333105913085
Bulk 109,0.3520972541912367,0.15162206894686328,0.08164760085163403,0.1720106298864244,0.2426224461238416
Bulk 110,0.6766691930879568,0.0003949857814501296,0.26729154274694383,0.05564427838364913,0.0
Bulk 111,0.7042282904556143,0.09716993858855598,0.0,0.0922435364753291,0.10635823448050066
Bulk 112,0.22420578505079017,0.11584178397570108,0.18987341696217108,0.27772491450291537,0.19235409950842233
Bulk 113,0.44465832867543864,0.15170616222222977,0.05933685067452938,0.20481519916043617,0.13948345926736613
Bulk 114,0.17131515499527591,0.21845288521009185,0.1605278866548998,0.334647226272384,0.11505684686734846
Bulk 115,0.44905148143926976,0.131561830089353,0.162429288720818,0.0,0.25695739975055937
Bulk 116,0.3694257817314494,0.13170499443447442,0.07885196558250515,0.23186398652228876,0.18815327172928223
Bulk 117,0.06479622179846511,0.2526354480491771,0.07247751587496289,0.3257809300232089,0.284309884254186
Bulk 118,0.25258620512345425,0.18896344677823296,0.06311324324596,0.2241686418438096,0.2711684630085433
Bulk 119,0.5133873398831604,0.0,0.0,0.39774797016580193,0.08886468995103748
Bulk 120,0.7990598687057617,0.0,0.0,0.08902199782446295,0.11191813346977525
Bulk 121,0.24065206224100044,0.24060512440973084,0.0,0.26521413668871946,0.2535286766605493
Bulk 122,0.8373534929464704,0.020877258974973268,0.0,0.14064348049237357,0.0011257675861826332
Bulk 123,0.42876533280923274,0.030860559910471548,0.08696840246389463,0.2472730694874566,0.20613263532894469
Bulk 124,0.33001066703784154,0.1381927163220049,0.05490975539715533,0.2791795957688708,0.19770726547412748
Bulk 125,0.4772477582233081,0.1553445313382414,0.0,0.14283824084123384,0.22456946959721663
Bulk 126,0.0739914485461255,0.1405345083012921,0.09177203253078277,0.4630076381094191,0.2306943725123806
Bulk 127,0.18181014576351007,0.12281531389403591,0.012929947211547417,0.3506795488853487,0.3317650442455579
Bulk 128,0.12926907462700218,0.24151464953500532,0.05916366912188089,0.177146717803147,0.3929058889129646
Bulk 129,0.4817684597854249,0.10940490670170099,0.0,0.1780376292051443,0.23078900430772997
Bulk 130,0.4023260857070035,0.19331745747435944,0.0,0.1397340005201474,0.2646224562984896
Bulk 131,0.5035106923694692,0.12186831840934664,0.0,0.1298039110573401,0.24481707816384402
Bulk 132,0.5627911468453726,0.10168866434641116,0.102031593414588,0.0,0.23348859539362815
Bulk 133,0.6395449558001367,0.051519054642839,0.06448467279590835,0.12310637212220808,0.12134494463890791
Bulk 134,0.33031466037847257,0.09881227182409222,0.2801949237539186,0.20395048181212794,0.08672766223138874
Bulk 135,0.0629879520252614,0.22515327339625715,0.20449352010803176,0.3020253753984172,0.20533987907203258
Bulk 136,0.4640335207035943,0.17368577946730868,0.0,0.11806717245268339,0.24421352737641366
Bulk 137,0.3591147334165511,0.13393192838346432,0.021938135872161875,0.23131720127363437,0.2536980010541883
Bulk 138,0.609453392951614,0.0,0.0,0.207392534547453,0.1831540725009329
Bulk 139,0.3062115764540096,0.10111184279876154,0.2883714221374499,0.14062125920507274,0.1636838994047063
Bulk 140,0.33656207069787,0.139713392618997,0.0,0.2674695609613252,0.2562549757218079
Bulk 141,0.22449016442598768,0.10065166908046361,0.0,0.39724135241571473,0.27761681407783406
Bulk 142,0.8649707620260897,0.0,0.0,0.0,0.1350292379739103
Bulk 143,0.7422275866506606,0.04381806548410708,0.0,0.0,0.2139543478652323
Bulk 144,0.41481752915786413,0.08173764355525005,0.09333668882304098,0.21191308817391558,0.19819505028992937
Bulk 145,0.7267375690392074,0.010500356242721715,0.0,0.09614516288111213,0.16661691183695887
Bulk 146,0.20023744039874886,0.1627313823607267,0.03684669795788268,0.33528472079268634,0.2648997584899554
Bulk 147,0.5686046581225167,0.0,0.0,0.4233232239082085,0.00807211796927488
Bulk 148,0.33925514877617186,0.04186162574597941,0.2719821179333209,0.3111686235915047,0.03573248395302316
Bulk 149,0.21499974683598969,0.045008225381540354,0.00034083848646628977,0.5805063203013332,0.15914486899467056
Bulk 150,0.2396038131409932,0.0,0.053157550338796135,0.44745723596197406,0.2597814005582367
Bulk 151,0.510810141909682,0.11974770227264983,0.0,0.20617677990171218,0.16326537591595608
Bulk 152,0.4951523305964514,0.16432406918281697,0.021830289425798604,0.16377186396192636,0.15492144683300665
Bulk 153,0.4912984945413147,0.0,0.0,0.3860592952513076,0.12264221020737782
Bulk 154,0.5722636624735659,0.05469628485763563,0.0,0.2650115341654757,0.10802851850332283
Bulk 155,0.4603772602613156,0.0,0.0,0.3889414393397831,0.1506813003989013
Bulk 156,0.7752457187097532,0.0,0.06319246196201336,0.0,0.16156181932823344
Bulk 157,0.22147952192214626,0.19760341440429552,0.04727513109867802,0.24092970985724402,0.2927122227176362
Bulk 158,0.8371993732965918,0.0,0.0,0.16280062670340817,0.0
Bulk 159,0.3733571690604191,0.14804014782507316,0.0,0.3622900741732733,0.1163126089412344
Bulk 160,0.34195671726179694,0.2295883378210383,0.1483179898690844,0.07124994648497208,0.20888700856310838
Bulk 161,0.19273055016721619,0.21147519953343308,0.084962415917568,0.3259841555147399,0.1848476788670429
Bulk 162,0.5702346531321002,0.02334341301142248,0.0,0.27008682350752217,0.1363351103489552
Bulk 163,0.4633238107559008,0.11065305197499539,0.04925822389057758,0.2185145471323332,0.15825036624619299
Bulk 164,0.2451023935683702,0.10747588420151258,0.14353839555168788,0.22491846660663237,0.27896486007179694
Bulk 165,0.18401908989190102,0.20768093051932404,0.048760482083309575,0.25792804884680054,0.30161144865866485
Bulk 166,0.6923127779859284,0.04819986460007581,0.0,0.07287729761781063,0.18661005979618514
Bulk 167,0.4623300876022084,0.059898059484535936,0.0,0.31386403716200245,0.16390781575125313
Bulk 168,0.196008042337544,0.2172270811850566,0.07969267035854914,0.34296121892257836,0.164110987196272
Bulk 169,0.4514364535860809,0.04166024494288138,0.1338640978987875,0.13210670126693455,0.24093250230531565
Bulk 170,0.07762513448961658,0.19709497152910013,0.28233563658285715,0.1254058680290582,0.31753838936936785
Bulk 171,0.07952446728850879,0.0,0.2059570981279836,0.6129575321416543,0.10156090244185342
Bulk 172,0.3431365963006191,0.04145124955313312,0.079464477624299,0.36663532606111804,0.16931235046083074
Bulk 173,0.31513035073604617,0.15764265508442568,0.14622347092426174,0.09781650916052902,0.28318701409473734
Bulk 174,0.5257952343779394,0.10046732924024625,0.04311897890474052,0.17674283753040426,0.1538756199466696
Bulk 175,0.6194139533268938,0.04622802760869744,0.07103252960056555,0.038670131679667395,0.22465535778417592
Bulk 176,0.1076804963309313,0.17735193621797754,0.10711039582868366,0.44239183693365347,0.16546533468875405
Bulk 177,0.035697562810231676,0.1334671838445943,0.25625792986113066,0.44397403622319714,0.13060328726084608
Bulk 178,0.22215592130913148,0.1791374125504619,0.04686546031519444,0.18428642824196176,0.3675547775832504
Bulk 179,0.29676350686381947,0.15890054249221916,0.0,0.24339422412603723,0.3009417265179242
Bulk 180,0.24737177787629538,0.1904764922030133,0.08699769151518498,0.3185840175118872,0.15657002089361907
Bulk 181,0.18571549248568983,0.14094371499575176,0.23680831130308727,0.2226047909547827,0.2139276902606885
Bulk 182,0.12768818802042278,0.17320854985894968,0.03138227273821947,0.45465611788078736,0.21306487150162065
Bulk 183,0.3263045611078153,0.23076391697436094,0.0,0.16515184208912892,0.2777796798286949
Bulk 184,0.4998397903093673,0.0,0.04906517918002921,0.45109503051060357,0.0
Bulk 185,0.4528628675331955,0.0,0.03241215954503365,0.42075811408854064,0.09396685883323024
Bulk 186,0.14996959359875278,0.14278109566887007,0.3100583910901399,0.27607255242612794,0.12111836721610943
Bulk 187,0.4584056085315348,0.17101101134000188,0.0,0.12719782489720216,0.24338555523126118
Bulk 188,0.19576670664540113,0.2595985389570764,0.13448182058581698,0.22859316777924468,0.18155976603246074
Bulk 189,0.44582134884768715,0.11370415424149982,0.08255799518029362,0.22615711659579343,0.13175938513472604
Bulk 190,0.4234535010676543,0.2205941489804417,0.05965130276529121,0.08418700469733188,0.21211404248928098
Bulk 191,0.5449912611894905,0.1709007193318469,0.0,0.11515989207378977,0.16894812740487308
Bulk 192,0.48137154152166167,0.14985652692408544,0.0,0.18513921432532263,0.1836327172289303
Bulk 193,0.9061657087769511,0.016239593455952633,0.0,0.0,0.07759469776709622
Bulk 194,0.3949915882480758,0.10812318560358074,0.12887451098238387,0.13230118868183682,0.23570952648412277
Bulk 195,0.2798072289772119,0.23440920317780672,0.0,0.21522833293200622,0.27055523491297523
Bulk 196,0.47323520548856923,0.20064556987291837,0.0,0.012890478355916238,0.31322874628259606
Bulk 197,0.734246867531048,0.14360591027525313,0.018424938494883112,0.0,0.10372228369881568
Bulk 198,0.4486213573252997,0.1122260660096932,0.17833983448649987,0.1379895756872336,0.12282316649127369
Bulk 199,0.39241398566365315,0.07806733545835012,0.0,0.2794920386508479,0.2500266402271488
Bulk 200,0.018021345340160925,0.11930580128802626,0.20570127046546516,0.41277431623397104,0.24419726667237676
Bulk 201,0.30608091925772957,0.26661649038358726,0.0,0.09621729362005281,0.3310852967386303
Bulk 202,0.16785333118072632,0.21000732040920658,0.06946516471279361,0.31252817226982976,0.24014601142744385
Bulk 203,0.2538322750447244,0.19322776870262542,0.16262561686783827,0.1497200370309223,0.24059430235388968
Bulk 204,0.5782194050311066,0.09352157726432785,0.0,0.028507939409142705,0.2997510782954228
Bulk 205,0.3113456106550106,0.13107376183964847,0.24477258105230215,0.11899796932043567,0.19381007713260306
Bulk 206,0.7688378354317938,0.035627260969156915,0.0,0.0,0.19553490359904932
Bulk 207,0.023306303638859438,0.2281441401466902,0.20488400610264723,0.2361338301504376,0.3075317199613656
Bulk 208,0.19938566538531957,0.23274588018225814,0.004740143456713092,0.23242305030062782,0.3307052606750814
Bulk 209,0.5562149392460122,0.01248283628405258,0.042463834696382416,0.17999301462101455,0.20884537515253826
Bulk 210,0.3166282743621813,0.13793166115805844,0.012992297996119725,0.239933664139916,0.29251410234372455
Bulk 211,0.21148807772467237,0.17508808650855054,0.19679698988726405,0.2788568796608925,0.1377699662186206
Bulk 212,0.4067076633833743,0.19069548257542057,0.0,0.14207167185047423,0.26052518219073106
Bulk 213,0.2359865245719684,0.1709875815401127,0.14099232682817125,0.11869538666164933,0.33333818039809826
Bulk 214,0.28693837901169955,0.20372760919596397,0.11548962725839167,0.0845497540840657,0.30929463044987904
Bulk 215,0.41559919422253433,0.1532114207978638,0.0,0.1113760223837805,0.3198133625958214
Bulk 216,0.12827454950461234,0.2016522094092239,0.2109108754262714,0.23406898575522864,0.22509337990466377
Bulk 217,0.29513736074753333,0.2249595311583724,0.07700953221087835,0.20737297169678845,0.19552060418642747
Bulk 218,0.20649051425463746,0.09420331639291316,0.16803690691273912,0.32628244311326926,0.20498681932644092
Bulk 219,0.36679757610271724,0.17687731471254917,0.0,0.20670384963471508,0.24962125955001843
Bulk 220,0.3427592474395452,0.06306854755919876,0.20171685262766095,0.1586634117860238,0.23379194058757113
Bulk 221,0.1805583579432204,0.2824363288462101,0.0,0.24202318088550953,0.29498213232505993
Bulk 222,0.11691518062023105,0.20430795841852523,0.01985421273355217,0.2968435854277231,0.3620790627999685
Bulk 223,0.15784487023122018,0.27979237331052975,0.07306599270496308,0.22189445845645234,0.2674023052968347
Bulk 224,0.5594732213677535,0.09268062731460681,0.02705203884122347,0.07191607877506509,0.24887803370135111
Bulk 225,0.33892399478726537,0.13496567415971,0.2994834377956917,0.1190010565762718,0.10762583668106122
Bulk 226,0.3986066431428311,0.20893125436691462,0.0,0.17050812082338176,0.22195398166687244
Bulk 227,0.07585413659244906,0.17761392282386623,0.20658121659947049,0.26925287349854965,0.2706978504856645
Bulk 228,0.48180167409982466,0.08343220653591617,0.10940026767152776,0.004711998328962446,0.320653853363769
Bulk 229,0.6333622279936327,0.06978960433439242,0.055347698625613874,0.17023525224493127,0.0712652168014297
Bulk 230,0.14040883487028197,0.05246589807955822,0.13781262196074082,0.5848246763453941,0.08448796874402487
Bulk 231,0.7646431794010239,0.0,0.0,0.0,0.23535682059897609
Bulk 232,0.0,0.21932968839566838,0.059912626820675184,0.397511311388864,0.3232463733947924
Bulk 233,0.5368248074142646,0.0,0.09708136510592184,0.3660938274798134,0.0
Bulk 234,0.19637418842176696,0.1448859913319845,0.17265181089353945,0.27388886950994845,0.2121991398427606
Bulk 235,0.3931650045945276,0.059707256941113604,0.0057365049503032865,0.257080578764205,0.28431065474985046
Bulk 236,0.0,0.27633721963415964,0.08264790591365541,0.32474169336416253,0.3162731810880225
Bulk 237,0.19113189540955056,0.18495500379665253,0.1511973212916243,0.21030223137482928,0.2624135481273434
Bulk 238,0.28320763718181174,0.19136960564104577,0.0,0.20701282940820023,0.3184099277689422
Bulk 239,0.07157212762930196,0.19399169108071757,0.24247612860435905,0.28951685861203613,0.20244319407358538
Bulk 240,0.7688531682404596,0.015753112208935684,0.0,0.06375218289155975,0.15164153665904506
Bulk 241,0.18021596231835094,0.1364914992706493,0.04589410300934369,0.4344291809598834,0.20296925444177272
Bulk 242,0.7832634758283669,0.046331183975845076,0.0,0.0,0.1704053401957881
Bulk 243,0.5243462562516379,0.17534144161169968,0.0,0.1038426381497091,0.1964696639869534
Bulk 244,0.3260054038048978,0.20343745772390556,0.10845312585886273,0.047366557144657345,0.31473745546767656
Bulk 245,0.7146645485584441,0.10105633933881,0.0,0.05028585264680348,0.13399325945594254
Bulk 246,0.2768528897691254,0.17538988180977613,0.08580301995654209,0.19404014514480683,0.2679140633197494
Bulk 247,0.6057691489408543,0.10699288215784475,0.0,0.10897120284717239,0.17826676605412856
Bulk 248,0.46018832943657334,0.14870816001246992,0.0,0.10919654094490071,0.281906969606056
Bulk 249,0.8248117879748653,0.038755544428846725,0.0,0.0,0.13643266759628794
Bulk 250,0.7557673795391007,0.05383549592007215,0.042580218100839534,0.051462117263760064,0.09635478917622761
Bulk 251,0.20885956532116126,0.20398733135371314,0.043244830094395996,0.3670561777529045,0.1768520954778252
Bulk 252,0.2682716082555666,0.1597181945656258,0.1189421386915184,0.26836896020409684,0.18469909828319234
Bulk 253,0.5118049063839558,0.0,0.14121852314469294,0.2810549580380359,0.06592161243331535
Bulk 254,0.3811742282626147,0.22982091420462403,0.0,0.07123301036129044,0.31777184717147083
Bulk 255,0.3709454583721963,0.17298931954783872,0.0,0.15872222161232494,0.29734300046764023
Bulk 256,0.14928115180366944,0.2144871034101763,0.08323282405897738,0.3024790716231791,0.2505198491039978
Bulk 257,0.0768345507374499,0.330098635751782,0.004136721460313907,0.2737209705509734,0.3152091214994808
Bulk 258,0.3615883159215804,0.1859064238425825,0.005288495823412941,0.07805693879315441,0.36915982561926974
Bulk 259,0.355341985913314,0.20100662298461194,0.0,0.07778439897461038,0.3658669921274636
Bulk 260,0.0,0.2821989281960002,0.13157786786896844,0.28304011626703085,0.30318308766800056
Bulk 261,0.09684747044445075,0.2851165109695869,0.05529232889420735,0.22264934708430534,0.34009434260744975
Bulk 262,0.32215971537590005,0.21217287336885313,0.04822354775465628,0.11470311271576974,0.3027407507848206
Bulk 263,0.5619610069899436,0.09680960735992171,0.0,0.1628425296835054,0.17838685596662954
Bulk 264,0.17492928499480903,0.18483926306372228,0.01206781390779982,0.31791304049787095,0.31025059753579803
Bulk 265,0.04832877210711484,0.1957914086616433,0.15027655834118905,0.3599020314379953,0.24570122945205738
Bulk 266,0.2835952576015403,0.1914986079065924,0.005463135485609869,0.24786218939132545,0.27158080961493214
Bulk 267,0.2618756522640322,0.09724808977162705,0.12025420284865697,0.3366284295015168,0.18399362561416693
Bulk 268,0.23829669298440465,0.10390031572714094,0.2284022652467022,0.22771963857247224,0.20168108746928004
Bulk 269,0.43457217551854516,0.11685237439830605,0.0,0.19136464240472556,0.2572108076784232
Bulk 270,0.39728215989279486,0.05073006971991173,0.2220853366575575,0.19883375241772427,0.1310686813120117
Bulk 271,0.043476223697454235,0.2771327402677885,0.01745001101945149,0.329156557705384,0.3327844673099218
Bulk 272,0.32235008151078154,0.17065225482529625,0.0,0.2719636288753715,0.2350340347885507
Bulk 273,0.3341087114732582,0.23218170930819843,0.006025047118688462,0.2087277611523116,0.21895677094754326
Bulk 274,0.15255805209420345,0.25062373088226897,0.20127365738240513,0.18932209461381316,0.20622246502730926
Bulk 275,0.22718718117101697,0.09967045902482174,0.08913211993700078,0.3762538174104598,0.20775642245670067
Bulk 276,0.3006588855372966,0.19859178287555646,0.01115259576437426,0.26807570607081005,0.2215210297519628
Bulk 277,0.6125403416057135,0.07159693343585741,0.0,0.17981141729870836,0.13605130765972065
Bulk 278,0.4602432851373022,0.11641990997718737,0.0,0.2916058990082852,0.13173090587722527
Bulk 279,0.1757723501907758,0.23307878670968774,0.012037060341743401,0.2117805536257323,0.36733124913206067
Bulk 280,0.6602124880377489,0.0860334804926822,0.0,0.09206417001086993,0.16168986145869907
Bulk 281,0.8590096200998235,0.055532632854499754,0.0,0.0,0.08545774704567666
Bulk 282,0.5016165556370286,0.10476732671971677,0.0,0.1435803582397909,0.25003575940346373
Bulk 283,0.5108208831875651,0.11168845270810367,0.0,0.11726857662664794,0.26022208747768333
Bulk 284,0.4967798789478463,0.13401582721979968,0.08292353511549458,0.19249286978804947,0.09378788892881001
Bulk 285,0.267545068905755,0.1312678205795169,0.2451020472585128,0.20470719954946734,0.15137786370674783
Bulk 286,0.1415157947262122,0.30064926370288314,0.08702888974971362,0.2498128934923072,0.22099315832888383
Bulk 287,0.17194221067744603,0.10377404905356831,0.055140687883022864,0.3583973088073854,0.3107457435785773
Bulk 288,0.3789472322237638,0.1864671747142227,0.0,0.23471222880522707,0.19987336425678653
Bulk 289,0.326611133512054,0.13684008934986513,0.20165423537375224,0.1358942486032305,0.19900029316109796
Bulk 290,0.5134631233709566,0.10607450887432038,0.01133724944348038,0.3286267430889984,0.04049837522224423
Bulk 291,0.39922017604453996,0.21134085547836556,0.0,0.1969329686352376,0.19250599984185693
Bulk 292,0.25862389922790036,0.25086486755242743,0.10872106922106865,0.1433470386003313,0.23844312539827217
Bulk 293,0.20383940690437394,0.22664041381541555,0.0,0.24282495111318483,0.3266952281670258
Bulk 294,0.4867524488147189,0.2241356802213294,0.0,0.0,0.2891118709639517
Bulk 295,0.35036056678520505,0.17455151660689133,0.20785213844637693,0.0,0.2672357781615266
Bulk 296,0.8259692175030745,0.0,0.0,0.0,0.17403078249692547
Bulk 297,0.44139391592339255,0.057823692833251665,0.3360467201452818,0.04079198512083542,0.12394368597723852
Bulk 298,0.3457369154983624,0.13161402785030368,0.0964326254758759,0.2587118615751029,0.16750456960035517
Bulk 299,0.7736523942322646,0.043036874909863444,0.0,0.0,0.18331073085787203
Bulk 300,0.06031610503902581,0.2297185296860719,0.09402556398849385,0.3272955030889986,0.2886442981974098
Bulk 301,0.0024504478384880933,0.29967736831964836,0.0,0.24062689913013138,0.4572452847117322
Bulk 302,0.718984215985286,0.0,0.06655457930569648,0.2144612047090175,0.0
Bulk 303,0.34288915954164223,0.2039524173161725,0.0,0.13105924256193743,0.3220991805802478
Bulk 304,0.08423496285487105,0.27909911132079823,0.11585531901787685,0.27838259853600217,0.24242800827045177
Bulk 305,0.8074106482464104,0.0,0.0,0.0,0.19258935175358963
Bulk 306,0.3482942940456532,0.11625285887213108,0.30106003477251825,0.03653541230375433,0.19785740000594318
Bulk 307,0.5270842006511197,0.10849837939440836,0.06953610125261374,0.2377458740963683,0.05713544460548994
Bulk 308,0.3432734513521996,0.18659185042594015,0.0,0.2103517111974842,0.2597829870243761
Bulk 309,0.4324624345748559,0.1728343230335849,0.0,0.17010695583968402,0.22459628655187516
Bulk 310,0.5095076242235959,0.2360662516781611,0.07055051308135588,0.08853155055470642,0.09534406046218064
Bulk 311,0.1278657847445171,0.2411187623114549,0.10338945521820828,0.2899369834989066,0.2376890142269131
Bulk 312,0.15197194968353275,0.21524171530364805,0.24864736293680056,0.16457301796832327,0.21956595410769528
Bulk 313,0.45551787375883684,0.0,0.04215334574120613,0.33099140046784387,0.1713373800321132
Bulk 314,0.5599973007674093,0.13672044852244958,0.07120131642536677,0.0,0.23208093428477447
Bulk 315,0.30882722249990396,0.18476084004696625,0.1685916666980435,0.15804043866786874,0.1797798320872177
Bulk 316,0.37403308586543527,0.1773041650468235,0.0,0.1734346041404083,0.2752281449473329
Bulk 317,0.3951360693258566,0.05467411813367585,0.13889191123102015,0.30538976877388646,0.10590813253556099
Bulk 318,0.5416559691976893,0.15877348028396715,0.0,0.08717706017227735,0.21239349034606603
Bulk 319,0.19469628248486684,0.1887354524701461,0.012973624678166566,0.35607309747590454,0.24752154289091605
Bulk 320,0.23016422459542032,0.2419105894412965,0.05685462670649409,0.20492675788719109,0.266143801369598
Bulk 321,0.14765330812021057,0.22206454130654954,0.05928447695361144,0.2921900413696816,0.278807632249947
Bulk 322,0.29310687607338154,0.2477528707750556,0.0,0.14873304408428603,0.3104072090672768
Bulk 323,0.4710912473673277,0.2359731941808154,0.0,0.008999265835906463,0.2839362926159505
Bulk 324,0.5954106101730998,0.08167548747301348,0.1339859101800872,0.06740413202065938,0.12152386015314008
Bulk 325,0.3559320170319893,0.1628910337266496,0.20074412499409652,0.0,0.2804328242472645
Bulk 326,0.12532373366876154,0.23545585448589812,0.227924973757526,0.1427902410361568,0.26850519705165754
Bulk 327,0.29318876243522746,0.21836631895193986,0.0,0.1982373200912098,0.29020759852162303
Bulk 328,0.31973763758119156,0.12760601644868394,0.08155799882584229,0.1943275143428253,0.27677083280145687
Bulk 329,0.5086911002718263,0.21771374308924868,0.020826547618248915,0.05217969657885439,0.2005889124418218
Bulk 330,0.36327558076489236,0.2045977718801167,0.08278698398954297,0.0711803407378001,0.27815932262764786
Bulk 331,0.22906550873436932,0.2311044596754436,0.0021295074045736976,0.24496053351701325,0.2927399906686002
Bulk 332,0.12083682722974143,0.34094917685414994,0.021412096648615545,0.1048975126429934,0.41190438662449963
Bulk 333,0.35065776643888813,0.13349542614491253,0.2779877225309905,0.03987067042902583,0.19798841445618304
Bulk 334,0.294915292426661,0.0,0.0,0.705084707573339,0.0
Bulk 335,0.504044892801485,0.1794302667901483,0.0,0.019047757078401267,0.2974770833299655
Bulk 336,0.17682272161262808,0.19582372195017805,0.33095033020631437,0.13634293824072002,0.16006028799015953
Bulk 337,0.13181930907118247,0.09951360217972598,0.09687175185665456,0.4640710796585505,0.20772425723388652
Bulk 338,0.12001260094101296,0.19135120639971975,0.027377837654788358,0.42602029307951944,0.2352380619249594
Bulk 339,0.5789128280107628,0.09562113759881043,0.22330408571192492,0.0,0.10216194867850178
Bulk 340,0.44756492538948056,0.0,0.16514430317387552,0.37140557485154324,0.015885196585100653
Bulk 341,0.2749827351535395,0.11222330199068424,0.1865984225114088,0.15087058863531147,0.275324951709056
Bulk 342,0.08217327088063124,0.15015568329860887,0.1279339119824014,0.3812578436278454,0.2584792902105129
Bulk 343,0.14020172738282835,0.23195552943849765,0.06847258974414765,0.2102542463704351,0.34911590706409124
Bulk 344,0.5231650633092696,0.10872207962971754,0.0,0.0,0.3681128570610129
Bulk 345,0.6638586279391822,0.1475483362321602,0.0,0.0,0.18859303582865775
Bulk 346,0.17162718349382383,0.23297875821371808,0.0,0.30528393217544225,0.2901101261170159
Bulk 347,0.3515912080007084,0.1694996089569033,0.0,0.17324713762823765,0.30566204541415076
Bulk 348,0.38989021051005085,0.1056096447172866,0.15783178579955015,0.12632402923389838,0.22034432973921386
Bulk 349,0.18187487620317505,0.20730568666884044,0.09040992834261628,0.30070786268470395,0.21970164610066428
Bulk 350,0.480537237922532,0.2163269599705119,0.0,0.0,0.3031358021069562
Bulk 351,1.0,0.0,0.0,0.0,0.0
Bulk 352,0.12738441414712293,0.21966751504273452,0.10776612551928401,0.30112139088463696,0.24406055440622157
Bulk 353,0.5509972771068358,0.2106054086303179,0.0,0.0,0.23839731426284622
Bulk 354,0.6261974374149449,0.11635265218144052,0.0,0.022836217205664474,0.2346136931979502
Bulk 355,0.2346421396533447,0.13485583174641996,0.0848521939493977,0.34931516643163846,0.19633466821919915
Bulk 356,0.8054407875919964,0.09298683264628167,0.010776531859416438,0.0,0.09079584790230547
Bulk 357,0.4697116044578083,0.189857448813396,0.14224407202914494,0.07860530459757695,0.11958157010207394
Bulk 358,0.20241805834004678,0.24384193654190153,0.09433280859709028,0.23058937425846282,0.2288178222624987
Bulk 359,0.19565993750325042,0.016319438416865666,0.12205975784927578,0.4607930509885497,0.20516781524205843
Bulk 360,0.5093334475809878,0.1589323389346148,0.0,0.12676505210205716,0.2049691613823403
Bulk 361,0.34980220901447817,0.18249151660434298,0.159330094686893,0.11723104577573629,0.19114513391854956
Bulk 362,0.23807114023239792,0.13164825486082188,0.0,0.4353227673181628,0.1949578375886174
Bulk 363,0.04678947464088808,0.2781205304849654,0.0,0.3125609411082168,0.3625290537659297
Bulk 364,0.035504082528749425,0.25239987931770486,0.16052460212889758,0.3026976344894489,0.24887380153519928
Bulk 365,0.21514998428680968,0.12443775370870643,0.02667744836762925,0.40788331562828234,0.22585149800857246
Bulk 366,0.12961808290219504,0.23354714056211076,0.1435067046228105,0.23842542012972157,0.2549026517831621
Bulk 367,0.4977047275608393,0.04557175903985924,0.20776851921160158,0.19970566943866894,0.049249324749030814
Bulk 368,0.056325824381720395,0.18564519600233778,0.11914758249213407,0.25771261730967326,0.38116877981413444
Bulk 369,0.39186504484474666,0.19058606888980553,0.0,0.09881028925795524,0.3187385970074925
Bulk 370,0.6353108726383724,0.16295694813146877,0.0,0.0,0.20173217923015882
Bulk 371,0.22475474660793068,0.1431548369204286,0.2045986502460136,0.1904684617488549,0.23702330447677236
Bulk 372,0.20748158818369175,0.14828443617611686,0.05977920512132892,0.25150027234945843,0.332954498169404
Bulk 373,0.0,0.2572255456322796,0.1443441308596219,0.32653150663259456,0.271898816875504
Bulk 374,0.694801347461046,0.0652754547301648,0.0,0.15468028214193244,0.08524291566685668
Bulk 375,0.18895376221726187,0.08817841387493686,0.15476245096804805,0.46857693291462693,0.09952844002512627
Bulk 376,0.44805925243930045,0.1370518590174921,0.09905894801905057,0.10765519139422665,0.20817474912993023
Bulk 377,0.2943715056235991,0.27862978388644416,0.04307462718388489,0.15355757225986916,0.2303665110462027
Bulk 378,0.1271850659383604,0.16196272186784647,0.0,0.22852836743536767,0.4823238447584254
Bulk 379,0.34057733341738333,0.11771552912630269,0.06788207192786073,0.21524752966126182,0.25857753586719145
Bulk 380,0.45866505406070257,0.11296387895034014,0.08335184022486944,0.17337846419851902,0.17164076256556882
Bulk 381,0.34738688064955353,0.16311755591793622,0.03943995029416215,0.16741251229054244,0.2826431008478056
Bulk 382,0.7821496635481677,0.04763359417399438,0.0,0.0,0.17021674227783798
Bulk 383,0.3102219837897867,0.20037836045439172,0.0,0.25975672440130565,0.22964293135451583
Bulk 384,0.29256070560039577,0.16877115887326466,0.0,0.21964242241547827,0.31902571311086125
Bulk 385,0.25407697595979684,0.11812007124792305,0.03563626284247295,0.345503478184579,0.24666321176522815
Bulk 386,0.2877283881745126,0.16302154906792993,0.22022314264318987,0.1475775249201021,0.18144939519426556
Bulk 387,0.2534665280887518,0.18462288826422338,0.0,0.3002167120651593,0.2616938715818656
Bulk 388,0.37499955734416335,0.3257176033858448,0.0,0.020092017258871227,0.27919082201112067
Bulk 389,0.5443729664706988,0.1232236388921219,0.2245642826334699,0.0,0.10783911200370935
Bulk 390,0.258934858082998,0.17772037146761946,0.15073724619476725,0.1476742367441727,0.26493328751044265
Bulk 391,0.12544571012395206,0.22820921522892745,0.08608847792542797,0.27704972241660736,0.2832068743050852
Bulk 392,0.07877583470473164,0.148197105727208,0.17761749874439517,0.3376362936037571,0.25777326721990806
Bulk 393,0.08417955852368933,0.22207424837029657,0.05919348136389665,0.30651097310610526,0.3280417386360121
Bulk 394,0.6325249997056368,0.006432732293291942,0.0,0.09732055426180017,0.2637217137392711
Bulk 395,0.24276483101427154,0.28690143989438216,0.15301298845071723,0.08105823386923178,0.23626250677139735
Bulk 396,1.0,0.0,0.0,0.0,0.0
Bulk 397,0.5627322068975695,0.11067690478650666,0.0,0.06545562016366528,0.2611352681522585
Bulk 398,0.6763844147291284,0.07337558277910529,0.0,0.042597705228421455,0.20764229726334493
Bulk 399,0.7526454356841654,0.0,0.0,0.0,0.24735456431583455
Bulk 400,0.6042300205330626,0.09299471929687818,0.019856814581141854,0.08543338108489708,0.1974850645040202
Bulk 401,0.4318335108064001,0.0948171844328662,0.09435854816862509,0.1674503701996714,0.2115403863924371
Bulk 402,0.20256728590457193,0.2760091227595712,0.09588095596285796,0.05272987173365116,0.37281276363934784
Bulk 403,0.5427539762469097,0.044046432994878926,0.14458370933622133,0.1547894932298421,0.113826388192148
Bulk 404,0.3871730210878069,0.13139278860587028,0.21454680708488758,0.13659974757012597,0.13028763565130932
Bulk 405,0.5181461845852015,0.12019456081837064,0.0,0.18852731436963122,0.17313194022679668
Bulk 406,0.32246556891225747,0.14838020485382858,0.15047449198611304,0.19103833935841733,0.18764139488938356
