,Ast,End,Mic,Neu,Oli
Bulk 0,0.16685557633691928,0.19875206880584106,0.033875601410103526,0.3835876893715371,0.21692906407559895
Bulk 1,0.47595217444616933,0.06358051749110949,0.0,0.18873695863176898,0.2717303494309523
Bulk 2,0.05493841466645039,0.27299945814013205,0.03077246140680765,0.34764498708616814,0.2936446787004417
Bulk 3,0.0,0.2673342300979535,0.1579963758385221,0.263059142371944,0.3116102516915804
Bulk 4,0.43574345334591125,0.13024853697729877,0.060768170724202875,0.14430393350859028,0.2289359054439967
Bulk 5,0.0,0.18616815680151105,0.07369859707416349,0.4098611307361791,0.3302721153881464
Bulk 6,0.8199513459903369,0.03125226616959711,0.0,0.0,0.14879638784006588
Bulk 7,0.66355994790854,0.017388963035987217,0.0,0.18528956799672483,0.13376152105874792
Bulk 8,0.05454413592647804,0.26023392464140205,0.10180786282547993,0.2803021603967974,0.30311191620984257
Bulk 9,0.407023648524596,0.11805776452370448,0.0,0.07688814503581318,0.3980304419158864
Bulk 10,0.23744508592417554,0.0,0.11480957419151076,0.6261954039463079,0.021549935938005745
Bulk 11,0.22245431161469212,0.1836006083279953,0.0,0.3465082625394781,0.2474368175178345
Bulk 12,0.2467956514975868,0.06664477210732017,0.21473762554631978,0.3229763544351459,0.14884559641362735
Bulk 13,0.14894988967118522,0.23470905158063796,0.07030810726218585,0.3145837027860488,0.23144924869994218
Bulk 14,0.6691834285419224,0.05992574900410002,0.0,0.06902771044965833,0.20186311200431933
Bulk 15,0.6783920595711791,0.1097065762726803,0.0,0.02209752116300651,0.18980384299313402
Bulk 16,0.16082360761304695,0.19253092572617683,0.10450721731346278,0.31954263928592247,0.222595610061391
Bulk 17,0.7343814714237852,0.030523575979504933,0.0,0.163268408238215,0.07182654435849493
Bulk 18,0.4744210975026645,0.1774948515291917,0.0,0.14427727335737175,0.203806777610772
Bulk 19,0.37591334777323765,0.0,0.1894355183178642,0.4346511339088982,0.0
Bulk 20,0.0,0.24523825092789217,0.05116449109977082,0.38173066167914277,0.3218665962931943
Bulk 21,0.06533271124817593,0.27106759387513574,0.1039603299599246,0.2651359523826913,0.29450341253407253
Bulk 22,0.0,0.22578337829644812,0.10112626613844311,0.44170359047547797,0.23138676508963085
Bulk 23,0.1163123798201596,0.05293834944463805,0.1319016515807685,0.4560697891942811,0.24277782996015282
Bulk 24,0.5113486401366844,0.1083988815405222,0.04115437273902974,0.11019147762975429,0.2289066279540094
Bulk 25,0.19270334188247162,0.1826870902872987,0.10576278875992601,0.44967044424292707,0.06917633482737658
Bulk 26,0.2474226446165123,0.2385568909956752,0.0,0.23634801798685637,0.27767244640095595
Bulk 27,0.3993618173005158,0.06874017036753491,0.17264376011769372,0.33471725599902385,0.02453699621523174
Bulk 28,0.09167222272274385,0.16226877880757073,0.12939140252901163,0.41891587766884475,0.19775171827182914
Bulk 29,0.34902759875571626,0.14224067167211352,0.21036464340607483,0.06443514595218025,0.23393194021391514
Bulk 30,0.2870163190460326,0.22497905564927653,0.014440914277582664,0.27159406490360627,0.20196964612350185
Bulk 31,0.7069286234367522,0.0,0.0,0.09484548607418318,0.1982258904890644
Bulk 32,0.15547783737982954,0.24173343517592047,0.042986960706153036,0.2409910703492863,0.3188106963888107
Bulk 33,0.10204014852694085,0.29012527586484826,0.031132067950302964,0.28921023455479145,0.28749227310311665
Bulk 34,0.5217196633798198,0.13958080027072725,0.16610862408246463,0.14953061853988597,0.02306029372710244
Bulk 35,0.7156165166279934,0.0359282460001098,0.0,0.18932695599886074,0.059128281373036065
Bulk 36,0.3384386741794386,0.18081161516236863,0.0,0.20337767442685833,0.2773720362313344
Bulk 37,0.39137097460149656,0.13889993587979807,0.07881158797639651,0.16217789101457883,0.22873961052773006
Bulk 38,0.11459282916378657,0.15214421135664272,0.25096543571612906,0.31196904530206365,0.1703284784613781
Bulk 39,0.04650452173035772,0.233765655183652,0.11517104747876003,0.38536791591056935,0.2191908596966608
Bulk 40,0.32445192222039715,0.12211973768736362,0.0,0.27932993196838884,0.2740984081238505
Bulk 41,0.9291791874055043,0.0,0.0,0.07082081259449562,0.0
Bulk 42,0.1641241025262162,0.2666948361008936,0.0,0.28257744508634625,0.2866036162865439
Bulk 43,0.12070240303603691,0.2268745092650931,0.06578230867900646,0.29465109177580984,0.2919896872440537
Bulk 44,0.3436836706878274,0.14941794847491707,0.03598892156426026,0.2877530286514887,0.18315643062150647
Bulk 45,0.5664647755637505,0.05288210939061204,0.183365994906621,0.0,0.19728712013901636
Bulk 46,0.37315843013011524,0.11409504697987231,0.1001899725025839,0.28876139348362345,0.12379515690380508
Bulk 47,0.2290949163848684,0.19661863280736097,0.007662948313794916,0.2662627159040948,0.30036078658988097
Bulk 48,0.6594869928541385,0.07939993291521812,0.0,0.03002156846241488,0.23109150576822865
Bulk 49,0.16895829549919833,0.20088262928003892,0.028400060015178585,0.34134457095698717,0.260414444248597
Bulk 50,0.3021026123531806,0.13346677371617505,0.05286037281034116,0.29659895241519213,0.21497128870511104
Bulk 51,0.32076300212861725,0.04136743529248286,0.0,0.36975694316704905,0.2681126194118509
Bulk 52,0.04943630925414039,0.16145140288883622,0.05695090105545054,0.39964675936814353,0.3325146274334294
Bulk 53,0.17021452855409672,0.15686711497567102,0.17557066671805294,0.2707264144812477,0.2266212752709316
Bulk 54,0.30560892850750165,0.1394924434665347,0.0,0.3078246013351408,0.24707402669082287
Bulk 55,0.46838969168153993,0.0,0.0,0.31975993482221293,0.21185037349624708
Bulk 56,0.2625349616028365,0.10653892072635672,0.13010699752347735,0.32897513619596663,0.17184398395136277
Bulk 57,0.5533944260925184,0.10914413367253276,0.0,0.0,0.33746144023494884
Bulk 58,0.762663940288235,0.012123329239116973,0.0,0.0,0.225212730472648
Bulk 59,0.26916170411482754,0.14362028138277422,0.06871651277801304,0.41808958252315187,0.10041191920123327
Bulk 60,0.1480723123587247,0.1536280626555333,0.006379957002227868,0.4385467358316958,0.2533729321518183
Bulk 61,0.29421187095805257,0.1429612618352804,0.0,0.3073577307447006,0.25546913646196645
Bulk 62,0.1340929312887124,0.2081404319389626,0.16385885475855894,0.24445254651401843,0.24945523549974752
Bulk 63,0.9292694083889903,0.0,0.0,0.0,0.0707305916110097
Bulk 64,0.13928654699968873,0.17792833265227967,0.04461989899477253,0.4267160674039727,0.21144915394928646
Bulk 65,0.2737185155192684,0.1947017314836747,0.0,0.2070439276678879,0.324535825329169
Bulk 66,0.35557190810831857,0.15133179249977696,0.0,0.32716051426206894,0.16593578512983556
Bulk 67,0.3390580036619735,0.06504458746792846,0.146437312802028,0.32025230220271744,0.12920779386535267
Bulk 68,0.3151771777578446,0.14834623080459364,0.0,0.32257305422407706,0.21390353721348482
Bulk 69,0.20237659458799634,0.11902152941534219,0.0,0.4833635892810921,0.19523828671556948
Bulk 70,0.01475463897064084,0.1697748237141241,0.06978343310242914,0.47685644811136424,0.26883065610144186
Bulk 71,0.07254072680816456,0.2280567952630317,0.1189469179639896,0.28421469194764226,0.2962408680171718
Bulk 72,0.1210100070280347,0.2188634392485456,0.0,0.3878169685884751,0.2723095851349445
Bulk 73,0.34765425350867596,0.12309854436700787,0.0,0.3241448750085842,0.205102327115732
Bulk 74,0.48695558630092417,0.002447250758006465,0.0,0.30455317225780604,0.20604399068326343
Bulk 75,0.5295445923832136,0.05322676741290786,0.08321578673331041,0.22481902681430743,0.1091938266562607
Bulk 76,0.08420129235091525,0.0,0.22542403956615228,0.5989131857614484,0.09146148232148421
Bulk 77,0.1439158169983721,0.23437574328165364,0.1744129642173601,0.2558619373209528,0.19143353818166117
Bulk 78,0.4873283844831956,0.13878389352637335,0.0,0.1157450817929844,0.25814264019744676
Bulk 79,0.2061087451043155,0.17601513959029805,0.021610891097128406,0.3311101080992832,0.26515511610897496
Bulk 80,0.3423129113484598,0.13937753675576697,0.0,0.2668109175960525,0.25149863429972064
Bulk 81,0.24309007228258722,0.18629900277944023,0.06676069688068272,0.2639589369294169,0.23989129112787283
Bulk 82,0.5831940594553735,0.0028594949293348137,0.22283067463006345,0.09068214092569378,0.10043363005953458
Bulk 83,0.14715923755037139,0.20900778218330937,0.00013837414707898652,0.32474855333036867,0.31894605278887156
Bulk 84,0.25789996959069356,0.15372236797905975,0.0,0.4549752800669428,0.13340238236330382
Bulk 85,0.0,0.1908959697453529,0.1724154015472166,0.4034132366040837,0.23327539210334688
Bulk 86,0.3379316990378233,0.12630539177928157,0.0,0.25512581791106975,0.28063709127182535
Bulk 87,0.27545658536678413,0.2038249580977358,0.1620351172820001,0.1507980272440956,0.2078853120093844
Bulk 88,0.1524762105225443,0.12086402463001446,0.0922098330150536,0.5681239577980496,0.06632597403433815
Bulk 89,0.10169767834639785,0.1704256272456806,0.16383132564173605,0.35754267957119684,0.20650268919498865
Bulk 90,0.18310579662231194,0.07750609530743321,0.2654707616503535,0.32792932015192283,0.1459880262679784
Bulk 91,0.4247186647102567,0.10719522460800052,0.0,0.18435180019426795,0.2837343104874747
Bulk 92,0.3300466673495782,0.15724743547076586,0.02557852496238396,0.2734930771382509,0.213634295079021
Bulk 93,0.069916968153584,0.1447020428745745,0.22952805618574262,0.28338332906042324,0.27246960372567564
Bulk 94,0.20636221657071918,0.09936585263383527,0.15987813694951655,0.43635573763695834,0.09803805620897058
Bulk 95,0.14425063409797464,0.1372894179398002,0.16313287000534843,0.4262599784569327,0.1290670994999441
Bulk 96,0.8590420884274438,0.0,0.0,0.0,0.14095791157255624
Bulk 97,0.3592769248026085,0.17644225522710535,0.15575757743760776,0.10649317059045461,0.20203007194222375
Bulk 98,0.2980973245213822,0.13143565578490757,0.14864760996044765,0.2310396821530934,0.1907797275801692
Bulk 99,0.46882467471719974,0.05062568124570539,0.06574344540514335,0.2178333821884546,0.19697281644349698
Bulk 100,0.1676692107758662,0.05686030604787268,0.05003484953900405,0.4599652093500482,0.26547042428720885
Bulk 101,0.24048389966147365,0.18012392955826437,0.14531329211446783,0.2006397148121518,0.23343916385364236
Bulk 102,0.0367988887663291,0.13166168678158027,0.17509690593664548,0.4859820330931957,0.17046048542224948
Bulk 103,0.1665872354863046,0.0739048432623409,0.057848460310459836,0.4779345965196038,0.22372486442129075
Bulk 104,0.15747481675251576,0.20858254192665568,0.033026708912468894,0.3500853433652612,0.2508305890430984
Bulk 105,0.6029200376491478,0.01699354053511246,0.14800486981342698,0.18822243647134637,0.0438591155309664
Bulk 106,0.2421461674943235,0.18632487307487317,0.0,0.2784668492853423,0.293062110145461
Bulk 107,0.23789872953412156,0.14241228405798004,0.12990752171718406,0.2987240704245083,0.19105739426620597
Bulk 108,0.21394926278732712,0.0,0.4336938403214824,0.3523568968911904,0.0
Bulk 109,0.14779063511388202,0.22653994565737293,0.060892111801869944,0.3160821078678134,0.24869519955906175
Bulk 110,0.3254557614480187,0.07959479411136877,0.41205058989404647,0.18289885454656624,0.0
Bulk 111,0.7919233912079502,0.028290559534750213,0.0,0.0,0.17978604925729952
Bulk 112,0.24123205038036352,0.18518113167851877,0.06620912642276114,0.2787539353589201,0.22862375615943648
Bulk 113,0.4235810702826762,0.11384347659318758,0.0,0.18102165519143618,0.2815537979327
Bulk 114,0.24465648072030954,0.14598184305838283,0.06416843901214445,0.31753208323009924,0.227661153979064
Bulk 115,0.7140747255312867,0.0,0.0,0.10976796768237236,0.176157306786341
Bulk 116,0.3494426809252578,0.0894385757298846,0.0,0.36147353692796735,0.19964520641689013
Bulk 117,0.03395145125525158,0.14670538434666247,0.13106952863959248,0.46768442981176067,0.22058920594673292
Bulk 118,0.3814275123242994,0.10743928360331864,0.03515965615181075,0.33729054295720634,0.13868300496336491
Bulk 119,0.7128738039613002,0.0,0.0,0.223673164920022,0.06345303111867787
Bulk 120,0.18938203726298813,0.17036488156916563,0.12818938699650587,0.2735890346018134,0.23847465956952693
Bulk 121,0.1955735665595501,0.2055733231285054,0.0,0.2409292490011128,0.3579238613108317
Bulk 122,0.5893836430809812,0.10128270836285572,0.1122050959487217,0.19712855260744147,0.0
Bulk 123,0.5622392208117655,0.09775373613419329,0.0,0.13314123245953727,0.2068658105945039
Bulk 124,0.20544274202659138,0.2001617301041148,0.0,0.2542522123218817,0.3401433155474121
Bulk 125,0.3159696114431981,0.16528268257514797,0.09249355555759387,0.31183414369350726,0.11442000673055297
Bulk 126,0.028667594610753716,0.2647227637184632,0.0627670910857539,0.34470817005795973,0.2991343805270694
Bulk 127,0.24674686833396456,0.16259725240482212,0.0,0.2446074541902261,0.34604842507098715
Bulk 128,0.3213447704411908,0.19840970508281797,0.01977258696081914,0.12975253030774556,0.33072040720742646
Bulk 129,0.32873901865862765,0.15066223758522618,0.0,0.3140268846246374,0.20657185913150877
Bulk 130,0.31642473497417706,0.21522789599083067,0.04505400018340345,0.15151014446518196,0.27178322438640695
Bulk 131,0.5122475404770298,0.03175871329266245,0.0,0.28064907245011944,0.17534467378018825
Bulk 132,0.326691172843302,0.17724726205842176,0.16155161606071813,0.12733769331586833,0.2071722557216898
Bulk 133,0.8641943084279892,0.040210229374969465,0.0,0.022172262638655488,0.07342319955838592
Bulk 134,0.5811717170918766,0.0,0.19428335559765078,0.161879186837484,0.06266574047298842
Bulk 135,0.41648637043005227,0.20168873222450762,0.005998970888510788,0.11612346586475857,0.25970246059217067
Bulk 136,0.2545797102808465,0.17239463755094694,0.14953626977847423,0.2099897629844382,0.21349961940529413
Bulk 137,0.3200693193518286,0.1832721991419817,0.0,0.28351336322427195,0.2131451182819178
Bulk 138,0.20821554637361261,0.08583219364298203,0.1667628594710708,0.2363497549419135,0.3028396455704211
Bulk 139,0.39879125588742964,0.11258497290376437,0.2612960496802132,0.1412650774707673,0.08606264405782549
Bulk 140,0.26340640644306224,0.14561483950473744,0.10831459350200637,0.1967643525197127,0.2858998080304813
Bulk 141,0.35900120114830747,0.0,0.022226431367133287,0.543391748156131,0.07538061932842824
Bulk 142,0.3828031565148443,0.027706960752094344,0.3896568974753874,0.09546229428548482,0.10437069097218911
Bulk 143,0.676420190295354,0.04705054459273013,0.0,0.22103603645055345,0.05549322866136246
Bulk 144,0.24277962579151913,0.14554304439643212,0.10645468715212536,0.21685682626591854,0.2883658163940048
Bulk 145,0.4836894785541128,0.1287311263939675,0.0,0.1707308305977842,0.21684856445413536
Bulk 146,0.06875148184038316,0.16356347612308503,0.046144476398574705,0.5391864128020164,0.18235415283594075
Bulk 147,0.12108297984985372,0.2216431291728964,0.0,0.37011110122369517,0.28716278975355464
Bulk 148,0.4866091095795577,0.1614707269815492,0.0,0.13664608229089517,0.2152740811479979
Bulk 149,0.08932913137131746,0.20589221257557236,0.08995188985642522,0.3593023786142781,0.2555243875824068
Bulk 150,0.10110867478575501,0.26313580018133315,0.04158111583720348,0.27756885402116127,0.316605555174547
Bulk 151,0.306538499150906,0.21032769117424738,0.0,0.23517830609995272,0.24795550357489396
Bulk 152,0.4400871087559042,0.22697075813059422,0.0,0.1542992582181117,0.17864287489538977
Bulk 153,0.2734130706079857,0.16842724056857658,0.0,0.25228443503559056,0.3058752537878472
Bulk 154,0.45516714365044264,0.18337246094828508,0.043240458536033005,0.1406498032781779,0.17757013358706147
Bulk 155,0.19156596464550696,0.06374363036008482,0.10267974629608717,0.41995323677990315,0.222057421918418
Bulk 156,0.42185390332670464,0.065220671684605,0.29246411511502174,0.12903973323235024,0.09142157664131835
Bulk 157,0.2555667541225925,0.13065335480047682,0.04563763969563879,0.3240454523604179,0.244096799020874
Bulk 158,0.3530037277228406,0.06438344294501493,0.008277036187132415,0.574335793145012,0.0
Bulk 159,0.07660138930191941,0.13890396706976266,0.27245166743310884,0.4108099483256695,0.10123302786953954
Bulk 160,0.2690041778417502,0.20968589163411755,0.1120556733498086,0.26027239920612194,0.14898185796820168
Bulk 161,0.15440083143748262,0.11428364379091176,0.21858522140239622,0.3427853557175362,0.1699449476516732
Bulk 162,0.46568487607496184,0.06207870165139619,0.0,0.20379855548770243,0.2684378667859394
Bulk 163,0.49236131619274764,0.015632242157874073,0.06759603578886701,0.34557601851485753,0.07883438734565372
Bulk 164,0.1668335188606247,0.23046561124406575,0.10902033822039314,0.23276772998707937,0.26091280168783704
Bulk 165,0.19316458378743107,0.187305335200913,0.04281969923802303,0.27441516802692556,0.3022952137467073
Bulk 166,0.6583428793511851,0.0869715408164457,0.0,0.07263664262762795,0.1820489372047413
Bulk 167,0.2647245152657125,0.12623601123306744,0.1897808351602379,0.253974160482746,0.16528447785823613
Bulk 168,0.33230348754179695,0.0,0.10544882590846553,0.5419452541573668,0.020302432392370468
Bulk 169,0.19797558695939108,0.16506686085651553,0.25579364588082837,0.16508403599193547,0.21607987031132952
Bulk 170,0.2209305421347678,0.3033215609895774,0.14227413966306135,0.008120214914158836,0.3253535422984347
Bulk 171,0.12534977087382285,0.12527044484084127,0.05848969054630461,0.4661311579073797,0.22475893583165152
Bulk 172,0.0011790154800710593,0.23248026084513343,0.04972235190326293,0.35396002567460166,0.3626583460969309
Bulk 173,0.29209743833333535,0.20818662353393105,0.0,0.16818598357820544,0.33152995455452816
Bulk 174,0.8311019382197717,0.0,0.0,0.11544948576410413,0.053448576016124176
Bulk 175,0.5669347342711232,0.04114323073065186,0.0,0.13925817787740452,0.25266385712082057
Bulk 176,0.12200623249550123,0.20526230989059868,0.06299584667057506,0.2766741058189709,0.33306150512435423
Bulk 177,0.07168329285417283,0.1964201803816018,0.09862266635337263,0.36040413144613176,0.2728697289647209
Bulk 178,0.7190865704634009,0.0,0.0,0.0,0.2809134295365992
Bulk 179,0.29142922009110306,0.1807656212579475,0.0,0.2309892462487003,0.2968159124022491
Bulk 180,0.2288207209547168,0.17371212825061916,0.05031832666091355,0.36783399777419196,0.17931482635955856
Bulk 181,0.1887011367713645,0.18141597747116434,0.026231756660674593,0.33010919223464136,0.2735419368621553
Bulk 182,0.026049833760406982,0.19613645688766054,0.16629023188876985,0.2715991288523431,0.33992434861081955
Bulk 183,0.5165300068884083,0.14415033504781252,0.0,0.0,0.33931965806377906
Bulk 184,0.24508853533678862,0.10506304831473785,0.14512215315828167,0.3048291019423548,0.19989716124783713
Bulk 185,0.31988850045383,0.07578764206605172,0.22979367848810872,0.2553313501730917,0.11919882881891784
Bulk 186,0.12715055175647424,0.20770506176952186,0.27978734556790846,0.24711189089189547,0.13824515001419987
Bulk 187,0.3672217795243854,0.2377433513828859,0.0,0.03718579574440111,0.3578490733483276
Bulk 188,0.31002641455801966,0.12780974166973247,0.0,0.21522150810651722,0.3469423356657307
Bulk 189,0.22400346449439412,0.20553537476615133,0.15192653562767025,0.2226605185333918,0.19587410657839238
Bulk 190,0.2799240674645315,0.24719247430095304,0.011852495967999734,0.1315552287606614,0.32947573350585424
Bulk 191,0.35016610815289634,0.21954595978538893,0.026235492350164112,0.047048345864551026,0.3570040938469995
Bulk 192,0.2956503355997279,0.19621976857219706,0.13688739046282217,0.11114304283425533,0.2600994625309976
Bulk 193,0.7682417540133174,0.03813949373742268,0.0,0.0,0.19361875224925998
Bulk 194,0.6638229894567496,0.07829813802410529,0.0,0.0,0.25787887251914504
Bulk 195,0.153885044537913,0.32337600359827423,0.10472763929293549,0.0,0.41801131257087726
Bulk 196,0.42293359331809655,0.21435806234653923,0.0,0.04285907500958286,0.3198492693257814
Bulk 197,0.3884745597493055,0.11503231875217611,0.040390305285948676,0.30246466768664876,0.15363814852592103
Bulk 198,0.614373606065904,0.031770546111033963,0.10896593419434415,0.05016347406251152,0.1947264395662066
Bulk 199,0.6460739889336028,0.0857276686282567,0.007568514952323039,0.05100812575419873,0.20962170173161884
Bulk 200,0.04376912168028482,0.2240269059618815,0.17114295204272564,0.3087417493299025,0.25231927098520557
Bulk 201,0.32735508850278716,0.08896547501865645,0.0,0.35495246344028775,0.22872697303826864
Bulk 202,0.28776458595554655,0.12924352869281824,0.08132050741869062,0.26383405360948387,0.23783732432346077
Bulk 203,0.16979718271688893,0.17491681112222324,0.20226785665249736,0.24574456646995343,0.20727358303843696
Bulk 204,0.3884187536936756,0.12794575253673268,0.24577749091376042,0.04035636631786089,0.19750163653797037
Bulk 205,0.3431371670924052,0.18191917891827125,0.049710336280447055,0.11556671173376463,0.30966660597511175
Bulk 206,0.6557026248426575,0.0827452387383475,0.0,0.0561245062115399,0.20542763020745508
Bulk 207,0.19737980106593184,0.18035447783686967,0.07195671955440629,0.33238577737483993,0.21792322416795226
Bulk 208,0.3256843063556236,0.11414146579104767,0.0,0.3598323795262388,0.2003418483270899
Bulk 209,0.8025731566520974,0.0,0.08113342916724417,0.0,0.11629341418065833
Bulk 210,0.7878828590722439,0.0,0.0,0.0,0.2121171409277562
Bulk 211,0.3300738301575125,0.1325528745186061,0.08032784354088822,0.3067718285071041,0.15027362327588908
Bulk 212,0.48555081577314485,0.16765812684134143,0.0,0.07461852397607885,0.27217253340943487
Bulk 213,0.3574143572630539,0.19427639844637562,0.07294308175974912,0.18128583969664988,0.19408032283417134
Bulk 214,0.5903182325385276,0.10996228488469481,0.0,0.09519993057729961,0.20451955199947808
Bulk 215,0.3198274516989974,0.19821773254121625,0.0011833938223653924,0.23819374340342162,0.24257767853399934
Bulk 216,0.31858377024641227,0.2255113142487725,0.0,0.18207236836948534,0.27383254713532984
Bulk 217,0.4078416335373289,0.16717009522740575,0.0,0.20793391841240097,0.21705435282286442
Bulk 218,0.24480708734873824,0.13115134949117208,0.07150137835704036,0.4234135182981251,0.12912666650492424
Bulk 219,0.4113018532282258,0.12211536723264983,0.061316773559730656,0.22531218546804246,0.17995382051135134
Bulk 220,0.7789759639361435,0.0,0.0,0.0,0.22102403606385643
Bulk 221,0.3534030126783498,0.1020876517707928,0.017906597473825666,0.3335861853323065,0.19301655274472523
Bulk 222,0.27563355006254536,0.15849516543754255,0.0714132079952645,0.3172177009832467,0.1772403755214008
Bulk 223,0.289623745565477,0.06565102492342709,0.02870074649665543,0.44290244784858673,0.17312203516585375
Bulk 224,0.4086631428166093,0.11969774426637755,0.06886039250777344,0.03748449129952186,0.3652942291097178
Bulk 225,0.9847552031429759,0.0,0.0,0.0,0.015244796857024023
Bulk 226,0.2141782995440673,0.25745503584341595,0.017066760803265746,0.2608612553427642,0.2504386484664866
Bulk 227,0.07572101156171343,0.21578047199198777,0.11740895522874037,0.26755136382780503,0.3235381973897533
Bulk 228,0.19164944881314147,0.2110404875293418,0.0790154811421107,0.2244562478499989,0.2938383346654072
Bulk 229,0.19733864572369203,0.2144986751248241,0.13852184422996666,0.2506848893888231,0.19895594553269413
Bulk 230,0.03810769220209458,0.0689934559875404,0.07787227418362182,0.6600265870666356,0.15499999056010755
Bulk 231,0.3802221382838068,0.11425783605452385,0.12473330534842857,0.13774436816752,0.2430423521457208
Bulk 232,0.015842356031976396,0.18198802927160168,0.044677873033801135,0.4298977600977884,0.3275939815648323
Bulk 233,0.22152498908040583,0.15485880256022028,0.0,0.24660960508543708,0.37700660327393676
Bulk 234,0.42209027151485057,0.1744644480777578,0.0,0.06368528000223163,0.33976000040515997
Bulk 235,0.3361074774098671,0.1127671970608786,0.0,0.2837904872935247,0.2673348382357295
Bulk 236,0.04320298078248489,0.1973474428045923,0.10736917182961361,0.5151482309048192,0.13693217367848987
Bulk 237,0.41133732287737074,0.1787568508230538,0.0,0.11491821546147006,0.29498761083810543
Bulk 238,0.3728620384010644,0.1562935308043398,0.0,0.10023264121168138,0.37061178958291435
Bulk 239,0.03797997882683384,0.2056273963942601,0.16937337304049135,0.3765439527778387,0.2104752989605761
Bulk 240,0.4832275795145202,0.079302797776681,0.08235112492055978,0.3303764476837045,0.024742050104534483
Bulk 241,0.23997737798972651,0.2034235287474677,0.06239131938566874,0.3632838055045712,0.13092396837256604
Bulk 242,0.6328739687981401,0.08520928886504622,0.0,0.0,0.28191674233681374
Bulk 243,0.17637170646349296,0.16827576703141137,0.31167822890730024,0.21797753311254195,0.12569676448525333
Bulk 244,0.3033051778862898,0.23800104615267148,0.0,0.1428885567887672,0.31580521917227167
Bulk 245,0.8729229275432256,0.0,0.0,0.017915631137343718,0.10916144131943058
Bulk 246,0.11760128321986163,0.29464052441055166,0.0,0.22015482738851333,0.36760336498107343
Bulk 247,0.6237842030643709,0.015473064216588367,0.050359424071335125,0.13328082569706462,0.17710248295064113
Bulk 248,0.3403777101646498,0.20670797085295814,0.11378782220505501,0.10527946545663783,0.23384703132069912
Bulk 249,0.6562644257639314,0.13374807280555057,0.0,0.0,0.20998750143051792
Bulk 250,0.15135898123415306,0.1361916479604642,0.33607763646047056,0.3763717343449123,0.0
Bulk 251,0.17630943310959435,0.10649057468324657,0.07133575004187954,0.4292287082735192,0.21663553389176027
Bulk 252,0.20977178856081855,0.2131311780420424,0.0,0.22308744569157202,0.354009587705567
Bulk 253,0.25315644306839974,0.21813111968332397,0.1547278243806157,0.18648192563148389,0.18750268723617658
Bulk 254,0.42134614953180494,0.13683199107133762,0.09338381444192574,0.17826829029190316,0.17016975466302844
Bulk 255,0.2819301018158527,0.22498427659433773,0.0,0.13070585695886203,0.3623797646309476
Bulk 256,0.05935230481360483,0.2608264652872317,0.049950976658958465,0.34269493034181775,0.2871753228983874
Bulk 257,0.15814261080978856,0.2485036535384387,0.07260188060155713,0.3127691577190408,0.2079826973311749
Bulk 258,0.28471845280366814,0.2268242755074251,0.0,0.19159073493101625,0.2968665367578904
Bulk 259,0.5116346221454299,0.13416280447428333,0.0,0.10927414949930261,0.24492842388098415
Bulk 260,0.14337419005970387,0.17189990371805927,0.09328862115572985,0.3142942174136659,0.277143067652841
Bulk 261,0.37444879903351425,0.011356111541938097,0.22228317024586247,0.2972416520001628,0.09467026717852241
Bulk 262,0.27571365214624843,0.20564146024054267,0.0,0.17969934439895416,0.3389455432142548
Bulk 263,0.30978474414554813,0.2136920793562693,0.05520465593761236,0.03885566678923578,0.38246285377133443
Bulk 264,0.3268378881770729,0.12241733991140068,0.02165497965170872,0.30597185636391805,0.22311793589589976
Bulk 265,0.35190258812658914,0.1638799886091788,0.090358159680067,0.10601610631637835,0.28784315726778675
Bulk 266,0.646483282237114,0.1115570427287144,0.0,0.0,0.2419596750341715
Bulk 267,0.22947817229789086,0.0,0.3288858508839491,0.3924477157998658,0.04918826101829415
Bulk 268,0.5456274188655703,0.17754257759377445,0.0,0.011297437759009807,0.26553256578164547
Bulk 269,0.44219453196309627,0.13660473861101383,0.07644617696846609,0.17599301205616738,0.16876154040125643
Bulk 270,0.44688301646653616,0.17736422857914397,0.0,0.035339730720641185,0.34041302423367875
Bulk 271,0.42697698756348035,0.0,0.03458628281676296,0.5384367296197567,0.0
Bulk 272,0.34649394673078077,0.08721868606446476,0.0378322119918061,0.3989420315464783,0.12951312366647008
Bulk 273,0.32239284475342955,0.17977130371934355,0.07407963275033806,0.1731882893064696,0.2505679294704192
Bulk 274,0.1482340310213588,0.27726912870264153,0.048846280564326355,0.2410190493637875,0.28463151034788575
Bulk 275,0.17080966296851552,0.13766421731125025,0.1014520833234363,0.45502687449866447,0.13504716189813348
Bulk 276,0.34550394432564846,0.20025973860593066,0.0,0.18199108536202294,0.272245231706398
Bulk 277,0.7162443698503487,0.08288514519906422,0.0,0.0,0.20087048495058707
Bulk 278,0.12794204469463272,0.22545325818680373,0.04728330648857278,0.3211065275691347,0.2782148630608561
Bulk 279,0.37557938495525106,0.15677632767349853,0.0,0.278767345823992,0.18887694154725848
Bulk 280,0.7269699583534248,0.037311621076486806,0.0,0.0,0.23571842057008846
Bulk 281,0.9213364446938238,0.0,0.0,0.0,0.07866355530617614
Bulk 282,0.38373107219482244,0.13912839605182178,0.11870989772406025,0.28604844937238805,0.0723821846569075
Bulk 283,0.46028113800231374,0.1476267580865051,0.0,0.1269317069200045,0.2651603969911767
Bulk 284,0.6233165336189138,0.09828950418499108,0.0,0.0,0.2783939621960951
Bulk 285,0.2220897691622159,0.22125866214154485,0.05502814569568986,0.20585528442118467,0.2957681385793647
Bulk 286,0.344999970249666,0.12293118989236636,0.2977022835390361,0.23436655631893152,0.0
Bulk 287,0.06421835099302466,0.20200483976331865,0.09377222952086559,0.3508956898733782,0.28910888984941296
Bulk 288,0.4620102963801695,0.10287434787042424,0.0,0.2783250329530394,0.15679032279636687
Bulk 289,0.8095185148647875,0.053110575399906754,0.0,0.0,0.13737090973530583
Bulk 290,0.16509204756295917,0.22948489989228765,0.0,0.24052138083158367,0.3649016717131695
Bulk 291,0.5263374910779508,0.16023507622429112,0.06365839503202954,0.03999172235216506,0.20977731531356347
Bulk 292,0.29813802553975105,0.23065101027512158,0.05237569241702045,0.09607726110818543,0.3227580106599215
Bulk 293,0.3053306074647293,0.14506543035053668,0.0,0.37332082059903654,0.17628314158569755
Bulk 294,0.47697598669689567,0.2692225364953549,0.0,0.015171975551926528,0.23862950125582294
Bulk 295,0.5764956545592284,0.06940177137942136,0.05294473178345237,0.15975605977887156,0.14140178249902646
Bulk 296,0.5145036480588276,0.09060409049376729,0.26427081682687303,0.0,0.13062144462053207
Bulk 297,0.7485212867095963,0.08719765393504217,0.0,0.0,0.16428105935536164
Bulk 298,0.29159460546885657,0.14134543477107872,0.0426836235095073,0.2959445496171414,0.22843178663341607
Bulk 299,0.37256520912007857,0.18310019792547852,0.18136385902229235,0.05900239891859465,0.20396833501355593
Bulk 300,0.12610467487236132,0.18586121950500217,0.12718228030972806,0.3090628549907393,0.25178897032216924
Bulk 301,0.20716787879575624,0.18951805010178122,0.0,0.3540506296337106,0.24926344146875193
Bulk 302,0.33157050627824425,0.17577308849208623,0.0,0.30461150818235105,0.18804489704731853
Bulk 303,0.2079933289565671,0.1926059392212842,0.0,0.3112252471485977,0.2881754846735512
Bulk 304,0.41504145187865055,0.01803695205579702,0.26177402677796385,0.11356336247257025,0.19158420681501825
Bulk 305,0.3720586641691763,0.1808322765511264,0.11865906368456523,0.16306872460733204,0.16538127098780003
Bulk 306,0.30311766963455694,0.14927368129021254,0.24580614466784043,0.14399967019035553,0.15780283421703462
Bulk 307,0.37994791270396805,0.16123154831426967,0.08194292394568195,0.17218114746850421,0.20469646756757615
Bulk 308,0.6825418343210964,0.046906137859700006,0.0,0.10986617110063948,0.16068585671856414
Bulk 309,0.20578830302706327,0.22955952758939074,0.13191759002281733,0.2268026244821513,0.20593195487857735
Bulk 310,0.23784112081793432,0.19006930474704942,0.26153848971345595,0.09342479902542822,0.2171262856961322
Bulk 311,0.19555388409588162,0.07721086103471667,0.2700545886530215,0.3607619126944998,0.09641875352188031
Bulk 312,0.34556162922754974,0.15026916374399693,0.05031058725318438,0.17408910299927055,0.2797695167759985
Bulk 313,0.3015857967592229,0.11544569682739371,0.11044189262185031,0.38258633685489324,0.08994027693663964
Bulk 314,0.6105500971979233,0.1332297760379805,0.0,0.0,0.2562201267640961
Bulk 315,0.5351117275583515,0.0788833260757389,0.0,0.16827217244426415,0.21773277392164536
Bulk 316,0.35352245539749827,0.22075836592209977,0.0,0.2844393694105739,0.14127980926982805
Bulk 317,0.15874814156645517,0.24481634659536938,0.13878793227702718,0.27327298321173377,0.18437459634941444
Bulk 318,0.18922424936388882,0.2590065400291285,0.06747390391514373,0.20451420255311567,0.2797811041387234
Bulk 319,0.6938178289815485,0.051754964565528534,0.04019352974209001,0.16994370601800324,0.044289970692829736
Bulk 320,0.8406898305234315,0.009081235691129117,0.0,0.05674993628039971,0.09347899750503971
Bulk 321,0.28975446217902046,0.2215485462445997,0.009926486819165282,0.2491196362416977,0.2296508685155169
Bulk 322,0.15271150012570667,0.19131279154174158,0.1679703419121854,0.2910307363777102,0.19697463004265617
Bulk 323,0.4656187803191094,0.14605622910773744,0.1773849746069864,0.08104235383771202,0.12989766212845463
Bulk 324,0.49262874598121553,0.14998114032425638,0.15069898724044692,0.0024890495456690925,0.20420207690841202
Bulk 325,0.24212170874726188,0.22209955732554745,0.25230881324025956,0.07579560104349363,0.20767431964343752
Bulk 326,0.0,0.2785604500052964,0.2729985014760598,0.11896696440854275,0.32947408411010115
Bulk 327,0.27548774000298054,0.2489013037351633,0.042246503614978025,0.1972962489838866,0.23606820366299147
Bulk 328,0.1952393614740063,0.22600650255413607,0.09075949057122008,0.17443173917501367,0.3135629062256238
Bulk 329,0.4728552540135469,0.22890013363617479,0.0,0.0,0.2982446123502782
Bulk 330,0.4717667944425615,0.2094022619566791,0.11026073579834793,0.20537041188843363,0.003199795913977863
Bulk 331,0.22098122336812884,0.25660644225087376,0.01924591548600324,0.22117577934481664,0.28199063955017756
Bulk 332,0.3855454363901954,0.22092255603583055,0.04164440231242991,0.08355322323253937,0.2683343820290047
Bulk 333,0.5841597390025537,0.0931664568698519,0.08732809408749405,0.0,0.23534571004010016
Bulk 334,0.0,0.22837963379431472,0.04339349481941274,0.5032730556968439,0.22495381568942857
Bulk 335,0.646421139698956,0.0646995711073555,0.0,0.028638997056749677,0.2602402921369389
Bulk 336,0.3099985971619142,0.15781716945634403,0.018009154791055245,0.24846314732583166,0.26571193126485493
Bulk 337,0.0,0.22652282885560873,0.09059060143095372,0.4092372231539949,0.27364934655944256
Bulk 338,0.25370843960197287,0.19715498076115515,0.0,0.3190068987665661,0.2301296808703057
Bulk 339,0.7127703361695996,0.04441408049168176,0.0,0.0,0.24281558333871867
Bulk 340,0.08581535070673742,0.27722412431453447,0.09874296981772483,0.2544774044315374,0.28374015072946596
Bulk 341,0.27441831189570837,0.10158012516636247,0.28098042642684445,0.1606705397484628,0.18235059676262202
Bulk 342,0.05544283684835018,0.0995125917499273,0.16986913650785415,0.4643539624761556,0.2108214724177128
Bulk 343,0.22305562424732206,0.1543976109589392,0.07525185953330715,0.25599752245191926,0.29129738280851236
Bulk 344,0.6601014965162707,0.026251192057360907,0.0,0.0,0.3136473114263685
Bulk 345,0.35038796758772367,0.16152129820100822,0.2908545956522891,0.12638139790353148,0.07085474065544747
Bulk 346,0.037819838444313546,0.18935480448862704,0.3069886674402238,0.28888105361594074,0.1769556360108949
Bulk 347,0.06138871642988874,0.20047337379743038,0.17919409332029976,0.3279532195351745,0.23099059691720666
Bulk 348,0.35196239325254686,0.15622635390034126,0.2040125868824043,0.1660025427126491,0.12179612325205863
Bulk 349,0.39794551299569814,0.13798890379719228,0.0,0.14965509809412353,0.3144104851129861
Bulk 350,0.36205556665468475,0.16699346712834548,0.15852613905687393,0.007852175336092294,0.30457265182400356
Bulk 351,0.8213691890467056,0.0846488369394723,0.049413036653357285,0.0,0.044568937360464654
Bulk 352,0.2904019231009141,0.09976431975978776,0.19054073597846627,0.28898336812978886,0.13030965303104303
Bulk 353,0.7286576722070522,0.11050876148487451,0.0,0.10802094905360313,0.052812617254470236
Bulk 354,0.5687923510688865,0.12049756093237092,0.08383577198730556,0.0,0.22687431601143712
Bulk 355,0.20627016361715697,0.1664885848464719,0.14994969934917138,0.35570744446074903,0.12158410772645077
Bulk 356,0.5631804568968659,0.11401423878030228,0.0,0.06301732355168863,0.2597879807711431
Bulk 357,0.05836422210139079,0.24033749359889267,0.11982880069035266,0.23749251993498044,0.34397696367438335
Bulk 358,0.3733105825346279,0.23354915276554722,0.02992195604619126,0.0,0.36321830865363364
Bulk 359,0.0900374551786538,0.21287992836900443,0.02903444322402707,0.2513214673948437,0.41672670583347105
Bulk 360,0.2518855899864835,0.2337355129906223,0.1574648055913941,0.17149402049344287,0.18542007093805712
Bulk 361,0.5469401366457558,0.1200931604430165,0.17528475212426853,0.0,0.15768195078695924
Bulk 362,0.0,0.2356691985285315,0.1367953590440256,0.378215121634244,0.24932032079319894
Bulk 363,0.19240547116904466,0.1361551293190515,0.23092139683547785,0.3010686267605084,0.13944937591591774
Bulk 364,0.4693712945905154,0.1164523653403505,0.0,0.2303772436138451,0.18379909645528905
Bulk 365,0.2590726203507835,0.05771755403633824,0.002330126768068245,0.5680077091856134,0.11287198965919665
Bulk 366,0.20504113425503087,0.25239644835990915,0.09182647320080826,0.20299026191918138,0.24774568226507032
Bulk 367,0.5708623902371506,0.11557257025235874,0.0,0.026099271126543373,0.2874657683839473
Bulk 368,0.08707309788207289,0.2630748808192706,0.06803052235412753,0.12105598091493427,0.46076551802959465
Bulk 369,0.24488988192354416,0.2812720467236765,0.0,0.18209866508043282,0.2917394062723465
Bulk 370,0.34992249515620144,0.2071799328320202,0.1498234032628455,0.1484403765261801,0.14463379222275277
Bulk 371,0.3543337751037189,0.22986291608308748,0.0,0.07237207064077575,0.34343123817241783
Bulk 372,0.45236984424064175,0.008450301329703489,0.05239498205526051,0.22465886495456003,0.26212600741983416
Bulk 373,0.23400941863366345,0.0,0.13230225648153138,0.6324805683567452,0.0012077565280599989
Bulk 374,0.6931705504119055,0.0,0.008159020388524134,0.0,0.29867042919957043
Bulk 375,0.2890567376841017,0.2304582698283439,0.07113289026591209,0.17359308789715533,0.23575901432448698
Bulk 376,0.17025897693187114,0.1572687277133253,0.37691020032670614,0.25958442176926194,0.035977673258835434
Bulk 377,0.2984446290281474,0.29747721992382936,0.0,0.132354286546546,0.2717238645014773
Bulk 378,0.2140846068347014,0.2622478167450542,0.0,0.0,0.5236675764202444
Bulk 379,0.3829032688652493,0.16607301696299892,0.18698314856659348,0.09246279953085997,0.17157776607429842
Bulk 380,0.4491052299491654,0.19362669911315422,0.02809522728311608,0.06599274462528198,0.2631800990292822
Bulk 381,0.47560108100291515,0.14348648401902805,0.0,0.11843630719306249,0.2624761277849943
Bulk 382,0.20617296392896317,0.29654805177843335,0.02883562529621786,0.17780036536296204,0.2906429936334236
Bulk 383,0.40516917957488874,0.19276349080843358,0.0,0.12558771677437802,0.2764796128422997
Bulk 384,0.012476979447950379,0.3738122998371108,0.02617711765120469,0.07751292511740475,0.5100206779463293
Bulk 385,0.12079730558461993,0.23382373212699256,0.0,0.2762386429776919,0.3691403193106956
Bulk 386,0.31365032030345835,0.15695765808393153,0.08519616634457902,0.12556811648833005,0.31862773877970113
Bulk 387,0.41575527569252274,0.18286125218558397,0.0,0.10863253279517181,0.29275093932672147
Bulk 388,0.15009131040949686,0.2220847062036034,0.15723446824626594,0.34336846159581424,0.12722105354481955
Bulk 389,0.26191802849568674,0.22202038631100535,0.12119059716986108,0.11195243042557605,0.2829185575978708
Bulk 390,0.498538093630062,0.05487141276919936,0.11134828151618288,0.2431969930440416,0.09204521904051417
Bulk 391,0.2795850057048738,0.08271617198404929,0.0,0.43412611586394784,0.20357270644712902
Bulk 392,0.1678368287466528,0.23699020036283355,0.0625323126432297,0.2568819013122472,0.2757587569350368
Bulk 393,0.147634669373701,0.14098239292345296,0.20886496336351384,0.2841706646689448,0.21834730967038737
Bulk 394,0.19896953038936643,0.20906998170898136,0.09954117745057736,0.22039478809679044,0.2720245223542843
Bulk 395,0.33845560755441617,0.17410664216914784,0.13130148715135884,0.0,0.3561362631250773
Bulk 396,0.5112139536942921,0.11228280408633393,0.0,0.2261088221451458,0.1503944200742283
Bulk 397,0.34682742395615446,0.17803379475693978,0.1792928441916092,0.12266081646448526,0.17318512063081132
Bulk 398,0.680943603005955,0.03189074645253528,0.01779452598084773,0.050505737838708556,0.21886538672195335
Bulk 399,0.8600433493567381,0.00019333775907962866,0.0,0.0,0.13976331288418234
Bulk 400,0.3131015544813215,0.08884538110593161,0.20238404875404337,0.35012190185719283,0.04554711380151064
Bulk 401,0.5082044638162777,0.12506263841920118,0.12819112106133748,0.0,0.23854177670318363
Bulk 402,0.12588751054438352,0.305228177567148,0.010383034395084052,0.20366952737862073,0.35483175011476376
Bulk 403,0.18203678258445058,0.1825749628572476,0.134707434181721,0.2386664515666555,0.26201436880992524
Bulk 404,0.5723949944946702,0.11561606844507577,0.006251643166440608,0.0,0.30573729389381343
Bulk 405,0.11449197626077727,0.18495325369327908,0.31639305135011364,0.18728526943768847,0.1968764492581415
