,Ast,End,Mic,Neu,Oli
Bulk 0,0.08811191562553376,0.24666875804741714,0.10610470721831763,0.3107438151134935,0.24837080399523806
Bulk 1,0.4425687510672459,0.09502370028523272,0.019595485095238663,0.2517380051147636,0.1910740584375191
Bulk 2,0.011030169554255492,0.22447021545078735,0.11975408827267328,0.3720095617855462,0.2727359649367376
Bulk 3,0.14100737681865247,0.04231988023697193,0.4068996638636395,0.10841323770043788,0.3013598413802982
Bulk 4,0.5869410735014142,0.09286710258186709,0.02453225215627223,0.09366997629134624,0.20198959546910034
Bulk 5,0.0,0.2701769928396191,0.12126505078339549,0.32655400713133376,0.28200394924565164
Bulk 6,0.3515984917238779,0.17427985188773207,0.12130942897089407,0.11696945476101989,0.23584277265647613
Bulk 7,0.25051909076183304,0.14242470864299034,0.14134233878883734,0.234065778371985,0.23164808343435433
Bulk 8,0.15113175760429393,0.20538278739846913,0.009260102553767947,0.3831508743837614,0.25107447805970756
Bulk 9,0.5106989575786613,0.158409836948791,0.0,0.0,0.33089120547254763
Bulk 10,0.05937965124251636,0.18478722586675728,0.08817131524479349,0.40999237188727367,0.25766943575865925
Bulk 11,0.2456906104262143,0.2276558355883308,0.013253601580005497,0.2121285431221194,0.30127140928333007
Bulk 12,0.18689336588290165,0.22301574323470563,0.0,0.29190368458027244,0.29818720630212026
Bulk 13,0.07905550810875966,0.2190891843216406,0.15421039145540225,0.4719395059088177,0.07570541020537976
Bulk 14,0.523141994910907,0.13109887663069703,0.053854530818121575,0.10635955423347551,0.18554504340679887
Bulk 15,0.25699636994655567,0.1889202571254008,0.0,0.3629122328258716,0.19117114010217193
Bulk 16,0.0749004744872363,0.2209886028422899,0.1501206534250273,0.2553996790206969,0.2985905902247496
Bulk 17,0.17495672700283965,0.13197942843074922,0.467793526972884,0.12998319767093555,0.09528711992259152
Bulk 18,0.38456457228850777,0.09307459288295507,0.0,0.3264032325823508,0.19595760224618644
Bulk 19,0.1953093371131134,0.21257799717350134,0.0870784801360243,0.27539646940787726,0.22963771616948359
Bulk 20,0.012710972911620131,0.2639766144649462,0.1271446973541007,0.3307443319351139,0.26542338333421905
Bulk 21,0.13877554504258455,0.22453493077679199,0.0,0.3362629864199211,0.30042653776070233
Bulk 22,0.12536583381631647,0.0,0.2057938144302544,0.6688403517534292,0.0
Bulk 23,0.16823641705737544,0.09987097999466664,0.11201771417817508,0.4076201153105578,0.2122547734592251
Bulk 24,0.4807116573457233,0.05119870071768569,0.0,0.39981248044777506,0.06827716148881605
Bulk 25,0.19671742942050638,0.09176195437706146,0.06626558527688166,0.37852639305153213,0.26672863787401846
Bulk 26,0.1719925280841808,0.2012457345261916,0.06247724517708411,0.27675480253880486,0.2875296896737386
Bulk 27,0.70401105115526,0.010699097073044202,0.0,0.02587812366775944,0.2594117281039365
Bulk 28,0.3962314540196456,0.09777294468093246,0.0,0.2907927401772117,0.21520286112221015
Bulk 29,0.5714982918517598,0.07086403301890236,0.0,0.1290826375784155,0.2285550375509223
Bulk 30,0.330692509313903,0.1622615276000266,0.0,0.20190225371866458,0.30514370936740576
Bulk 31,0.4714278313920391,0.12861078625305547,0.0,0.1802562204071985,0.2197051619477069
Bulk 32,0.17968521519381933,0.2196010998913713,0.06597331315711198,0.17946835262044564,0.3552720191372518
Bulk 33,0.002735614281583878,0.18304457270146438,0.1809155690886474,0.4202408591918142,0.21306338473649009
Bulk 34,0.24880206665413435,0.1909519765817389,0.06242330401205788,0.2499428182802159,0.24787983447185294
Bulk 35,0.39145518632913656,0.18442647269577928,0.0,0.2094391537255262,0.214679187249558
Bulk 36,0.2505099866300954,0.14203377979402687,0.24423040086279205,0.26526111244255346,0.09796472027053224
Bulk 37,0.29461502690400293,0.15417893163700924,0.0,0.3905748995552023,0.1606311419037855
Bulk 38,0.29244706227551726,0.19619514544806518,0.06686702291758527,0.2592961470031195,0.18519462235571296
Bulk 39,0.027055285399818378,0.24837058254954775,0.07582780799248094,0.3755933584856026,0.27315296557255037
Bulk 40,0.12734313232259103,0.2921598652930864,0.031591039888654734,0.2239194854955991,0.3249864770000687
Bulk 41,0.47537627524626586,0.10640229102267267,0.058282781334382514,0.21587680178003682,0.14406185061664203
Bulk 42,0.18288345096179412,0.19170532717649494,0.02260981570841784,0.2998730222843449,0.30292838386894816
Bulk 43,0.08545380464152637,0.18646683645903533,0.029628669661571728,0.35441539993674914,0.3440352893011173
Bulk 44,0.12599890750997267,0.20706417252866774,0.10287229765806533,0.2706469854038974,0.29341763689939687
Bulk 45,0.4045514712720648,0.08504335771337533,0.13062279781881353,0.3784393720254355,0.0013430011703109178
Bulk 46,0.4068585061912299,0.19950318861921545,0.006107091589096362,0.22054895632084862,0.16698225727960966
Bulk 47,0.26887732912114237,0.2542362540199243,0.0,0.1333734559100112,0.3435129609489221
Bulk 48,0.31262029535658065,0.0798897732549718,0.2797338741690904,0.1426936648534873,0.1850623923658698
Bulk 49,0.39276803739584704,0.028329857149414522,0.0793774236632156,0.41116631688598604,0.08835836490553667
Bulk 50,0.5566294002124774,0.0,0.0646600513865706,0.36241674502829285,0.016293803372659055
Bulk 51,0.2049834224549314,0.24679911514688516,0.1126382849604494,0.24960817403799698,0.18597100339973718
Bulk 52,0.16365993837921342,0.1825837499586673,0.11274698279441685,0.3297796304563766,0.21122969841132583
Bulk 53,0.1771660991294102,0.12425486851340581,0.13926736405286017,0.3812128600976405,0.17809880820668345
Bulk 54,0.5475695715080083,0.0749824514506073,0.033802967219569255,0.22592544603318496,0.11771956378863001
Bulk 55,0.13116530614244817,0.21413706249310918,0.1565256132352624,0.26841556839162084,0.22975644973755943
Bulk 56,0.22125530061260976,0.195446854115903,0.018525711056341636,0.35657899590032416,0.20819313831482142
Bulk 57,0.7228970041566836,0.08526926546049408,0.0,0.05771013799867758,0.13412359238414484
Bulk 58,0.5442830294937457,0.09047037391014984,0.04290492663596847,0.06418622417811991,0.258155445782016
Bulk 59,0.40928065851261497,0.12647774309884266,0.0,0.2659235541800793,0.19831804420846294
Bulk 60,0.19179641969292116,0.15101501170836423,0.0,0.4052889630904208,0.2518996055082938
Bulk 61,0.4711957971823325,0.028563226125318947,0.0,0.27313798885805624,0.22710298783429222
Bulk 62,0.1788344166659011,0.22207904963374928,0.1492912522685836,0.21296633771188417,0.23682894371988186
Bulk 63,0.39572065563258163,0.15873688378257866,0.05022284783895444,0.1362780850764499,0.2590415276694354
Bulk 64,0.11488187429194614,0.20718169469870626,0.13184402469101617,0.34490654014339633,0.20118586617493509
Bulk 65,0.30706839211531295,0.14183535372907205,0.1089156722152432,0.2151101420325572,0.2270704399078147
Bulk 66,0.16635559242247944,0.19156674447947455,0.1562822555925631,0.2564780528578127,0.22931735464767025
Bulk 67,0.3370438888072458,0.09229807091409074,0.17174522465525924,0.05739007956060262,0.3415227360628016
Bulk 68,0.3430102763218376,0.06109693984298544,0.04195566058174428,0.3701102848979477,0.1838268383554849
Bulk 69,0.1878222673715537,0.151605208152351,0.0,0.45744786562739875,0.2031246588486966
Bulk 70,0.20702229043036208,0.0,0.29103878632399455,0.5019389232456433,0.0
Bulk 71,0.13792420810538994,0.2053379403657723,0.0,0.43723681926029623,0.21950103226854156
Bulk 72,0.11102645725937109,0.23581208534046055,0.044828841003272515,0.3661258705326932,0.24220674586420263
Bulk 73,0.524510362764769,0.13518943112528897,0.0,0.10219109761837257,0.2381091084915694
Bulk 74,0.35135679585252283,0.11979621420717607,0.12304621038988192,0.1501492860225645,0.25565149352785477
Bulk 75,0.2981825031933311,0.11828437130549349,0.0,0.3228401842167931,0.2606929412843823
Bulk 76,0.0,0.22433770099723255,0.053773809354820776,0.408418262479373,0.3134702271685737
Bulk 77,0.7735616658001078,0.05844875923254897,0.0,0.0029383659250493727,0.1650512090422939
Bulk 78,0.34544592292058895,0.13928502189894787,0.0,0.32200278475803473,0.1932662704224283
Bulk 79,0.35569701587479136,0.09604819474883487,0.0,0.1771979727673855,0.3710568166089882
Bulk 80,0.4016995194508656,0.219722879333036,0.0,0.13215101872780424,0.24642658248829413
Bulk 81,0.4205799442171201,0.05120255855660876,0.0,0.27434727589464253,0.2538702213316286
Bulk 82,0.7700134869380724,0.062111839652862565,0.0021065504538911703,0.004186521318807882,0.16158160163636603
Bulk 83,0.21838213970027745,0.21852135424516447,7.921360537250463e-06,0.1890158811261545,0.37407270356786626
Bulk 84,0.17007511625798324,0.1747667575283795,0.08951959520528287,0.42175976767999457,0.14387876332835986
Bulk 85,0.06289469149191028,0.24864687211050945,0.13758897167021666,0.26217202457841293,0.28869744014895066
Bulk 86,0.08205442084779062,0.23219044229577568,0.10712405413476342,0.3209210150847623,0.257710067636908
Bulk 87,0.2837656623176741,0.1698441792839887,0.0,0.36464523510014585,0.1817449232981913
Bulk 88,0.25804958359980457,0.2140045894677144,0.0,0.3207818340836856,0.2071639928487954
Bulk 89,0.2002924806624185,0.18630327032877206,0.0,0.38959638048676914,0.2238078685220403
Bulk 90,0.09292267310116333,0.0874137610415068,0.23754586787092632,0.41461793942328257,0.16749975856312102
Bulk 91,0.4459863847459918,0.12769639681315376,0.0,0.25460706758477997,0.17171015085607452
Bulk 92,0.5493996472736488,0.12354497060341466,0.0,0.2022051012645996,0.1248502808583369
Bulk 93,0.057634678398151264,0.20640956198713964,0.17999017503982043,0.3593381940912856,0.19662739048360295
Bulk 94,0.3637024165356043,0.012209016819418264,0.10316360459042355,0.520924962054554,0.0
Bulk 95,0.2718217177984798,0.2610315513526642,0.03824464594635098,0.23990408895023138,0.18899799595227357
Bulk 96,0.5795349682324494,0.050915485217595965,0.1424931958995539,0.06935478152645204,0.15770156912394878
Bulk 97,0.23786292865877504,0.14728595460485386,0.2891359493558192,0.1829755586870492,0.14273960869350277
Bulk 98,0.3896837907385728,0.018877331546004326,0.3191129829059668,0.2723258948094561,0.0
Bulk 99,0.49066571889807187,0.0,0.24247217558526388,0.2668621055166642,0.0
Bulk 100,0.08547641237485475,0.22707220286186225,0.0,0.4045131860474425,0.2829381987158406
Bulk 101,0.6088057799615004,0.03795023765986194,0.0,0.1402986684301885,0.2129453139484492
Bulk 102,0.05609293979897478,0.10911454757077778,0.1607678459798954,0.5166239786255645,0.15740068802478746
Bulk 103,0.11343623382014933,0.010610732186608324,0.19053638457969518,0.590622048646224,0.09479460076732324
Bulk 104,0.3822789696810561,0.10425532786563274,0.061916852237503074,0.36177632361057555,0.08977252660523255
Bulk 105,0.7157294934009106,0.018423939032914824,0.0,0.07522049389467174,0.19062607367150292
Bulk 106,0.18277226723033513,0.22488962896170867,0.061090643157109575,0.24894341844126985,0.2823040422095768
Bulk 107,0.46338284942144436,0.11529684103310217,0.0,0.17531077775074277,0.2460095317947106
Bulk 108,0.17997435967410133,0.2727687916112471,0.03505121519947454,0.23046830930499662,0.2817373242101805
Bulk 109,0.3264774781153657,0.14900801076619916,0.0,0.24166484732875537,0.2828496637896798
Bulk 110,0.4582255608486236,0.04262304105494113,0.2805986973211523,0.21855270077528305,0.0
Bulk 111,0.8554074727451718,0.0,0.0,0.0,0.14459252725482827
Bulk 112,0.5652378567458177,0.04248030047302375,0.0,0.26656092906153495,0.12572091371962357
Bulk 113,0.4574263314969925,0.036733880360879385,0.11188522256970156,0.279206739223919,0.1147478263485076
Bulk 114,0.33129799764547063,0.20266314574597366,0.061081684900148724,0.15681165586928927,0.2481455158391178
Bulk 115,0.506921661139934,0.14009787256076253,0.0,0.21046029242290878,0.1425201738763948
Bulk 116,0.2666703228176816,0.2877188977325345,0.0,0.1562417696025018,0.2893690098472821
Bulk 117,0.0,0.33409685220603014,0.02771478284937426,0.24829715097706542,0.38989121396753024
Bulk 118,0.45641953091911924,0.1238541554373094,0.0,0.167498999680356,0.2522273139632153
Bulk 119,0.37471106802783244,0.09032667005853039,0.0,0.345784212098884,0.18917804981475314
Bulk 120,0.2773600643983459,0.1190225630576368,0.17446704405628527,0.23968547717105276,0.1894648513166793
Bulk 121,0.33678310719683086,0.11371368306902976,0.0,0.31598552983379885,0.23351767990034053
Bulk 122,0.8672993615971565,0.01602385430057001,0.0,0.0,0.1166767841022734
Bulk 123,0.26676364661031543,0.18782265658671896,0.1318533118491624,0.18007527893138853,0.23348510602241454
Bulk 124,0.2788514625433482,0.1682540864029532,0.07570886155332984,0.2505236867958303,0.2266619027045385
Bulk 125,0.26903738161706076,0.10950912376363837,0.10961642786875808,0.2579548924697483,0.25388217428079446
Bulk 126,0.22667988488948587,0.018556721978424773,0.16072456456777082,0.5940388285643184,0.0
Bulk 127,0.266781044382088,0.11647988166151575,0.04229659902697819,0.3553143570876919,0.21912811784172614
Bulk 128,0.24347798706712254,0.20434354499253224,0.0,0.2175896231949754,0.33458884474536993
Bulk 129,0.30554219451119774,0.1984902211242189,0.0,0.24249714683643006,0.25347043752815324
Bulk 130,0.6691013688008931,0.0025949773566390486,0.0,0.11242664315632095,0.21587701068614695
Bulk 131,0.45120243854427605,0.0,0.1324615828425008,0.12216039987244237,0.2941755787407809
Bulk 132,0.6972431472823314,0.09039743798009774,0.0,0.0,0.21235941473757086
Bulk 133,0.6703145006581481,0.07967996015275046,0.0,0.003745032317488156,0.2462605068716132
Bulk 134,0.5246677485524694,0.13088391852364856,0.0,0.1358637858561004,0.20858454706778148
Bulk 135,0.28404627838613566,0.13586416610130178,0.0,0.3180310684892694,0.26205848702329304
Bulk 136,0.23736202008241478,0.12176114206568932,0.16341641874153387,0.3089648109709307,0.1684956081394315
Bulk 137,0.36513422698303327,0.094872955889509,0.20488158215609176,0.16905493659924803,0.1660562983721181
Bulk 138,0.5582329849012271,0.08210820749673196,0.0,0.09620169488998823,0.2634571127120527
Bulk 139,0.4362005287326255,0.14554272793579132,0.0,0.16088469016503368,0.2573720531665495
Bulk 140,0.13754936153950667,0.14506920672725485,0.1496557936619851,0.34513138444370267,0.22259425362755067
Bulk 141,0.3076348369384964,0.053761729346138036,0.10907873054284709,0.4176573324304494,0.11186737074206904
Bulk 142,0.7383049606479368,0.0,0.03681642912656913,0.10835378005176263,0.1165248301737314
Bulk 143,0.5390192019127334,0.11112542265202817,0.0,0.12317189388688259,0.22668348154835577
Bulk 144,0.2274242590092803,0.13783805067831867,0.04222245925178721,0.3058524374449024,0.2866627936157114
Bulk 145,0.22733040526130344,0.21371898684463192,0.08368415487066636,0.2053389661768636,0.2699274868465347
Bulk 146,0.2591868729614579,0.07379684888252015,0.01138078990038884,0.48364026032310664,0.17199522793252636
Bulk 147,0.17245272793648267,0.14535299399147814,0.11241848186701446,0.3734221514986526,0.19635364470637207
Bulk 148,0.6396924642315129,0.0,0.0,0.3603075357684871,0.0
Bulk 149,0.29297396745571735,0.08985944069989715,0.10018192906479903,0.36618672544112996,0.15079793733845656
Bulk 150,0.10820762586824892,0.18013157137805952,0.0616320516144757,0.3150185741719032,0.33501017696731267
Bulk 151,0.4025724206651884,0.012120380124038611,0.0682676209034795,0.32538261459402423,0.1916569637132693
Bulk 152,0.2503405360789892,0.21802179791095946,0.11168695007258428,0.1305419437215155,0.28940877221595157
Bulk 153,0.17354338821406748,0.23606642010161238,0.08825447212680619,0.15859357859609086,0.343542140961423
Bulk 154,0.38728642206561825,0.10284147558850348,0.19526009477336453,0.23845509742516474,0.076156910147349
Bulk 155,0.16257694006467302,0.12134285968826242,0.0764975711887414,0.3677930619870786,0.27178956707124446
Bulk 156,0.6505155817228812,0.07854556108614229,0.0,0.0,0.27093885719097655
Bulk 157,0.4188765852470882,0.004416456101403679,0.02444966395723777,0.34863426892636995,0.20362302576790034
Bulk 158,0.29016647717999233,0.11664869165056432,0.0,0.3151662863295531,0.2780185448398902
Bulk 159,0.28677041806818604,0.1597063570984305,0.0,0.42226914553610523,0.13125407929727811
Bulk 160,0.2890493930550984,0.14203085042737484,0.24470818165910055,0.16849646429675824,0.1557151105616682
Bulk 161,0.2640716236693819,0.15057029185672371,0.1723726548771774,0.14053192551059931,0.2724535040861176
Bulk 162,0.1858871354830169,0.19525969154772824,0.02160541840010128,0.33541960881001787,0.2618281457591358
Bulk 163,0.35371398780718516,0.1674163301710876,0.0,0.22856680011589156,0.25030288190583555
Bulk 164,0.2319623846498115,0.18724197691963146,0.0033666873753667543,0.2548015637217691,0.3226273873334212
Bulk 165,0.3034410404457842,0.22237699062575764,0.0,0.2748276492298357,0.19935431969862255
Bulk 166,0.8370220664277188,0.0,0.0,0.0,0.1629779335722811
Bulk 167,0.23276374392787674,0.16413765200377328,0.23777132441362825,0.18269822852060905,0.18262905113411265
Bulk 168,0.1412532260696778,0.1998970287837205,0.01675131996979431,0.4024515282679179,0.2396468969088895
Bulk 169,0.4683812809830782,0.037793115874142476,0.24559619812650488,0.09223888230156271,0.15599052271471184
Bulk 170,0.029480617501251742,0.2269412695600867,0.25075001949235354,0.18128369568067776,0.3115443977656302
Bulk 171,0.05946752051691384,0.24859072943008087,0.023435887350634538,0.3333847928903312,0.33512106981203965
Bulk 172,0.14646390277341703,0.2227323907526308,0.0,0.2822088652343253,0.3485948412396269
Bulk 173,0.41934301463550067,0.14273856846573865,0.1210509915176985,0.3056318056435238,0.011235619737538248
Bulk 174,0.5692917888876405,0.05697456315023421,0.05530802721743425,0.1747096140670442,0.1437160066776469
Bulk 175,0.41924266302685476,0.052446635951914664,0.0,0.2798373941084986,0.24847330691273195
Bulk 176,0.12134738282077413,0.0,0.19648688671098993,0.5370707357965736,0.14509499467166243
Bulk 177,0.095690807895535,0.2581161021753385,0.11388796862746266,0.30419109279130724,0.2281140285103567
Bulk 178,0.2227102554166749,0.15789634676742473,0.16840697320757608,0.2136439260993371,0.23734249850898714
Bulk 179,0.30592874838878265,0.20404794528530407,0.0,0.3246427625841666,0.16538054374174657
Bulk 180,0.15458064532174123,0.22691945003776665,0.13713523451961704,0.1832319157763893,0.29813275434448583
Bulk 181,0.13004878443310444,0.1419598619478874,0.10223751210644462,0.31509354448503285,0.3106602970275306
Bulk 182,0.27087412588881143,0.1923101126817928,0.03657594355964087,0.24688795215612672,0.2533518657136283
Bulk 183,0.36282435452237843,0.12396777018365612,0.07241194195965794,0.2956839667308115,0.14511196660349612
Bulk 184,0.17026346777848012,0.11808313502721093,0.1068608235205499,0.33488187839477745,0.2699106952789816
Bulk 185,0.25753448460204575,0.12184066778026968,0.09196113107813278,0.26400247528451404,0.26466124125503776
Bulk 186,0.60500437789647,0.022560451905627537,0.0,0.1996234271285652,0.17281174306933722
Bulk 187,0.46442583841880464,0.0910826109233375,0.10600043178750354,0.1305154590059793,0.20797565986437486
Bulk 188,0.335286230858687,0.12825892832735142,0.18609391746022774,0.19343597363474976,0.15692494971898424
Bulk 189,0.5726006469390249,0.023085924805343997,0.0,0.18313563791404025,0.2211777903415909
Bulk 190,0.22944441062477514,0.16085448823514437,0.23299584029708653,0.1576449029488289,0.21906035789416514
Bulk 191,0.34950530661808404,0.13261817122085898,0.13514242097710563,0.19114276213051637,0.19159133905343495
Bulk 192,0.2785375942823711,0.16118608958537975,0.0,0.41896852982358257,0.14130778630866658
Bulk 193,0.8400439961905377,0.003124430316154116,0.0,0.0,0.15683157349330823
Bulk 194,0.3707776850882339,0.14424076792542126,0.17531871752287959,0.0695169885081523,0.2401458409553128
Bulk 195,0.2638827364768616,0.05289641014315019,0.021677975864642277,0.35720707509609495,0.30433580241925084
Bulk 196,0.43729470143841903,0.09163987957559268,0.0,0.17324401914755114,0.2978213998384371
Bulk 197,0.2365551765247536,0.10448435695547635,0.11131195842194905,0.3412767365465261,0.20637177155129494
Bulk 198,0.9011667790185459,0.0320408133680877,0.005171860321122015,0.061620547292244365,0.0
Bulk 199,0.617647217083031,0.06722784748126251,0.0,0.07306681088051027,0.2420581245551962
Bulk 200,0.17569804850456697,0.036625058459278534,0.19316763018663718,0.5278040655388452,0.06670519731067223
Bulk 201,0.30491748643634337,0.10912049475932267,0.035735643706986654,0.3493707597490306,0.20085561534831672
Bulk 202,0.4612495872624264,0.13016149991817677,0.0,0.29167396800660494,0.11691494481279194
Bulk 203,0.2879615505716621,0.10430883360178159,0.16092157049556277,0.27188254067897044,0.17492550465202314
Bulk 204,0.6556820798684154,0.11771626239875507,0.029363768401812415,0.15367148540821213,0.043566403922805017
Bulk 205,0.6159259115664538,0.05430889345046059,0.0,0.09145145690036771,0.23831373808271772
Bulk 206,0.6779816330876357,0.06205880012896323,0.0,0.15061672038349516,0.109342846399906
Bulk 207,0.14830848682035702,0.18364989743691493,0.10504573898484772,0.300192824828517,0.2628030519293633
Bulk 208,0.06212801712446073,0.1755848215752083,0.03852160198131048,0.40858314598698126,0.3151824133320392
Bulk 209,0.7071063821464214,0.043092389619970625,0.0,0.08705470602381486,0.16274652220979308
Bulk 210,0.41603791974043647,0.11476981715894112,0.0,0.2157631107175076,0.2534291523831148
Bulk 211,0.20035025899483444,0.02429113454962834,0.0902832798661084,0.46556119865922735,0.2195141279302015
Bulk 212,0.34763600748585677,0.20915206464231856,0.0,0.17112896460955948,0.2720829632622652
Bulk 213,0.6015441909600505,0.057691285473600536,0.0,0.12126398793787033,0.21950053562847865
Bulk 214,0.7386069304344481,0.01144791184317546,0.0,0.17696664506433143,0.07297851265804502
Bulk 215,0.9857806567928934,0.014219343207106591,0.0,0.0,0.0
Bulk 216,0.3148193001378171,0.1947898287813799,0.0,0.18840594549476306,0.3019849255860399
Bulk 217,0.4414238154724691,0.1375766657907817,0.0,0.12465373225452027,0.29634578648222887
Bulk 218,0.05672231671236458,0.11912528477398815,0.19457445126042675,0.4426530937072199,0.1869248535460007
Bulk 219,0.4328153368968195,0.16362377010017998,0.017967418043067774,0.13146156195220654,0.25413191300772614
Bulk 220,0.5332283632993045,0.10817363178655469,0.0,0.06595002044368507,0.29264798447045587
Bulk 221,0.22792090198872486,0.22116300144415796,0.06951909835421852,0.27450158412741654,0.20689541408548223
Bulk 222,0.14114908356875927,0.10305359155040053,0.1046199108244382,0.42222121280276903,0.22895620125363292
Bulk 223,0.2827596801564743,0.20825622783056374,0.004373189209825045,0.29736674553419473,0.20724415726894213
Bulk 224,0.7591734178275706,0.07074982307863137,0.0,0.11260400487042833,0.05747275422336967
Bulk 225,0.8923091551967629,0.08407049170119134,0.0,0.0,0.02362035310204564
Bulk 226,0.5061574326799492,0.10422058301717947,0.0,0.25927252167138676,0.13034946263148456
Bulk 227,0.03039316191817663,0.23879059588463267,0.11918398355352273,0.30071905781273933,0.3109132008309285
Bulk 228,0.38112142637652807,0.1787268177114448,0.03738082316158812,0.10018716336998171,0.30258376938045745
Bulk 229,0.31227770133639965,0.2074835240654161,0.0,0.36127449978512377,0.11896427481306052
Bulk 230,0.15879772369365142,0.13423112681209481,0.15742316934947073,0.38899168957518804,0.160556290569595
Bulk 231,0.8346773990536128,0.0,0.0,0.0,0.16532260094638712
Bulk 232,0.0,0.2388776991583675,0.16094498152357922,0.3111654740542445,0.28901184526380874
Bulk 233,0.36172978753622304,0.15671826968037464,0.0,0.16206140754080964,0.3194905352425928
Bulk 234,0.2868864417019064,0.11032628716743986,0.136789315646874,0.274235889967195,0.1917620655165846
Bulk 235,0.25101642120844847,0.17925903911173288,0.25781888295000754,0.12270218408109344,0.18920347264871767
Bulk 236,0.0,0.2505386546201196,0.0823678380439331,0.39035371334197455,0.27673979399397275
Bulk 237,0.24354145310781075,0.25472510506388774,0.0,0.1861469466731658,0.31558649515513576
Bulk 238,0.45322301093434136,0.1066281226613276,0.0,0.07597316352197506,0.36417570288235596
Bulk 239,0.07807326626068155,0.2503662239945232,0.1382456459743275,0.3144812958333477,0.21883356793712014
Bulk 240,0.1609204097750293,0.2560893456435088,0.06768977781290923,0.3446679243776102,0.1706325423909426
Bulk 241,0.04412486216614795,0.2749476675804387,0.036402752639945725,0.30226050900073625,0.34226420861273127
Bulk 242,0.801946760232638,0.0027488570838558944,0.0,0.0,0.19530438268350597
Bulk 243,0.27780760460020254,0.1919261710127708,0.09634588394268541,0.20120652119425594,0.23271381925008544
Bulk 244,0.1884285092458829,0.180088283075255,0.12232245568541317,0.26204577404384854,0.24711497794960038
Bulk 245,0.46947501911477585,0.10318556047138298,0.23729904789194925,0.06656919008359391,0.12347118243829802
Bulk 246,0.12007519891392701,0.2619495868866936,0.0,0.3281803154971236,0.2897948987022557
Bulk 247,0.4359496047487058,0.1870036412383502,0.0,0.08378941283602512,0.2932573411769189
Bulk 248,0.4937273388027057,0.17594731370607913,0.0,0.15987170985648205,0.17045363763473312
Bulk 249,0.27660887674166434,0.15145689922477695,0.26832046157404776,0.11078111530963791,0.19283264714987308
Bulk 250,0.6660394698319205,0.07359801378822949,0.0,0.0,0.2603625163798499
Bulk 251,0.22839027759741756,0.18525012583063916,0.0396611370707689,0.42661440214100765,0.12008405736016667
Bulk 252,0.22771482372773758,0.14388172550040906,0.155228438945229,0.22720466313619175,0.2459703486904326
Bulk 253,0.28693771154784,0.19404531280688989,0.05552506850916914,0.19558108235656624,0.2679108247795349
Bulk 254,0.4659752172094016,0.10472749511010086,0.0,0.20773204195784417,0.22156524572265332
Bulk 255,0.5810578311879749,0.11599577602404752,0.0,0.10634269787967114,0.19660369490830645
Bulk 256,0.159898911041672,0.23670674705996844,0.07303910665931261,0.3004868162316825,0.2298684190073644
Bulk 257,0.0954102548058947,0.24111770686135883,0.02055454769598945,0.3223760565265808,0.32054143411017616
Bulk 258,0.343765865993907,0.13655573495068407,0.10422979668680188,0.05087721756634003,0.36457138480226703
Bulk 259,0.2357902971042696,0.19693924712938304,0.24522776393358806,0.12512249153367183,0.19692020029908752
Bulk 260,0.03353713602364818,0.27103024370118506,0.06288467831872602,0.33814329500713103,0.2944046469493096
Bulk 261,0.1591240406236762,0.09728360339242005,0.06973052788182005,0.42028115042018704,0.2535806776818967
Bulk 262,0.14842306922881957,0.1786567445829261,0.0,0.38037082565394714,0.29254936053430725
Bulk 263,0.4834886985135232,0.15662960235591133,0.0,0.09534481204159151,0.26453688708897394
Bulk 264,0.23717124338284065,0.10754802294062353,0.0,0.3946077071005173,0.26067302657601843
Bulk 265,0.07799011670706092,0.22097392801683297,0.10271469470527925,0.3787755905763697,0.21954566999445732
Bulk 266,0.6533783550703316,0.04937133956323482,0.0,0.0,0.29725030536643376
Bulk 267,0.2953440727639721,0.07342607315674396,0.05355539515291986,0.4617381728067125,0.11593628611965152
Bulk 268,0.5023981419594472,0.06383531091138918,0.0,0.1580094718956393,0.27575707523352433
Bulk 269,0.49338788161569697,0.03625472865608078,0.10312266184614492,0.14672586979175187,0.2205088580903254
Bulk 270,0.2887908628906349,0.14049343024850589,0.09796624196615436,0.3287982889744987,0.14395117592020615
Bulk 271,0.0,0.13140936446876675,0.1903013780027255,0.47048619730394914,0.2078030602245585
Bulk 272,0.19246849508097189,0.11984735614687352,0.3580514823430893,0.22734694437166764,0.10228572205739779
Bulk 273,0.4838430809898314,0.1746078413644879,0.0,0.02511041336724901,0.31643866427843165
Bulk 274,0.3161774860506002,0.17033097025976546,0.0,0.31051385584407504,0.2029776878455591
Bulk 275,0.009696619869474296,0.12834653968942786,0.1327610810382595,0.42617613775841956,0.3030196216444189
Bulk 276,0.5590793432557445,0.0056560241160019025,0.0,0.3126843418687632,0.1225802907594905
Bulk 277,0.8539121219857138,0.004437101930783017,0.0,0.0,0.14165077608350318
Bulk 278,0.4597313956054554,0.19531182776873,0.0,0.055683265894088195,0.2892735107317264
Bulk 279,0.2257565314528144,0.1226193541067657,0.005091883642389744,0.4599258108094624,0.1866064199885678
Bulk 280,0.4906444264085618,0.1844997273798763,0.0,0.09263929353589571,0.23221655267566615
Bulk 281,0.8202202937590698,0.014654790263253038,0.0,0.0,0.1651249159776771
Bulk 282,0.5208798206445442,0.13987074630304122,0.0,0.10411444822085063,0.23513498483156406
Bulk 283,0.3556103626727291,0.12326619919256314,0.3249262784136238,0.10962733199906441,0.08656982772201946
Bulk 284,0.7671181731156973,0.10853789203005622,0.0,0.09751401645415099,0.026829918400095448
Bulk 285,0.22495067540381133,0.2678666268569174,0.14805206673345528,0.08279654394369435,0.27633408706212165
Bulk 286,0.15988876931649793,0.28425862891137843,0.13123838882013472,0.17671976049851165,0.24789445245347722
Bulk 287,0.19420817514016708,0.17012923798918553,0.0,0.3382409942603169,0.2974215926103305
Bulk 288,0.2685112967543365,0.1751774458275117,0.005279320254865206,0.27205481840265716,0.2789771187606295
Bulk 289,0.94668952545862,0.0,0.0,0.003991868852973804,0.049318605688406264
Bulk 290,0.297564439771817,0.042655217127043954,0.0,0.3516888197618909,0.30809152333924805
Bulk 291,0.5619101141402494,0.12368296072756585,0.0,0.07930009158436724,0.23510683354781745
Bulk 292,0.3007225740258752,0.2874841785715958,0.01547715306265947,0.0670773311277919,0.32923876321207757
Bulk 293,0.2450743640644214,0.14713520752010548,0.03869533474277371,0.3393634014934288,0.22973169217927059
Bulk 294,0.3143184780792579,0.16309259881680852,0.05008010832844037,0.33696985185083356,0.13553896292465964
Bulk 295,0.37436607674268224,0.08881103205953962,0.3952075071401618,0.009697528329826077,0.13191785572779025
Bulk 296,0.6752119408149241,0.16473387049031016,0.0,0.0,0.16005418869476573
Bulk 297,0.5241928317974884,0.10878842720934381,0.18306313026564655,0.03151883967504214,0.15243677105247905
Bulk 298,0.30928428343666853,0.18995403403824143,0.005303849782243114,0.30724474657669254,0.18821308616615443
Bulk 299,0.3573944697958068,0.20948571608443192,0.13269801809882215,0.1446738310319153,0.1557479649890238
Bulk 300,0.25377233979844716,0.1623698819485082,0.04958203633448761,0.3196435206102646,0.2146322213082925
Bulk 301,0.26761407656717373,0.17130650529759103,0.0,0.31417045433083596,0.2469089638043993
Bulk 302,0.09003877910973038,0.1836286610249143,0.005514146069197698,0.3854920434271269,0.3353263703690309
Bulk 303,0.45109756454476035,0.09273976615698983,0.0,0.1772175854063258,0.278945083891924
Bulk 304,0.20959367731546866,0.28678002210249526,0.08095437145684128,0.1465508674101365,0.27612106171505835
Bulk 305,0.5421356567409982,0.12125250116300591,0.0,0.0,0.336611842095996
Bulk 306,0.5727406808911177,0.1940380869848988,0.0,0.012489885101363256,0.2207313470226201
Bulk 307,0.6188438505247283,0.042186237193888275,0.0,0.01249404228852152,0.3264758699928619
Bulk 308,0.5434711243803972,0.15371194483890177,0.0,0.0,0.30281693078070093
Bulk 309,0.5700799475468998,0.008621635612358115,0.0,0.13442508443781168,0.2868733324029303
Bulk 310,0.34822471644938546,0.12968533024809062,0.2020046207763473,0.2586222421717137,0.061463090354463006
Bulk 311,0.18736195368773945,0.2748415386758196,0.24800152652191185,0.16069683618714425,0.12909814492738486
Bulk 312,0.5395417188688402,0.15082086424675087,0.0,0.11858195198318411,0.19105546490122483
Bulk 313,0.47064494731116585,0.07426970842135058,0.07890758325906375,0.20749883490440602,0.16867892610401378
Bulk 314,0.30267738715146925,0.22091637851175697,0.2237935165460172,0.04807339269733384,0.20453932509342276
Bulk 315,0.5055495160194872,0.018381152735458574,0.0,0.26104424898837464,0.21502508225667957
Bulk 316,0.21493445262368574,0.15648416790006164,0.09911723808147582,0.22781347393619725,0.30165066745857955
Bulk 317,0.46622650933663773,0.18456219952045388,0.0,0.15403089678673837,0.19518039435617004
Bulk 318,0.23986432360753687,0.26091577487394113,0.02910360869520627,0.14133626020451057,0.3287800326188051
Bulk 319,0.24778582717790312,0.11358078252669365,0.08655521344287816,0.3436715559479071,0.20840662090461784
Bulk 320,0.092186631888589,0.1954112626473783,0.23069582093600347,0.3045115774960019,0.1771947070320274
Bulk 321,0.258464232420608,0.19884072853725893,0.1399506819905901,0.18481533321923915,0.21792902383230375
Bulk 322,0.18934805310300004,0.19114135458900725,0.0,0.3990686246010457,0.22044196770694693
Bulk 323,0.40120886660672544,0.22241801896809008,0.021398694619798632,0.028079554649552328,0.32689486515583355
Bulk 324,0.36507893843765776,0.25652101886428025,0.06139932446900905,0.0,0.3170007182290529
Bulk 325,0.27757322358956127,0.1876496557260477,0.17910239629391128,0.09690635896209722,0.2587683654283826
Bulk 326,0.027480913777693676,0.19426690039088904,0.27383744204495974,0.23626423974956898,0.2681505040368885
Bulk 327,0.40191040967343333,0.14563402065152103,0.14897464268653593,0.06372960777335003,0.23975131921515971
Bulk 328,0.5104649728282975,0.1779237653678901,0.0,0.08404853308439204,0.22756272871942038
Bulk 329,0.48865898898031973,0.11124222066803831,0.0,0.2926253420001918,0.10747344835145017
Bulk 330,0.30840677014006324,0.17665598989120185,0.1899649853843768,0.188664288974764,0.13630796560959413
Bulk 331,0.5233590021100072,0.1885596845887535,0.0,0.033095553148279104,0.2549857601529601
Bulk 332,0.26091236498981263,0.2559556103186815,0.0,0.15827625904141981,0.3248557656500859
Bulk 333,0.6892317384147645,0.045831219171949635,0.0,0.0,0.26493704241328586
Bulk 334,0.0016165278881319503,0.20481381214190544,0.02664564362519997,0.41371516378280354,0.3532088525619591
Bulk 335,0.43110878922336004,0.09160930543484934,0.02541062679475347,0.299361841955915,0.15250943659112212
Bulk 336,0.40215560553558993,0.2008949481734451,0.012634623841640446,0.04132428985062399,0.3429905325987005
Bulk 337,0.1652601215248104,0.18760467935433606,0.0027437216985613634,0.4022601202730952,0.24213135714919704
Bulk 338,0.15521285789491499,0.22829218959733352,0.020056405728554084,0.3207663541657766,0.2756721926134208
Bulk 339,0.7612281378192898,0.02331306535481454,0.0,0.0,0.21545879682589572
Bulk 340,0.14743521387633673,0.1891056767538109,0.11475142958877357,0.28343925975211687,0.2652684200289619
Bulk 341,0.19967515376586048,0.20129666792290626,0.1743828395150079,0.15163528196125808,0.27301005683496715
Bulk 342,0.09141059169289863,0.0014142246656239765,0.23743365487438084,0.4782160653403501,0.1915254634267464
Bulk 343,0.19407761912637422,0.21658829562248894,0.006203125028419866,0.2557169654676054,0.3274139947551115
Bulk 344,0.7461011854916034,0.0,0.0,0.0,0.25389881450839663
Bulk 345,0.3120702263647842,0.14799738252962816,0.2969207560664768,0.090221483631865,0.152790151407246
Bulk 346,0.4389778052529775,0.08718441290897426,0.0,0.2138797111359029,0.25995807070214544
Bulk 347,0.5246632829730512,0.17574163897917314,0.0,0.14304704415042474,0.15654803389735095
Bulk 348,0.18384846750092823,0.18346452585484607,0.19256428908409173,0.1499055330954305,0.29021718446470346
Bulk 349,0.3780263222044836,0.18708379237309522,0.06413380702362645,0.1857636732916969,0.18499240510709786
Bulk 350,0.5191268820775693,0.23213538829428942,0.019852937354237866,0.0,0.2288847922739035
Bulk 351,0.9170900232334479,0.0,0.08290997676655198,0.0,0.0
Bulk 352,0.0777259058971465,0.27023290831212793,0.0,0.35999051924568093,0.2920506665450446
Bulk 353,0.4369344592720996,0.155361464156177,0.0,0.30504566081542933,0.10265841575629421
Bulk 354,0.399037402152624,0.18858467155080677,0.06966098994207069,0.20284454124381276,0.13987239511068564
Bulk 355,0.3748781182238662,0.1601855997166079,0.0,0.17598411380495943,0.2889521682545664
Bulk 356,0.3164139871873848,0.115111371054048,0.14438946270912925,0.2572499608911569,0.1668352181582809
Bulk 357,0.2008920480153322,0.27582861648887064,0.12922066246095482,0.1457936027841975,0.24826507025064504
Bulk 358,0.500281433356815,0.11908910907785006,0.0,0.1006305787273681,0.279998878837967
Bulk 359,0.17734056479751753,0.22131027133519343,0.019722737514205658,0.28032668522434157,0.30129974112874175
Bulk 360,0.11954220873949392,0.22837420347625456,0.24892993557615464,0.16658326489441375,0.23657038731368313
Bulk 361,0.3204061246357349,0.1460230733764331,0.17589808391500664,0.18161621203300196,0.1760565060398233
Bulk 362,0.10650265058530028,0.14192104761626587,0.06957630242217275,0.4262494263761096,0.25575057300015164
Bulk 363,0.23483640813733248,0.19790328983524452,0.018542196350391605,0.3696599866448257,0.17905811903220584
Bulk 364,0.29277482580999326,0.17613431174343508,0.0,0.2251529170212328,0.30593794542533886
Bulk 365,0.37184232601976225,0.17194339735739744,0.0,0.203534329519699,0.25267994710314123
Bulk 366,0.40334888418245535,0.0683126552088261,0.0,0.1875279864707475,0.34081047413797105
Bulk 367,0.9105200091113814,0.0,0.0,0.019286845620591027,0.07019314526802757
Bulk 368,0.23546962600934374,0.2220997933292754,0.0,0.1719401724819987,0.3704904081793821
Bulk 369,0.2581061016155936,0.17140800932400838,0.12633192049572617,0.2328018883837719,0.2113520801809
Bulk 370,0.5279625184920504,0.16571995780075915,0.0,0.0,0.30631752370719045
Bulk 371,0.4265776705208031,0.2977204507686231,0.00185845889333389,0.0,0.27384341981723986
Bulk 372,0.37485077895503666,0.17077780083789196,0.0019711543526200665,0.23503714726868383,0.21736311858576757
Bulk 373,0.2875952690906842,0.06370016354203728,0.14436541432719308,0.4077996877404839,0.0965394652996016
Bulk 374,0.33418677915617234,0.15027698406582435,0.14270143873538457,0.23547675569590593,0.1373580423467128
Bulk 375,0.10515239251398135,0.28331299548876093,0.0,0.2168993943949304,0.3946352176023273
Bulk 376,0.7445213891052657,0.015079071514937571,0.0,0.01662576423351546,0.22377377514628136
Bulk 377,0.3531619478292696,0.23156023340697582,0.0,0.19016846514431465,0.22510935361944
Bulk 378,0.16018546609958215,0.27475075390347525,0.09013962514897667,0.0,0.47492415484796596
Bulk 379,0.12198611357484664,0.2560547135227064,0.0,0.23278272295421132,0.3891764499482355
Bulk 380,0.5600896551017002,0.15023536077081623,0.0,0.09217026691979455,0.19750471720768917
Bulk 381,0.6101822525964039,0.11878231692564968,0.0,0.030829792519158992,0.24020563795878747
Bulk 382,0.4484928222555831,0.1403022982583766,0.08997987887087451,0.04800085824579593,0.27322414236936987
Bulk 383,0.4323874545448715,0.17073416411291775,0.0,0.15061458147890805,0.24626379986330277
Bulk 384,0.016049649391929113,0.2939622841629305,0.10421458962719983,0.21300532140493014,0.3727681554130104
Bulk 385,0.22263787696303736,0.14613370576699605,0.0875591107275139,0.34714334025265936,0.19652596628979327
Bulk 386,0.4454156400505196,0.09429337272622504,0.046615351022939344,0.1550735791270099,0.25860205707330614
Bulk 387,0.24567888949769995,0.2471419609899967,0.0,0.23675924061993214,0.27041990889237116
Bulk 388,0.5001528673197514,0.22577138214555653,0.0,0.07309207829547579,0.20098367223921626
Bulk 389,0.22872009918632424,0.2252926419753082,0.11903020792567963,0.16527509727768233,0.26168195363500557
Bulk 390,0.33668764959029945,0.1276866328931414,0.027425137244624156,0.2691510533052147,0.23904952696672022
Bulk 391,0.5009873575645412,0.114385286751776,0.0,0.14273189972859476,0.24189545595508816
Bulk 392,0.1041337725688283,0.1412140764501867,0.23126328969455245,0.356443416445138,0.1669454448412946
Bulk 393,0.14919229716034105,0.2746053676562625,0.02796227558037915,0.2564875278025243,0.29175253180049293
Bulk 394,0.5565111687515437,0.09216149107231908,0.057524900872545075,0.06905534392876858,0.2247470953748235
Bulk 395,0.1979359914352601,0.27953315938696255,0.11012571057982201,0.09550266094581929,0.3169024776521359
Bulk 396,0.3313692638157646,0.21978719808195102,0.0,0.18283917624813176,0.26600436185415266
Bulk 397,0.714394535126499,0.06403346768929251,0.0,0.0,0.22157199718420845
Bulk 398,0.7604088467244164,0.05468640333280564,0.0,0.008727857663230918,0.17617689227954703
Bulk 399,0.6744474162867177,0.09983785050801253,0.0,0.0,0.22571473320526975
Bulk 400,0.5053963064081549,0.1492319624010427,0.06480594089717959,0.017042166730062414,0.26352362356356046
Bulk 401,0.466056361188312,0.12964427021236383,0.03047243425970108,0.19766981024334823,0.17615712409627488
Bulk 402,0.17014164708798488,0.2865779967708714,0.0,0.19626005051296763,0.34702030562817604
Bulk 403,0.49749469138653973,0.14351272469771614,0.0,0.045871519391462195,0.3131210645242819
Bulk 404,0.5531681060981165,0.11122073211730563,0.09672678055264226,0.08506399524376308,0.15382038598817258
Bulk 405,0.3978111242655168,0.12668655960090072,0.07903983287425971,0.2190741707858874,0.17738831247343528
