,Ast,End,Mic,Neu,Oli
Bulk 0,0.03056260701891824,0.21765579598784038,0.08254253788127175,0.37688115279068324,0.2923579063212865
Bulk 1,0.048846407774216116,0.21364819794619289,0.18629989042105452,0.35941045561124285,0.19179504824729354
Bulk 2,0.4358682179286184,0.0,0.14470523578059663,0.3848139452870038,0.0346126010037811
Bulk 3,0.0,0.20037773979407547,0.20885594554103182,0.3873641776531753,0.2034021370117174
Bulk 4,0.39360934509041445,0.10884444014354425,0.04828479948082221,0.27286810705715414,0.1763933082280649
Bulk 5,0.061256966416486924,0.24272205850711986,0.0655679840624164,0.3661764475236885,0.2642765434902884
Bulk 6,0.3618269627233065,0.1381988246557441,0.11176711951289867,0.22921290777320397,0.15899418533484666
Bulk 7,0.5223952202458666,0.013459319620815634,0.0,0.2551326708647772,0.20901278926854047
Bulk 8,0.503398346434958,0.02645259061085412,0.11829980426519479,0.3518492586889932,0.0
Bulk 9,0.7679793307366036,0.0,0.0,0.0,0.2320206692633964
Bulk 10,0.12296406817674163,0.19560063734014418,0.042893633041561276,0.47816675343630904,0.1603749080052439
Bulk 11,0.16558313386782153,0.25398333067866363,0.0,0.22457615224505648,0.3558573832084582
Bulk 12,0.17415525918117114,0.1599765231938153,0.15544358387522447,0.3316250234809147,0.17879961026887436
Bulk 13,0.11913335549514219,0.20848583246361457,0.08009247519148302,0.3006657682777729,0.2916225685719872
Bulk 14,0.5749012336531868,0.06389743545553812,0.05628313879598538,0.06453460115786648,0.2403835909374232
Bulk 15,0.3773221735863302,0.12654053389765169,0.1557492183038267,0.27598521108398244,0.06440286312820888
Bulk 16,0.40133375305555896,0.04544768073284565,0.0,0.3850384228472656,0.16818014336432982
Bulk 17,0.6555297404594647,0.04219977025680182,0.0,0.16371822099188948,0.13855226829184408
Bulk 18,0.45132180661549587,0.13868650365702195,0.03727270257817729,0.2801328295743334,0.09258615757497134
Bulk 19,0.009341795158458937,0.22463466468105941,0.11112901713311654,0.4093345630962444,0.24555995993112067
Bulk 20,0.1664534466773462,0.2690873935700749,0.0621934996088388,0.28461750217195336,0.21764815797178677
Bulk 21,0.22064249094212382,0.18068106973488388,0.1393785658268571,0.29885829151984683,0.16043958197628835
Bulk 22,0.0,0.22709873007810064,0.0787207429218675,0.44860227403051134,0.24557825296952043
Bulk 23,0.18552423050768665,0.08067589063447594,0.05599835449319892,0.4395503034056129,0.2382512209590256
Bulk 24,0.31305580154811097,0.18816508159408818,0.08184811891445623,0.1788498518144667,0.23808114612887799
Bulk 25,0.14206692647213917,0.19104341867556945,0.08780239284361947,0.3590747865446407,0.2200124754640311
Bulk 26,0.556789238633844,0.0,0.0,0.3083977636237475,0.13481299774240857
Bulk 27,0.587500497950051,0.0,0.0,0.3059176062133516,0.10658189583659732
Bulk 28,0.19509283644279235,0.2495514421515318,0.005570762976720601,0.30718821564345083,0.2425967427855045
Bulk 29,0.30006650941008023,0.19655736001221794,0.0,0.319232246782245,0.18414388379545682
Bulk 30,0.20951248574325812,0.07029870038849063,0.27729068957885483,0.30730092557320077,0.1355971987161956
Bulk 31,0.2307580575656017,0.22499151928547856,0.10383933433939142,0.14213544469263462,0.2982756441168939
Bulk 32,0.19171087260643022,0.11923838054530886,0.08640053797180774,0.31963734438672364,0.28301286448972957
Bulk 33,0.0,0.20001925625762523,0.11080857931073698,0.4772065149931932,0.21196564943844456
Bulk 34,0.07504831845464766,0.24783905754605348,0.16527297654670772,0.32130458438166304,0.19053506307092807
Bulk 35,0.6280258272934103,0.037277488401120946,0.0,0.009082326735351736,0.3256143575701171
Bulk 36,0.23830789289055254,0.12257926305370775,0.29315018057432407,0.20009524753363844,0.14586741594777722
Bulk 37,0.33197936834317493,0.17384652221026062,0.12704961808915194,0.14697414306781192,0.22015034828960064
Bulk 38,0.2641235016206056,0.2330500965857018,0.09654807466597916,0.14928542430136282,0.25699290282635073
Bulk 39,0.03875331195634404,0.2683284013430763,0.06325299319236169,0.3139223018151601,0.3157429916930579
Bulk 40,0.4009902752160651,0.08726006216930753,0.0,0.3427940712503324,0.1689555913642949
Bulk 41,0.5239685197204796,0.11371040163770747,0.0,0.2573186411182152,0.10500243752359785
Bulk 42,0.2871259554764679,0.1395923123672136,0.14009395960074073,0.267138017897251,0.16604975465832683
Bulk 43,0.2222386710785932,0.20058519299950778,0.04607630329402234,0.2950178686069859,0.2360819640208907
Bulk 44,0.3867701740391504,0.07051333162020425,0.0,0.4435243371233419,0.09919215721730354
Bulk 45,0.993164493240845,0.0,0.0,0.0,0.006835506759155033
Bulk 46,0.4222913593943508,0.16272207915595935,0.0,0.26344283426040316,0.15154372718928663
Bulk 47,0.22260640425387604,0.08468845546469449,0.11679651076170393,0.35619488567738933,0.21971374384233638
Bulk 48,0.49954554901605885,0.14303235816239812,0.12295569496591889,0.06740374350417332,0.1670626543514508
Bulk 49,0.03657210510136786,0.15579260212633336,0.07354226788712358,0.5477929044989756,0.1863001203861996
Bulk 50,0.5881333262828674,0.0,0.0,0.31948683638023545,0.09237983733689725
Bulk 51,0.2600559379295212,0.08113699414509926,0.01362731045444212,0.3727831873075236,0.27239657016341384
Bulk 52,0.24893842799438992,0.1044946926572577,0.31772779702105686,0.19963011046857654,0.12920897185871896
Bulk 53,0.12305060138472221,0.25275427351770635,0.06150988882142879,0.2912265143439508,0.2714587219321918
Bulk 54,0.22504946053974792,0.19990669896248425,0.07785272103984288,0.2772519575615028,0.21993916189642215
Bulk 55,0.14193497183535303,0.1714860183376077,0.0,0.3846138604349348,0.3019651493921045
Bulk 56,0.8395314415614743,0.0,0.0,0.16046855843852564,0.0
Bulk 57,0.8557322186668579,0.019918828372538708,0.0,0.0,0.12434895296060344
Bulk 58,0.6065765824192167,0.10356588554939697,0.0,0.13287174903985674,0.15698578299152943
Bulk 59,0.3508844063313927,0.08343633485847196,0.0,0.4407192371282707,0.1249600216818646
Bulk 60,0.0639772178856559,0.28820047162654655,0.10213381950149962,0.23614579144291706,0.30954269954338104
Bulk 61,0.19479844470215327,0.05579590546592987,0.2080737488184164,0.466433117192149,0.07489878382135144
Bulk 62,0.06779327795512624,0.24693961726237745,0.17820749744335426,0.2901493222050267,0.21691028513411534
Bulk 63,0.28314593642779406,0.0978232686946109,0.2180161334029292,0.1982640884649807,0.20275057300968508
Bulk 64,0.30855704893727576,0.03756891610902683,0.20412436829383448,0.355651583125291,0.09409808353457193
Bulk 65,0.3636413024530833,0.06986071970657234,0.0781105516757205,0.37121251090964624,0.11717491525497764
Bulk 66,0.36727254446138885,0.15327573957609772,0.1317977705482469,0.19612181005087537,0.15153213536339122
Bulk 67,0.18596355953062543,0.1892519542625699,0.02472489031179873,0.22551052661309412,0.37454906928191184
Bulk 68,0.309684625779432,0.17975022176880917,0.0,0.3559301124014172,0.15463504005034157
Bulk 69,0.13900893205635534,0.08636461665632156,0.11935780325367325,0.46153842767310577,0.1937302203605442
Bulk 70,0.13580645306335176,0.039206060740626644,0.09940757478163408,0.675988794061695,0.0495911173526927
Bulk 71,0.3087232184965531,0.18856360041026904,0.0,0.21677630464696296,0.285936876446215
Bulk 72,0.009380270213091069,0.17872840026748255,0.028425873866206198,0.48323857654970187,0.30022687910351836
Bulk 73,0.47900544729279787,0.09484465686143621,0.0,0.24197405010822157,0.18417584573754428
Bulk 74,0.4107314210630167,0.0,0.2743007285116959,0.2658883528840153,0.049079497541272055
Bulk 75,0.47720273671554314,0.09339635931845984,0.0,0.3474447800326023,0.08195612393339478
Bulk 76,0.09431554451764432,0.1702298003177113,0.035870904538636776,0.413742875445362,0.28584087518064566
Bulk 77,0.4933365909045775,0.15022593622311783,0.0,0.13001942221102908,0.22641805066127554
Bulk 78,0.5446345619354482,0.04583143269755708,0.177518054137852,0.16978071809538947,0.062235233133753225
Bulk 79,0.3265539640861969,0.14455577678399026,0.0,0.2944681355850229,0.23442212354478992
Bulk 80,0.35814406695195944,0.23394758903142268,0.09114244126184153,0.16544487754154585,0.15132102521323057
Bulk 81,0.5422486933561413,0.11000124466911176,0.0,0.19087789879840458,0.1568721631763424
Bulk 82,0.7608085923762102,0.04121742171109446,0.0,0.0,0.19797398591269513
Bulk 83,0.08451839748435404,0.20232365001194108,0.19676162574037742,0.2614105218641704,0.254985804899157
Bulk 84,0.23676098560843004,0.12541580617547063,0.0,0.41750689220672377,0.2203163160093756
Bulk 85,0.1663780503069756,0.05363412379937905,0.10546858528414677,0.5109783031602795,0.16354093744921902
Bulk 86,0.13109940927764827,0.20379529583605016,0.0,0.33461745819683947,0.3304878366894621
Bulk 87,0.3515835085745657,0.15668076499411632,0.09784376482336388,0.3374149127649861,0.05647704884296803
Bulk 88,0.16902790643759788,0.19638583060633494,0.05578408112112571,0.3310510839776725,0.24775109785726898
Bulk 89,0.1518656008975831,0.10366999310060158,0.10068342044890254,0.4260903666863025,0.2176906188666103
Bulk 90,0.32026264702619317,0.1278396681337419,0.0,0.32605053733748607,0.22584714750257887
Bulk 91,0.4524055348194372,0.15702722211301956,0.0,0.09522601282965824,0.2953412302378851
Bulk 92,0.4591180810599669,0.024046760568256092,0.08121882714005978,0.2613647308665257,0.17425160036519155
Bulk 93,0.15027491094253997,0.1925495006204286,0.14833069200162233,0.380970481751339,0.1278744146840701
Bulk 94,0.16726810953533103,0.21739061207161378,0.0,0.363729250653078,0.25161202773997726
Bulk 95,0.21057560317224105,0.15260473680620756,0.10949901599598214,0.3781415963653719,0.14917904766019724
Bulk 96,0.7582647723597538,0.056571415505259764,0.014790547806674879,0.0,0.17037326432831168
Bulk 97,0.2753084321598435,0.14665023454478657,0.21610260144963864,0.20462213114477645,0.1573166007009549
Bulk 98,0.4121965319983254,0.0,0.2244330567179107,0.36337041128376396,0.0
Bulk 99,0.6878178728178679,0.0,0.19438326501709166,0.11779886216504044,0.0
Bulk 100,0.0,0.21567642910252383,0.10288205221444767,0.4082893986963344,0.27315211998669403
Bulk 101,0.34114327454356297,0.13600114037012304,0.14997382038538531,0.19375064333946398,0.17913112136146472
Bulk 102,0.21668708773651588,0.13954591514960127,0.0493935853350091,0.35985687924723997,0.23451653253163376
Bulk 103,0.005799135538772981,0.27245012978121763,0.055231060574147006,0.31852043265749,0.3479992414483724
Bulk 104,0.08921704603013435,0.2689183502928722,0.10491055361012422,0.270875004874579,0.26607904519229036
Bulk 105,0.32437622234050767,0.18049508784506885,0.07017830411376581,0.2075432019507198,0.21740718374993795
Bulk 106,0.2828594885381255,0.1599930776043287,0.02037940124101408,0.23521298345516434,0.3015550491613674
Bulk 107,0.1629029828176219,0.16063462372058088,0.22815040781515591,0.22818861950189556,0.2201233661447458
Bulk 108,0.19855792541305212,0.06656612111693852,0.09808204603641595,0.4371938430286165,0.19960006440497685
Bulk 109,0.29164415647940684,0.1518826455245966,0.0,0.31831074809545556,0.23816244990054106
Bulk 110,0.9744786990446778,0.0,0.025521300955322273,0.0,0.0
Bulk 111,0.7614475890141624,0.0653276786505189,0.0,0.0,0.17322473233531868
Bulk 112,0.3345180080609362,0.10652597141577574,0.11025313221989182,0.31853157971066226,0.13017130859273401
Bulk 113,0.3327614657811452,0.1999611882035705,0.0,0.2800811364759564,0.18719620953932797
Bulk 114,0.2668951585697105,0.20287925073517207,0.075350822561379,0.2732288833292495,0.18164588480448898
Bulk 115,0.4277729614083809,0.13081073392768222,0.03920901831459681,0.15680615962312874,0.24540112672621123
Bulk 116,0.35609030288672466,0.1695395155114138,0.0,0.20842657139897705,0.26594361020288443
Bulk 117,0.16814259360555286,0.2375002357389865,0.0,0.25567465423884544,0.33868251641661523
Bulk 118,0.3052873734330638,0.1175671452512275,0.13835135843675817,0.3871615585187562,0.051632564360194366
Bulk 119,0.29256494827198287,0.2219099706237626,0.02577218995442823,0.26200049400222947,0.19775239714759685
Bulk 120,0.2808676203895981,0.21796195747570304,0.0,0.22116215854830154,0.28000826358639724
Bulk 121,0.18112872138148142,0.2620726964486106,0.0,0.26372804141591866,0.2930705407539893
Bulk 122,0.7822873453955785,0.03622851807483965,0.0,0.0,0.18148413652958179
Bulk 123,0.34560098504106157,0.16340002498085615,0.0,0.32260857394875614,0.16839041602932606
Bulk 124,0.42612384860680497,0.11008958464782675,0.0,0.23945636679079169,0.22433019995457668
Bulk 125,0.5115101275513266,0.09039227230688558,0.13574933147330087,0.11911287755091665,0.1432353911175703
Bulk 126,0.1378317606645659,0.09798483419987401,0.13998750975940608,0.36242296931081447,0.2617729260653396
Bulk 127,0.16655822168219173,0.23547478594971744,0.10425554768643205,0.1686113003043531,0.3251001443773058
Bulk 128,0.1206380653133293,0.20982643343444515,0.09853492510262875,0.32553598804586725,0.24546458810372956
Bulk 129,0.5242445461324222,0.12456305509347035,0.0,0.028298657535448773,0.3228937412386587
Bulk 130,0.3464352936509094,0.0976905087516831,0.1899485564484951,0.15430799129681894,0.21161764985209328
Bulk 131,0.3295488813093177,0.0,0.4158208998716297,0.23230076630839655,0.02232945251065596
Bulk 132,0.18522790461552133,0.19252348632482033,0.20995302488958373,0.18363999573250214,0.22865558843757255
Bulk 133,0.7907721425986388,0.0,0.0,0.0,0.20922785740136116
Bulk 134,0.3583543013382521,0.12982083025920008,0.07332539278000054,0.21552281553612573,0.22297666008642156
Bulk 135,0.2953822881333433,0.1229166056991058,0.0,0.31337139529122043,0.26832971087633045
Bulk 136,0.17252359094698083,0.18532914470307515,0.1409515484766987,0.3179915239649996,0.1832041919082457
Bulk 137,0.3367113472585019,0.23159270784007108,0.0,0.2342976625976006,0.19739828230382636
Bulk 138,0.21563856212947238,0.16336982392949415,0.09689161933417989,0.2871097336159861,0.23699026099086745
Bulk 139,0.7189289700914664,0.012151847317592293,0.0,0.10383518408780333,0.16508399850313785
Bulk 140,0.6405736497486367,0.03309023462126172,0.08431900204458838,0.15943604422737165,0.08258106935814152
Bulk 141,0.3179700104120461,0.10618803443967925,0.02942917780118536,0.4563268746619841,0.09008590268510512
Bulk 142,0.5710269326423898,0.0,0.2722840597374078,0.028071742678351334,0.12861726494185102
Bulk 143,0.6180162520880675,0.0,0.08456392836188446,0.24584609195774007,0.0515737275923078
Bulk 144,0.13652511495992864,0.19716071767389012,0.14879623111064053,0.20272163736757035,0.3147962988879703
Bulk 145,0.37132710814149256,0.1576988106909968,0.22729595538685554,0.08092911525670772,0.1627490105239474
Bulk 146,0.1430526277043884,0.1595342256236563,0.19250834010710527,0.3185688056214012,0.18633600094344865
Bulk 147,0.07548956343520286,0.1886666098922735,0.10544866481258532,0.38500020041548794,0.2453949614444505
Bulk 148,0.43559596553645,0.06187210560898055,0.11894391135554692,0.1736321975964161,0.20995581990260637
Bulk 149,0.15850930566674032,0.18082625705166228,0.0,0.28768301764612114,0.37298141963547626
Bulk 150,0.19477160950602365,0.0,0.22593207017322847,0.5792963203207477,0.0
Bulk 151,0.1641976171801988,0.21936226562030528,0.06967669518992546,0.2904274404609472,0.2563359815486233
Bulk 152,0.44980059704713615,0.23945363634408048,0.0,0.020047125736499423,0.290698640872284
Bulk 153,0.3260535262775843,0.22069755765094032,0.0,0.16804574489355995,0.28520317117791555
Bulk 154,0.5684642765571407,0.0,0.0,0.3050898711797166,0.12644585226314284
Bulk 155,0.28018253196149645,0.0451969496045295,0.08490567058484359,0.3734056283453944,0.21630921950373613
Bulk 156,0.3422721660027425,0.12518499958107537,0.07608515048732788,0.35495992014105654,0.10149776378779761
Bulk 157,0.33179010558132027,0.09793065335384306,0.0,0.22033625618349492,0.3499429848813418
Bulk 158,0.23355858927990655,0.1508213883818594,0.1066569707209235,0.25036188034635887,0.2586011712709516
Bulk 159,0.4628349055299043,0.0,0.18024758974131153,0.2649277511223258,0.0919897536064583
Bulk 160,0.6259255605007756,0.10756229070376126,0.0,0.06038840568622496,0.20612374310923823
Bulk 161,0.2423562452087957,0.07755984194232676,0.29491857196089055,0.29876102708024815,0.08640431380773883
Bulk 162,0.3521869713973451,0.06637304209638664,0.10525585659660444,0.38162221922844664,0.09456191068121726
Bulk 163,0.3217197474696948,0.11832018844670912,0.12213177294070322,0.31161365121566836,0.12621463992722448
Bulk 164,0.30423853453700445,0.18667473561693432,0.0,0.27542020838867226,0.23366652145738906
Bulk 165,0.18363461544972562,0.101971606879007,0.14728250568522927,0.4060351966049195,0.16107607538111868
Bulk 166,0.7723285628090548,0.0,0.0,0.0969361749567627,0.13073526223418255
Bulk 167,0.31212183490861056,0.13606508901757067,0.13385758630751515,0.20053871716568467,0.21741677260061895
Bulk 168,0.0222801740230133,0.21174185409117666,0.04227172051197439,0.40529489290145293,0.3184113584723827
Bulk 169,0.44780860843232667,0.20259696166318733,0.0,0.12852403735965687,0.22107039254482913
Bulk 170,0.35696439187758655,0.14276944558521582,0.16404269366859509,0.0,0.3362234688686026
Bulk 171,0.37674705975426676,0.04164412276539364,0.07326605288983463,0.37752441565270806,0.13081834893779687
Bulk 172,0.1505845247684183,0.203526750342706,0.07934845824852607,0.22619775216509172,0.3403425144752579
Bulk 173,0.5798724762914836,0.11812928158096615,0.0,0.0,0.3019982421275502
Bulk 174,0.640589512419968,0.06904347252857877,0.0,0.10751733063047465,0.18284968442097868
Bulk 175,0.20304905710469168,0.12678310583557126,0.2762182579405244,0.2762912479316223,0.11765833118759035
Bulk 176,0.8365783906365328,0.0,0.0,0.16342160936346722,0.0
Bulk 177,0.0992137157006327,0.22236928394803976,0.09962877526442333,0.3217925512811324,0.25699567380577176
Bulk 178,0.22245451913928602,0.16438993394131352,0.2000690195396732,0.3726102577136282,0.040476269666098935
Bulk 179,0.3357614025757303,0.19197347491808744,0.1032625113787031,0.19307174320491105,0.17593086792256815
Bulk 180,0.35461352691701975,0.0,0.16727906419296568,0.4751561355136848,0.0029512733763297043
Bulk 181,0.3707386474685755,0.08793784991110433,0.0,0.25720318884200166,0.2841203137783184
Bulk 182,0.24289302871797994,0.12955790918548707,0.08752709006556521,0.3186543104885339,0.22136766154243398
Bulk 183,0.41785831283902264,0.13499061318358468,0.0,0.14052597519803953,0.3066250987793531
Bulk 184,0.17294667817450163,0.13793951069758512,0.19359087944562686,0.27005899425421664,0.22546393742806975
Bulk 185,0.26155100737440884,0.08268770441159948,0.11794844166811562,0.32740646808737167,0.2104063784585044
Bulk 186,0.4157415457168702,0.14697814238376983,0.02529419920749282,0.18491401716410935,0.22707209552775764
Bulk 187,0.3621189898887566,0.13340548018030798,0.09012765493130352,0.17661758991006118,0.2377302850895707
Bulk 188,0.2189538112411929,0.11715959014830196,0.17913854050871214,0.411764151473726,0.07298390662806699
Bulk 189,0.6407620015796113,0.021285728895944718,0.1284096953852965,0.06545595998225019,0.1440866141568974
Bulk 190,0.41893442929162383,0.20636225771076924,0.06611668316894018,0.0818771422787807,0.22670948754988612
Bulk 191,0.3686587035518713,0.17813410091172227,0.10696872033604188,0.08072772520065088,0.26551074999971364
Bulk 192,0.4868561188938191,0.05491406538779555,0.042474781666163794,0.2801271313419624,0.13562790271025904
Bulk 193,0.8255020068779773,0.03662444133440721,0.0,0.036772568302494965,0.10110098348512059
Bulk 194,0.5602599878306815,0.0822345245328393,0.06260863673040477,0.042888230018654105,0.2520086208874204
Bulk 195,0.4264740314113612,0.03895887495114246,0.0,0.10214567866179025,0.43242141497570613
Bulk 196,0.3894087996777433,0.13258483958656647,0.05996166250704781,0.14393150011736386,0.2741131981112786
Bulk 197,0.3079945754413288,0.14451560464557922,0.05263893875403822,0.27330947990756255,0.22154140125149133
Bulk 198,0.4737639924312913,0.10838874287497141,0.22845694236025366,0.08104998498364958,0.10834033734983406
Bulk 199,0.4388883835298304,0.09817302784962499,0.03321730272477522,0.20318007632037174,0.22654120957539772
Bulk 200,0.2280735310827839,0.15212493838634622,0.1726427045307171,0.27735064440223806,0.16980818159791475
Bulk 201,0.3328329050282812,0.21679567879506256,0.01627623594288405,0.270249800775145,0.16384537945862707
Bulk 202,0.392169920782828,0.15232209578284314,0.07997119442898783,0.19774236750474533,0.17779442150059574
Bulk 203,0.4264232017452695,0.19835302462367754,0.020494419548706677,0.14991730393649255,0.20481205014585382
Bulk 204,0.6739329061482545,0.057335333263318494,0.0,0.0,0.268731760588427
Bulk 205,0.5088090572053882,0.14765500812613688,0.13255703001454303,0.005849022265497342,0.20512988238843458
Bulk 206,0.7390868823853509,0.049017571768934586,0.0,0.0,0.2118955458457144
Bulk 207,0.2943157476071205,0.19006011110734608,0.20616453674276922,0.07542811890243026,0.23403148564033394
Bulk 208,0.33584409721361835,0.0,0.23993262056732548,0.4242232822190562,0.0
Bulk 209,0.32336240210632394,0.192380379011215,0.11456648153530073,0.209867106431483,0.15982363091567733
Bulk 210,0.4256024892362955,0.13871498316963773,0.0,0.19184992091316466,0.243832606680902
Bulk 211,0.2031002061033742,0.06704186926158275,0.11543202180836443,0.41928184714924555,0.1951440556774331
Bulk 212,0.335735105149863,0.21668209232197752,0.1800210308716978,0.10272028946088314,0.16484148219557845
Bulk 213,0.4758332528697107,0.09807854374933654,0.0,0.2127038527466902,0.21338435063426248
Bulk 214,0.7829346202985507,0.0,0.0,0.0,0.2170653797014493
Bulk 215,0.20658513839789192,0.14555915978015405,0.18259028624971022,0.2747282168711674,0.19053719870107624
Bulk 216,0.40204238302772294,0.18882934688088338,0.0,0.10938866379151387,0.29973960629987983
Bulk 217,0.4606612384489476,0.13059042598615483,0.0,0.12050773309570158,0.2882406024691959
Bulk 218,0.04202139769922355,0.23894376423875882,0.11176611510272591,0.37822885332303624,0.22903986963625544
Bulk 219,0.3483571948985185,0.1699928171013051,0.0,0.23152311704253162,0.25012687095764474
Bulk 220,0.6193937568994756,0.15310990570717162,0.0,0.0,0.22749633739335268
Bulk 221,0.11387457754121792,0.23081687352626204,0.07968570483091762,0.28118331057699214,0.2944395335246103
Bulk 222,0.10172164637799382,0.2145619509035618,0.07821338771507823,0.18188527559081372,0.42361773941255254
Bulk 223,0.3040009839982943,0.1663469515856762,0.0492274646972319,0.28429181758269945,0.1961327821360981
Bulk 224,0.6356203539952034,0.09375023947694658,0.0,0.07829929335541584,0.19233011317243418
Bulk 225,0.5121703195627468,0.10018886298189367,0.22501644919599897,0.1626243682593606,0.0
Bulk 226,0.5062414502899472,0.1251166789082327,0.0,0.1259639922264157,0.24267787857540446
Bulk 227,0.11331635296726968,0.2860809213862019,0.0867285288510812,0.2411560872874678,0.2727181095079793
Bulk 228,0.36236518749526736,0.21769748728831517,0.0,0.08337901337840355,0.3365583118380139
Bulk 229,0.2197054033976049,0.23936975466903843,0.04934394646531265,0.27126642420427227,0.22031447126377182
Bulk 230,0.2883142734185365,0.0,0.2672207791901177,0.44446494739134573,0.0
Bulk 231,0.3555352288283195,0.1731297521755271,0.020005687987423325,0.22614636843667266,0.2251829625720574
Bulk 232,0.0,0.2506624202547301,0.08807680017699274,0.45693907625504054,0.20432170331323674
Bulk 233,0.4592807674694054,0.18796473762873275,0.0,0.02796773106349491,0.3247867638383669
Bulk 234,0.14441291558657246,0.22426354985506233,0.06405234718450345,0.18147548282049208,0.3857957045533697
Bulk 235,0.08210768123648632,0.28961823740520354,0.0679491244690271,0.25385138209878844,0.3064735747904946
Bulk 236,0.022369703988405754,0.19700560927804003,0.0185230567478759,0.4385467331382551,0.3235548968474231
Bulk 237,0.4597882639698395,0.15979952512558268,0.0,0.0,0.3804122109045779
Bulk 238,0.262203771824809,0.23005338019345756,0.0,0.19848650634313125,0.3092563416386022
Bulk 239,0.005545226038942786,0.06798380995150417,0.27394973909480314,0.5076628182926033,0.1448584066221466
Bulk 240,0.4528953034827409,0.0350763569038576,0.0,0.44331349433988976,0.0687148452735117
Bulk 241,0.19723268927650456,0.21712178234132715,0.0,0.30791181656717603,0.27773371181499223
Bulk 242,0.6644979270960757,0.11285484431919217,0.11466389219371616,0.023230342268269116,0.08475299412274682
Bulk 243,0.3487031389520525,0.1584971175922628,0.0037033169226910506,0.19605985458825445,0.2930365719447393
Bulk 244,0.329748107755811,0.12248858930298603,0.1281134083625452,0.12398799641010706,0.29566189816855076
Bulk 245,0.6671278003773748,0.026801441288929098,0.06903513383716446,0.0,0.23703562449653157
Bulk 246,0.6243255616106245,0.0,0.16333815871047286,0.2123362796789027,0.0
Bulk 247,0.33741239599035305,0.1654783202842519,0.0,0.25879602797595513,0.23831325574943987
Bulk 248,0.5676580810625307,0.11211850077861746,0.0029509747215040447,0.20729636865597956,0.10997607478136825
Bulk 249,0.6063311030105396,0.0805677580411976,0.0,0.31310113894826286,0.0
Bulk 250,0.6168186186953695,0.09280860599430195,0.06863793104435958,0.1663864584359967,0.055348385829972355
Bulk 251,0.462504238852576,0.03677371088698219,0.0,0.33622935460512765,0.1644926956553141
Bulk 252,0.19503987750749271,0.23432027763245045,0.0,0.24760245148969287,0.3230373933703639
Bulk 253,0.19981619164652573,0.21734872150072646,0.10766363177390909,0.2072299872720238,0.26794146780681494
Bulk 254,0.4565504765613731,0.11880811060631787,0.08893411567203406,0.08175416900714899,0.253953128153126
Bulk 255,0.41323777521911903,0.2033551963874025,0.0,0.0505848219134467,0.3328222064800318
Bulk 256,0.12205877192375461,0.24865165846916185,0.005382390226376756,0.3528161150049291,0.2710910643757778
Bulk 257,0.3565323985438975,0.1562713238867902,0.05622666268111646,0.3154605607413642,0.11550905414683167
Bulk 258,0.25772698040460496,0.2066016584914855,0.011107265085063602,0.15734957450222975,0.36721452151661604
Bulk 259,0.3441401520298463,0.17751904887401185,0.10924786966142112,0.2380987897235886,0.13099413971113216
Bulk 260,0.0,0.2341167522097594,0.07907325434577869,0.43299541250345674,0.2538145809410053
Bulk 261,0.32278723335551546,0.04237974447826458,0.21231107813302647,0.28327863861633584,0.13924330541685762
Bulk 262,0.36094193720662926,0.10363495861595703,0.18952636151040073,0.09274500738436625,0.25315173528264684
Bulk 263,0.5270083083999134,0.04924075904550129,0.0,0.1930900640335746,0.23066086852101084
Bulk 264,0.256637427585599,0.14547421177658793,0.0,0.375153423793557,0.22273493684425608
Bulk 265,0.09980228267462934,0.2260564539007072,0.0,0.4095350296615668,0.2646062337630967
Bulk 266,0.4709092675825462,0.1067626710593579,0.0,0.25559088055542745,0.16673718080266853
Bulk 267,0.35573130956993765,0.14279445592154794,0.0,0.41900687303061557,0.08246736147789885
Bulk 268,0.4846857144712597,0.09099397127858563,0.0,0.29734767847587823,0.12697263577427648
Bulk 269,0.41153403085938295,0.06267425973608234,0.0077774426462112745,0.2310078563243641,0.28700641043395925
Bulk 270,0.3955476526700335,0.1597366952092315,0.10182288659212393,0.13915654314443687,0.20373622238417421
Bulk 271,0.23188594661488046,0.004390599133550951,0.11802800851124155,0.4743719771391647,0.17132346860116238
Bulk 272,0.2218539580390054,0.16408187856865195,0.21342413264651625,0.2307657600036932,0.1698742707421333
Bulk 273,0.6208720574978313,0.11244614688916141,0.00538181190705229,0.04981802883676876,0.21148195486918622
Bulk 274,0.6266679537947287,0.0,0.18714593566305843,0.08261262464467903,0.10357348589753382
Bulk 275,0.0,0.23353564296324697,0.0955313662609674,0.35121943387523985,0.31971355690054576
Bulk 276,0.17867660766988921,0.14941766022264075,0.15853564098606535,0.38813429890311435,0.12523579221829034
Bulk 277,0.590859730257985,0.09077548811568006,0.14999397672010542,0.0,0.16837080490622955
Bulk 278,0.4881461825754185,0.14395188201913905,0.0,0.13806516906178998,0.2298367663436526
Bulk 279,0.25351410213891,0.15786031002325257,0.12794291026193488,0.2998552348793874,0.160827442696515
Bulk 280,0.5138545772421721,0.11142383236892425,0.13563318768290294,0.014321374450291635,0.22476702825570896
Bulk 281,0.9525103729602851,0.0,0.0,0.0,0.04748962703971495
Bulk 282,0.6018522926856615,0.04847500699812782,0.0,0.15598275816445822,0.19368994215175245
Bulk 283,0.6246876191068094,0.08191336156612776,0.0,0.17866611350082984,0.11473290582623309
Bulk 284,0.8416138537514577,0.035467438155204596,0.0,0.0,0.12291870809333766
Bulk 285,0.48827461572806446,0.09834834447321145,0.0,0.13262646062796543,0.2807505791707586
Bulk 286,0.4098909611624644,0.14533058992301956,0.3756253458838536,0.06915310303066252,0.0
Bulk 287,0.13283790791868133,0.08333249364558554,0.1185818878563987,0.537019219635559,0.12822849094377536
Bulk 288,0.5529492344587807,0.1432946887747803,0.0011354762052484672,0.05741290059363073,0.24520769996755984
Bulk 289,0.5128037192479573,0.10652202410261125,0.09083094176892902,0.209503135804918,0.08034017907558444
Bulk 290,0.06297435536009442,0.2737398774049225,0.1330412209929139,0.27280195751755587,0.25744258872451337
Bulk 291,0.6824478956150114,0.09636198928196221,0.10586744047315319,0.0,0.11532267462987306
Bulk 292,0.38062803943559304,0.2014098878957176,0.11869725036558641,0.0,0.2992648223031031
Bulk 293,0.2860682266549731,0.15092902337493544,0.0,0.3447124354372658,0.2182903145328256
Bulk 294,0.32797905174043646,0.25411896992704214,0.08882899994532477,0.019054066229725622,0.31001891215747107
Bulk 295,0.2540013130457751,0.16731330273162787,0.2679626819434279,0.23593949420676358,0.0747832080724056
Bulk 296,0.7909388630809528,0.07511882481895854,0.0,0.011934462863212177,0.12200784923687655
Bulk 297,0.7732368524919883,0.023019429010129346,0.0,0.0,0.2037437184978824
Bulk 298,0.12475828196425366,0.33299999326074764,0.0,0.211613379524228,0.3306283452507707
Bulk 299,0.6469406462213534,0.19436349891223845,0.0,0.09316725415842465,0.06552860070798347
Bulk 300,0.027382938233134296,0.2656599061800828,0.09872043444184747,0.34044773874947504,0.26778898239546034
Bulk 301,0.017957220544303935,0.2367458638488776,0.042701486503591374,0.36299149720796375,0.3396039318952633
Bulk 302,0.47872966811988277,0.0,0.03309126845960345,0.48817906342051376,0.0
Bulk 303,0.2759219673273929,0.19783352112466393,0.0,0.2849198589633782,0.24132465258456498
Bulk 304,0.272136567488209,0.16374811155632157,0.09634764252634877,0.28055591871467817,0.1872117597144424
Bulk 305,0.6007323340982854,0.11413698757770827,0.0,0.014182834060886367,0.27094784426311996
Bulk 306,0.4980676872917843,0.11781635244154892,0.010328237296663071,0.07757139302920683,0.29621632994079683
Bulk 307,0.5794734370998094,0.11491597076170536,0.0,0.1260455710032287,0.1795650211352566
Bulk 308,0.5092493862513956,0.14279199404792764,0.0,0.13683597618131657,0.21112264351936025
Bulk 309,0.16186863280904298,0.20452896981329574,0.20503935314425795,0.19618396871859767,0.23237907551480572
Bulk 310,0.20875971657209139,0.2494761503489359,0.19403381190141133,0.11070480098798277,0.2370255201895785
Bulk 311,0.4257353995637525,0.15927869321716606,0.1361571069168887,0.12793737308701972,0.1508914272151731
Bulk 312,0.3883956834967131,0.19659218446766286,0.029578306625833755,0.0,0.3854338254097904
Bulk 313,0.05347137642444654,0.23364253957264552,0.061511161017709946,0.3709881246500043,0.2803867983351936
Bulk 314,0.32882193690974704,0.16233881683227214,0.1560223344351888,0.1206024228947784,0.23221448892801363
Bulk 315,0.293480718589214,0.17720215149741886,0.003995835707754276,0.26067517195485046,0.2646461222507623
Bulk 316,0.4049558999705173,0.19485455217768818,0.0,0.09476327641836012,0.3054262714334346
Bulk 317,0.4247756415156517,0.15571835600735598,0.0,0.16427597664530197,0.25523002583169024
Bulk 318,0.43983216799462777,0.08305805322818725,0.20566356374229558,0.11437997721149029,0.15706623782339912
Bulk 319,0.18660512560181297,0.21290077910894742,0.0,0.19637727676448968,0.40411681852474995
Bulk 320,0.48549844051602264,0.13940929556468992,0.0,0.0,0.3750922639192875
Bulk 321,0.20037415417169607,0.1914304258945674,0.1207487792804975,0.14447055412842585,0.3429760865248132
Bulk 322,0.2206603743028395,0.18523705093209686,0.0,0.33818399604154536,0.2559185787235183
Bulk 323,0.37349479775923883,0.19025113270993446,0.0,0.0,0.43625406953082674
Bulk 324,0.4549116330702313,0.17803010992117937,0.018623513227275627,0.0,0.34843474378131367
Bulk 325,0.4086404302874743,0.17902518472837062,0.16934632514784362,0.01036349467544497,0.23262456516086652
Bulk 326,0.16380486161192312,0.2207263857467801,0.2729029693197276,0.10158943540949943,0.24097634791206982
Bulk 327,0.6184038985089262,0.042384811755939146,0.0,0.07545800862074661,0.26375328111438806
Bulk 328,0.27377969772880356,0.12435017007085993,0.0924026721603512,0.22206734157177893,0.28740011846820646
Bulk 329,0.7251924737342774,0.05223697728494301,0.0,0.0,0.2225705489807796
Bulk 330,0.2028032419847281,0.2925752867426592,0.06541436094906132,0.169127803708834,0.2700793066147173
Bulk 331,0.19831854236595384,0.23305161030376784,0.18056438718527018,0.27014939399015114,0.11791606615485707
Bulk 332,0.34552247986368684,0.27084158799717384,0.0,0.0,0.3836359321391392
Bulk 333,0.6580472244255189,0.1157383921296078,0.0,0.0,0.22621438344487324
Bulk 334,0.0,0.22928159834796186,0.013593363438319938,0.4747309263658968,0.2823941118478213
Bulk 335,0.4276877713569012,0.10762915242594273,0.0,0.19324207375063174,0.2714410024665243
Bulk 336,0.3476155597312407,0.18527895396737115,0.0767439156239117,0.14490641152506628,0.24545515915241017
Bulk 337,0.0611098313482761,0.18697235091684045,0.07171801423398279,0.3977000818307235,0.28249972167017706
Bulk 338,0.4756706423680549,0.037833833717678254,0.016027368809414806,0.36294674252845566,0.10752141257639641
Bulk 339,0.6104877029319913,0.19621439508713817,0.0,0.011300273785132764,0.18199762819573775
Bulk 340,0.033599627539640235,0.21366861255920383,0.09671933033856966,0.3322993189056098,0.32371311065697655
Bulk 341,0.18276145495950427,0.13910555913077216,0.327876020191067,0.21792837670704804,0.13232858901160852
Bulk 342,0.1399546837203449,0.19129894013217205,0.11038177137264213,0.35071688416776015,0.20764772060708092
Bulk 343,0.278101571380235,0.28203046390907693,0.0,0.11552150267834155,0.3243464620323466
Bulk 344,0.225328701722931,0.14284239396213277,0.24783655133872406,0.07657741921457646,0.3074149337616357
Bulk 345,0.6542804020278381,0.07406529650243869,0.0,0.0,0.27165430146972325
Bulk 346,0.34817916583144226,0.19563643743459705,0.0,0.24046997347923607,0.21571442325472456
Bulk 347,0.3554360982684075,0.15736638611594966,0.030235337753317482,0.2598320441140919,0.19713013374823357
Bulk 348,0.38038047846969564,0.18051340572250577,0.0,0.013530073885358304,0.4255760419224404
Bulk 349,0.2393495910036515,0.20440722870623196,0.13225660073247278,0.14398095408987277,0.280005625467771
Bulk 350,0.312682432789401,0.1842054216477265,0.09067023574210241,0.1768936695626659,0.23554824025810428
Bulk 351,0.7422276478304244,0.012186165107931659,0.18023630719326075,0.0,0.06534987986838317
Bulk 352,0.0,0.22640520610825396,0.14874547165089588,0.37121580862284864,0.2536335136180017
Bulk 353,0.2667831283194743,0.22536886084280633,0.013242299043813782,0.1957452086607544,0.29886050313315116
Bulk 354,0.8038400073923015,0.03555660684563937,0.0,0.012620974521155456,0.14798241124090364
Bulk 355,0.34270477196258364,0.1144700545931369,0.0058533635940044605,0.31518770449632144,0.22178410535395357
Bulk 356,0.18839878262766063,0.15800299721305205,0.16937167758723431,0.30320824125812235,0.18101830131393068
Bulk 357,0.2627016090666214,0.17506340759837694,0.21796574498560115,0.1492232526487821,0.1950459857006185
Bulk 358,0.6235369485789991,0.08706239967723087,0.0,0.0,0.28940065174377
Bulk 359,0.0,0.2700924131758644,0.1378859604843531,0.17626453494184827,0.41575709139793426
Bulk 360,0.4942271721814136,0.10636128520279463,0.0,0.1740012547222802,0.22541028789351153
Bulk 361,0.29590501241826317,0.25628417509995,0.0686817007803145,0.05404428682563114,0.32508482487584117
Bulk 362,0.11029253031666908,0.06732143811724735,0.22183501728786556,0.5357243419219911,0.06482667235622695
Bulk 363,0.30495757928803274,0.16184532564382173,0.0,0.24978325847661415,0.2834138365915314
Bulk 364,0.1351927639138412,0.2596218911764165,0.006425751724210971,0.3341389167183453,0.26462067646718607
Bulk 365,0.4160105533676456,0.13873146375128714,0.0,0.17537652928368164,0.2698814535973857
Bulk 366,0.11935421273756555,0.23704267008022104,0.0,0.27175708597343484,0.3718460312087786
Bulk 367,0.447757463059859,0.11195217931424375,0.0,0.28864625450687387,0.15164410311902343
Bulk 368,0.029938844773067103,0.27818998382460813,0.06419200521259592,0.24637637976157595,0.38130278642815296
Bulk 369,0.14427652238580566,0.22902189854436905,0.1789325968774914,0.1286201650504394,0.31914881714189436
Bulk 370,0.5009627659849477,0.1319830078872236,0.1317175441552438,0.050196187010880064,0.18514049496170476
Bulk 371,0.625541002403067,0.19852298481073147,0.0,0.0,0.17593601278620163
Bulk 372,0.2723298299179424,0.20130509067586913,0.035860194447343646,0.21651111033144446,0.2739937746274004
Bulk 373,0.02434904209150962,0.24186761989596364,0.12986774564607528,0.35086459991818186,0.25305099244826945
Bulk 374,0.3868674073054369,0.16304184624222173,0.11895458958523557,0.09756584031772364,0.23357031654938207
Bulk 375,0.18178909725579181,0.2053574865815113,0.036872412972958575,0.32220619732732514,0.25377480586241313
Bulk 376,0.6055800479027802,0.06638844052607598,0.0,0.18832553701447247,0.13970597455667136
Bulk 377,0.2964428574129902,0.1814116625973113,0.003978948074810674,0.3277206250322644,0.19044590688262333
Bulk 378,0.12121638874203174,0.23627977898763278,0.036899092779366705,0.31330083213527327,0.2923039073556956
Bulk 379,0.13546828565513783,0.23672335203521316,0.16536098599398635,0.22573473555095236,0.23671264076471024
Bulk 380,0.2874560923065767,0.15061160722899974,0.1374226353785363,0.16850160780393134,0.25600805728195575
Bulk 381,0.6501282774764998,0.11692077931631813,0.0,0.0,0.23295094320718207
Bulk 382,0.5059285821470351,0.19144944906764202,0.06957185663888177,0.0,0.23305011214644125
Bulk 383,0.3023083968599579,0.17494091874392134,0.0,0.2958757687275352,0.22687491566858548
Bulk 384,0.09686800592891177,0.3225580325132054,0.005081183914197733,0.18338766732258793,0.3921051103210972
Bulk 385,0.19489745692710528,0.15577356652155555,0.0,0.39980313401843637,0.24952584253290283
Bulk 386,0.2635543167235891,0.17975562808049547,0.19981933403485838,0.06937741130860536,0.2874933098524516
Bulk 387,0.7522187889866648,0.09463189544284226,0.0,0.0,0.1531493155704929
Bulk 388,0.3835830306037437,0.268066636693957,0.09195842554651865,0.16673486394075204,0.08965704321502863
Bulk 389,0.40176458487144323,0.23488565665791145,0.0,0.0,0.3633497584706454
Bulk 390,0.2165139731644647,0.21854878805510264,0.1473309370259013,0.14491020429270665,0.27269609746182477
Bulk 391,0.2414420348268687,0.22391769567406236,0.1410591426140172,0.2882237173249445,0.10535740956010721
Bulk 392,0.1697915949700639,0.19259130436758318,0.17567721177250595,0.2324470355698985,0.2294928533199484
Bulk 393,0.05320546570189115,0.3604017122869904,0.07511735755199134,0.07257281174367604,0.438702652715451
Bulk 394,0.23652039604534614,0.17387262399340314,0.2072922201188895,0.13650218465281294,0.24581257518954838
Bulk 395,0.14362361243521402,0.2157977723751915,0.19525215477174276,0.14137301680806827,0.3039534436097835
Bulk 396,0.3466171600379833,0.1813121290369811,0.08930782229420674,0.17352746174833977,0.20923542688248908
Bulk 397,0.6116556845293407,0.09503716056061946,0.0,0.08389336493942402,0.20941378997061574
Bulk 398,0.37912655413989194,0.06567915402777685,0.3281011753814734,0.18098267377079774,0.04611044268006022
Bulk 399,0.38541182355863957,0.11153067997161599,0.26359568028203434,0.14739193143762525,0.09206988475008489
Bulk 400,0.408127220235252,0.15340684384935385,0.09501731264757222,0.17870215096427625,0.16474647230354572
Bulk 401,0.4839823395213177,0.09916486149120662,0.17685787958817933,0.0,0.23999491939929624
Bulk 402,0.08912802550937587,0.1925711501055623,0.024160719244770763,0.23363188372780702,0.460508221412484
Bulk 403,0.4985132117700409,0.14107441803000687,0.0,0.09167724048127754,0.2687351297186748
Bulk 404,0.4242501563477136,0.16167944864219796,0.0,0.18384091879356682,0.23022947621652162
Bulk 405,0.6381141143558453,0.06488033716490905,0.0,0.16792331010301575,0.12908223837622984
Bulk 406,0.5828150706352188,0.07972886484209542,0.05659750362282651,0.2042158403392445,0.07664272056061487
