,Ast,End,Mic,Neu,Oli
Bulk 0,0.013467382999978617,0.24338381201875306,0.14894497695173214,0.37387861580843873,0.22032521222109744
Bulk 1,0.3960616828176662,0.15506298538680813,0.0,0.22434204603184676,0.22453328576367884
Bulk 2,0.03844111798068034,0.3024884592498996,0.030895885689894587,0.27835167155629387,0.34982286552323155
Bulk 3,0.19314108931649368,0.12753388791325296,0.14140649367949187,0.32605633430044345,0.21186219479031804
Bulk 4,0.3732783585440678,0.1513852047571694,0.033477936335069854,0.1801970754953014,0.26166142486839156
Bulk 5,0.2162835942509348,0.15768235054603993,0.0013942595585817374,0.4414833033466303,0.1831564922978133
Bulk 6,0.3855000330099913,0.16370214056146126,0.0,0.23246035660785364,0.21833746982069388
Bulk 7,0.5553172273585556,0.06610062029021446,0.0,0.25770142831234616,0.12088072403888366
Bulk 8,0.264184717249244,0.1774350826946562,0.0,0.40204420224380555,0.15633599781229426
Bulk 9,0.380258127462178,0.1810836631023671,0.14661633321704864,0.10011453270253337,0.1919273435158728
Bulk 10,0.06064125025087832,0.14908394165204902,0.10465205279748144,0.5402164512578209,0.14540630404177024
Bulk 11,0.29608768221443676,0.16201563440008945,0.0,0.26960742578044405,0.27228925760502953
Bulk 12,0.17047836355335874,0.16033498274772431,0.15586990530035383,0.30972058812651354,0.20359616027204952
Bulk 13,0.06445941774753142,0.30084134170542465,0.053959944810686764,0.2556952889368103,0.3250440067995467
Bulk 14,0.44699397876822367,0.13241729640059946,0.18055966357851022,0.07911537157328206,0.16091368967938452
Bulk 15,0.28777768839902734,0.17519265343867124,0.07467924856064274,0.29227840128051247,0.17007200832114625
Bulk 16,0.2059695471281516,0.07692193554410602,0.20946103110788483,0.388348361808321,0.11929912441153669
Bulk 17,0.7157398583363004,0.09638741306223048,0.0,0.11062378065105961,0.07724894795040958
Bulk 18,0.37688836971017464,0.1265501928055215,0.0,0.2221802794044359,0.27438115807986807
Bulk 19,0.2754778555103285,0.057060639477595904,0.11772557033692324,0.35169697797551636,0.19803895669963598
Bulk 20,0.07195462247199187,0.12851936680928355,0.0949264938688622,0.5069799686064888,0.1976195482433736
Bulk 21,0.39869358975540276,0.1119516450639193,0.015125110819887369,0.29756502513086147,0.17666462922992898
Bulk 22,0.0,0.07768441943661498,0.13742507996413494,0.6024901660264219,0.18240033457282817
Bulk 23,0.16081524625830979,0.11632290549931609,0.05012565094198893,0.4066218101168126,0.26611438718357266
Bulk 24,0.30918043641918846,0.1470814797137104,0.19007689040372566,0.2433812036437865,0.11027998981958889
Bulk 25,0.23203372080395235,0.07082678686992229,0.1569405479156736,0.39255246173847863,0.14764648267197317
Bulk 26,0.1933021769577044,0.11314975557011753,0.0691639616074599,0.3532745852350307,0.2711095206296874
Bulk 27,0.28687317072076346,0.16769512001830017,0.027796025587979133,0.24456266937125343,0.27307301430170383
Bulk 28,0.2449954622446724,0.007580871987824264,0.17151888667409648,0.36771938214048433,0.20818539695292243
Bulk 29,0.29117351614427434,0.10155804070808212,0.18413829760591416,0.23788217881801546,0.1852479667237137
Bulk 30,0.29244440633072616,0.11345553982096147,0.19417069069393816,0.2935022657286141,0.10642709742576012
Bulk 31,0.5943080784285909,0.08896336621553912,0.0,0.11086638864412844,0.20586216671174148
Bulk 32,0.20451220636594844,0.16015460310702265,0.11559320269319652,0.3089026885053553,0.2108372993284771
Bulk 33,0.011836208672992739,0.16473835906305484,0.04384888382254887,0.4870467294330554,0.2925298190083482
Bulk 34,0.1478308949243663,0.24402325715695292,0.044019700901022064,0.3247431062565745,0.23938304076108424
Bulk 35,0.7034127150652354,0.0547314255861536,0.03594357459074391,0.16499632848881757,0.04091595626904947
Bulk 36,0.2402419140313173,0.13670013042033952,0.14235658630448456,0.3134698092654392,0.1672315599784193
Bulk 37,0.24616320615639528,0.19481242780188532,0.1420138575423294,0.23330500599927764,0.18370550250011233
Bulk 38,0.12914520796961845,0.2999500715296336,0.03983793643982228,0.2873255419210385,0.2437412421398872
Bulk 39,0.11432456496784388,0.028609265070718287,0.10318092566155249,0.6511183799430453,0.10276686435684015
Bulk 40,0.23138369745238482,0.0,0.21164782665005508,0.5569684758975602,0.0
Bulk 41,0.4691985032363181,0.1059660414237604,0.10743820358940462,0.08695057062552392,0.23044668112499306
Bulk 42,0.39146619638861513,0.1271136659100363,0.0,0.16849485419584073,0.3129252835055079
Bulk 43,0.19300316743927348,0.14711985615184603,0.04691860168432386,0.388520609867006,0.2244377648575506
Bulk 44,0.115636079053961,0.22711094792870237,0.02942829250241892,0.3617003146895262,0.26612436582539145
Bulk 45,0.6854737171281768,0.10632622082789299,0.0,0.022724416356849957,0.1854756456870802
Bulk 46,0.6024133674049625,0.07491838135856062,0.0,0.1570945164898648,0.1655737347466121
Bulk 47,0.30968245852879395,0.16172184437435996,0.026882890987689517,0.25164859764952713,0.2500642084596294
Bulk 48,0.3370656407213823,0.1523638300032435,0.15215130163682547,0.12508646266871615,0.23333276496983252
Bulk 49,0.08738219002024927,0.1721226793299128,0.021384224812673658,0.3888677758980965,0.33024312993906774
Bulk 50,0.1308169632675025,0.13029865130703885,0.10719202153646565,0.3712434583893329,0.26044890549966004
Bulk 51,0.47340526179299397,0.09406434371117207,0.01932588126302969,0.27896269173628874,0.1342418214965156
Bulk 52,0.3220931664249416,0.1505566257549436,0.0,0.3554343378504583,0.17191586996965647
Bulk 53,0.15724341684030096,0.17789405131469302,0.09550887864724243,0.31487697955186245,0.25447667364590115
Bulk 54,0.6138403320345934,0.0,0.0,0.3861596679654065,0.0
Bulk 55,0.15854947658787064,0.17953526161399527,0.049548085044987054,0.3283518992522918,0.2840152775008552
Bulk 56,0.36075324585174895,0.10564173451082638,0.1289792054031426,0.2741168264333723,0.13050898780090978
Bulk 57,0.5396676801689013,0.14314786495543613,0.0,0.020150695671077322,0.29703375920458513
Bulk 58,0.4899555836425999,0.10404192333700366,0.08375293582332476,0.1499608395388754,0.17228871765819637
Bulk 59,0.4845453935812022,0.0310457180779247,0.0,0.2555004590260546,0.22890842931481845
Bulk 60,0.15857375216878472,0.13608095538272094,0.021670807972182713,0.43778616083162464,0.24588832364468707
Bulk 61,0.2656124164064509,0.14359352501237793,0.08522086412747318,0.27350527622858944,0.23206791822510855
Bulk 62,0.4573202981365899,0.09967366461454732,0.17576248243155881,0.19872010710535123,0.06852344771195278
Bulk 63,0.22469459664500024,0.2047655069004904,0.05562918177163333,0.2564064648484934,0.25850424983438264
Bulk 64,0.1931609940901975,0.11398676168339364,0.07369949468968123,0.42565738585892493,0.1934953636778026
Bulk 65,0.5925296984376882,0.10129257896956131,0.0933123436854717,0.027791483842272428,0.1850738950650062
Bulk 66,0.3530956380706149,0.13285632632960595,0.0,0.2853920756074617,0.22865595999231753
Bulk 67,0.2801753845283701,0.08595948042170935,0.0,0.31935475027854376,0.31451038477137666
Bulk 68,0.23908202539212042,0.11819158596170855,0.024654994968607964,0.4380275234640513,0.18004387021351184
Bulk 69,0.0,0.18687780169872445,0.13926208251183012,0.34860678102114195,0.3252533347683035
Bulk 70,0.11468704632113697,0.04366355870217034,0.15584580173189994,0.51282433186474,0.17297926138005287
Bulk 71,0.20962669971989384,0.19416308703945367,0.0,0.4136139818281111,0.1825962314125414
Bulk 72,0.021480343184833973,0.2116697722540071,0.07397143163428821,0.37997011034234873,0.3129083425845218
Bulk 73,0.3666466439019883,0.023115261646979284,0.0,0.4553278454629108,0.15491024898812158
Bulk 74,0.8546048836722822,0.0,0.1108275011508023,0.034567615176915624,0.0
Bulk 75,0.6201923465230618,0.12590650573759538,0.0,0.09216475624675517,0.1617363914925875
Bulk 76,0.07015613653213217,0.2425625553017353,0.027099874385475026,0.3844283422227871,0.2757530915578705
Bulk 77,0.44863025531304623,0.14432968016222952,0.023092378164255647,0.13112164229108322,0.25282604406938536
Bulk 78,0.16514895570931892,0.21777042337393224,0.12675484381041124,0.2932569838378591,0.19706879326847845
Bulk 79,0.2611843946225929,0.14057277201404986,0.07211435361348058,0.2803334972058155,0.24579498254406104
Bulk 80,0.32720701453505296,0.16825940684782378,0.02230502758486043,0.20814335994452252,0.2740851910877403
Bulk 81,0.1442602912090288,0.22032818017491823,0.1898785397006796,0.23024046010701069,0.21529252880836267
Bulk 82,0.902957771940265,0.0,0.0,0.0,0.09704222805973492
Bulk 83,0.23610683330504614,0.17831168392600463,0.0,0.2758137349948159,0.3097677477741334
Bulk 84,0.1725736708851019,0.19067177134633256,0.05695474825047435,0.3231637744545798,0.2566360350635114
Bulk 85,0.14048620952802576,0.2750749133641891,0.12379389346578469,0.21532436483867198,0.2453206188033283
Bulk 86,0.12329134867342544,0.10061371782307935,0.0760179874804359,0.4760374973506814,0.22403944867237788
Bulk 87,0.30283571190953545,0.23467951068272971,0.0,0.24822354104738856,0.21426123636034627
Bulk 88,0.37468655301288833,0.21785396196944698,0.06753952688556512,0.25195912784832875,0.08796083028377079
Bulk 89,0.3175057875209426,0.132788409100558,0.0,0.3532402875099484,0.1964655158685509
Bulk 90,0.18557203018615975,0.12398564550660988,0.1781536672055059,0.3926349458116168,0.11965371129010777
Bulk 91,0.1610228565031956,0.18453744593350935,0.09409981538574762,0.3482506518519009,0.21208923032564658
Bulk 92,0.25463430920213775,0.1740179517705607,0.09686461036760095,0.27458874967616037,0.19989437898354037
Bulk 93,0.09385462838001649,0.15662347632165532,0.15310203731045974,0.39831567082382896,0.19810418716403952
Bulk 94,0.20406593066872683,0.16652319038973895,0.09026264973932882,0.3622423317545924,0.17690589744761304
Bulk 95,0.335284700654085,0.1072277186400184,0.026480699670214526,0.45033965952317606,0.08066722151250603
Bulk 96,0.8031874147331516,0.0,0.00047593325062161336,0.0,0.19633665201622685
Bulk 97,0.4580022186183913,0.12040723591911388,0.1319597532257368,0.05610831658301304,0.23352247565374504
Bulk 98,0.36966667419673604,0.13571390624393126,0.1597219287593447,0.16576955286980158,0.1691279379301865
Bulk 99,0.2653548562889773,0.1956570135151467,0.018473428778808063,0.3343380355370872,0.18617666587998075
Bulk 100,0.0008584267725301302,0.25701292302734746,0.1679801947229445,0.27473750953214293,0.2994109459450349
Bulk 101,0.4509608440393958,0.14268297951842768,0.0,0.14913892314459845,0.2572172532975781
Bulk 102,0.11637971436188384,0.22266365922018544,0.07453169406062383,0.3597390285444181,0.2266859038128887
Bulk 103,0.07772397042773903,0.20733618376844049,0.10780703639613609,0.31550016475401815,0.2916326446536663
Bulk 104,0.27084753704280357,0.05066769543632805,0.14462622875723552,0.3778567974738679,0.1560017412897649
Bulk 105,0.5934478109108483,0.04741893863827723,0.0,0.2260201369192525,0.13311311353162203
Bulk 106,0.21192401307257813,0.171245204992946,0.009056755792562227,0.36264683368958,0.24512719245233366
Bulk 107,0.21949482329433634,0.17490869213887242,0.0,0.309676019768964,0.29592046479782713
Bulk 108,0.16760042296227665,0.1576797810811024,0.23447381940175496,0.16866846963405793,0.27157750692080806
Bulk 109,0.27980595950851805,0.18732085702017506,0.06353495084417915,0.2983179833345846,0.17102024929254314
Bulk 110,0.9474042580578453,0.0,0.0,0.05259574194215461,0.0
Bulk 111,0.5711037773716579,0.0903291583744545,0.20174378891765152,0.09460938916015987,0.042213886176076194
Bulk 112,0.3358941240254702,0.11424634835394558,0.1154112587348912,0.22565251338322187,0.20879575550247123
Bulk 113,0.4597669715995156,0.11481685869305834,0.008254788778523365,0.21488486366026457,0.20227651726863813
Bulk 114,0.1647268600916934,0.19366194334125847,0.11891202746294745,0.33053012564201856,0.19216904346208205
Bulk 115,0.2338326260106427,0.09638152306460163,0.1938194744907889,0.3150840050184926,0.16088237141547423
Bulk 116,0.08359822482140225,0.23175462469660982,0.1337062829543384,0.31900311868622533,0.23193774884142423
Bulk 117,0.035004415120705824,0.22295002289713772,0.0,0.3865301379547493,0.3555154240274072
Bulk 118,0.14079751564675438,0.2182517112626529,0.0,0.3404807606574554,0.30047001243313737
Bulk 119,0.4596569735444292,0.061544671799699156,0.0,0.37597829066305044,0.1028200639928213
Bulk 120,0.4069415921982921,0.16880084621716537,0.0,0.03390055913215209,0.3903570024523904
Bulk 121,0.1969487710858618,0.25603670294863123,0.0,0.27521572122738996,0.271798804738117
Bulk 122,0.3460733708139553,0.10826686432698704,0.286385406117362,0.09038828653722283,0.16888607220447277
Bulk 123,0.4515871155871288,0.1256428737748102,0.0,0.1528738512821175,0.2698961593559435
Bulk 124,0.16851673693918137,0.23034545787206795,0.07182877457727439,0.28382087319670124,0.24548815741477495
Bulk 125,0.31790253453631406,0.08223834781121407,0.18815279279680966,0.25846111100184327,0.15324521385381887
Bulk 126,0.0,0.27413684876072686,0.09262207035618461,0.34666952087588165,0.28657156000720685
Bulk 127,0.4347908474579429,0.10915097178509829,0.0006914750122162974,0.11482434321766945,0.340542362527073
Bulk 128,0.3895293700504955,0.0,0.048258992003851815,0.2972828532969274,0.2649287846487254
Bulk 129,0.4146391324663557,0.08164870570046434,0.10492125918364686,0.2804147424886943,0.11837616016083867
Bulk 130,0.7243132859015202,0.0,0.0,0.04705841915352423,0.22862829494495562
Bulk 131,0.2419743766664008,0.1968605544333972,0.0,0.2636248062735081,0.2975402626266941
Bulk 132,0.521790725057669,0.19786223424651803,0.0,0.0,0.28034704069581307
Bulk 133,0.461324105763649,0.07363010447451983,0.1850520998481407,0.12323386725479235,0.15675982265889818
Bulk 134,0.2992869188125271,0.0,0.3780025424206965,0.2820306086482056,0.040679930118570753
Bulk 135,0.16906631869300748,0.17636731125476565,0.08146461026960475,0.3133330275392777,0.25976873224334435
Bulk 136,0.412717771996426,0.20027745768046196,0.07307466224818121,0.1635364458333188,0.15039366224161196
Bulk 137,0.5837369866396492,0.031824679518783254,0.0,0.27305506432775223,0.11138326951381539
Bulk 138,0.3317291698118715,0.13218146160808783,0.0,0.1597736983235637,0.3763156702564769
Bulk 139,0.6806476375683281,0.1149121039351618,0.0,0.09122724500517826,0.11321301349133188
Bulk 140,0.24533832004925735,0.17461415006148706,0.23827874627788495,0.18616189928585733,0.15560688432551326
Bulk 141,0.15623328788266602,0.1181782915761202,0.14529160225303858,0.2793955936118626,0.30090122467631264
Bulk 142,0.7709187348259421,0.0,0.0,0.0,0.22908126517405789
Bulk 143,0.19917024906579298,0.11992669286024527,0.3653745177723019,0.2604656344329691,0.055062905868690795
Bulk 144,0.5294253583659668,0.12460332057984852,0.0,0.1062873934477433,0.2396839276064414
Bulk 145,0.3659708287383844,0.22797919087030247,0.01915088072996192,0.13028005652180633,0.25661904313954487
Bulk 146,0.3106925503893479,0.03742713912528912,0.1015035099031297,0.46957926168015696,0.08079753890207636
Bulk 147,0.14766487090207395,0.09492455053564708,0.023285375406617067,0.505031541674754,0.2290936614809079
Bulk 148,0.34099154139368393,0.07770953072230324,0.08355065789937349,0.37772581603631883,0.12002245394832041
Bulk 149,0.0,0.21994686171704034,0.11868500060750548,0.38922297910637416,0.27214515856908
Bulk 150,0.011954069480644989,0.22147842567450615,0.08959903697439592,0.3709421549661244,0.3060263129043285
Bulk 151,0.5559937819674473,0.07562469320205245,0.0,0.11590266674449612,0.2524788580860041
Bulk 152,0.435833867354792,0.2542534416521858,0.0,0.0,0.3099126909930223
Bulk 153,0.5947743850553037,0.002007965650984478,0.0,0.06477180259704718,0.3384458466966647
Bulk 154,0.23844919677259233,0.18398193036262248,0.10217909718891216,0.2710386343507115,0.20435114132516163
Bulk 155,0.17780210369035968,0.13767345714644608,0.154175808571952,0.2959250616631794,0.23442356892806285
Bulk 156,0.4757424584051412,0.11471767139136649,0.0,0.29212016665308155,0.11741970355041083
Bulk 157,0.24975561114426476,0.22931548863254275,0.0,0.2579300735014914,0.26299882672170105
Bulk 158,0.43657877432742037,0.0,0.19469480573944484,0.36872641993313476,0.0
Bulk 159,0.4983424321099835,0.05351082585944601,0.040935912110752905,0.2753810383400142,0.13182979157980348
Bulk 160,0.468727630646292,0.11366365440409201,0.0,0.2100965539780679,0.20751216097154818
Bulk 161,0.2533278847019001,0.08201374155151495,0.22025219428090229,0.18323917151537392,0.2611670079503086
Bulk 162,0.37555416453828167,0.20820334132552296,0.0,0.19391681516686138,0.22232567896933406
Bulk 163,0.30243722290978514,0.10506214171738204,0.06055504126263222,0.38625208082701445,0.14569351328318614
Bulk 164,0.5735210467635279,0.10926323001367567,0.0,0.1519673892552402,0.1652483339675562
Bulk 165,0.33699285796742345,0.13842588868658484,0.032714488726358466,0.19931689597621635,0.29254986864341687
Bulk 166,0.2980803221700148,0.1495256342587286,0.2318091910119107,0.193704003276358,0.12688084928298796
Bulk 167,0.16870438911828545,0.13033963767634552,0.2542183626375162,0.24568998770277609,0.20104762286507685
Bulk 168,0.2052356634470889,0.06373273175884993,0.16927711678479554,0.3828744389851727,0.17888004902409307
Bulk 169,0.5929216090660934,0.0,0.0,0.27576061417102676,0.13131777676287978
Bulk 170,0.18989760135076622,0.18407751880896797,0.13725740717114301,0.2247165801310818,0.264050892538041
Bulk 171,0.2817733814429012,0.03818928158643014,0.0,0.5125824251342729,0.1674549118363958
Bulk 172,0.0815745348030308,0.20988208498833177,0.08741225706167653,0.26088068047945634,0.3602504426675046
Bulk 173,0.3863788176891052,0.19265922808860525,0.0,0.20687989731991993,0.21408205690236953
Bulk 174,0.6417903269757891,0.03979222402463117,0.11653573233549352,0.03170935004560709,0.1701723666184791
Bulk 175,0.39642306255441184,0.11757548467981797,0.0,0.20884350623327097,0.2771579465324992
Bulk 176,0.22161484995036326,0.24476725623313916,0.028812994033804086,0.3755753180841487,0.12922958169854468
Bulk 177,0.20216208974339953,0.03521444531245903,0.2719865243400164,0.39024850181942355,0.10038843878470147
Bulk 178,0.4571241439899847,0.10336967984644309,0.0,0.20477959672713297,0.23472657943643915
Bulk 179,0.1992289926253465,0.2052999253011607,0.0,0.3849264405088633,0.21054464156462938
Bulk 180,0.19845505976861202,0.1555300542924862,0.05733503461255597,0.32660792120745463,0.2620719301188911
Bulk 181,0.25560895882417867,0.14547606996398538,0.14911923844425487,0.19847595170279786,0.2513197810647832
Bulk 182,0.5111175708548233,0.0,0.2235760705335895,0.23357446601082504,0.03173189260076194
Bulk 183,0.6800289689905611,0.06440543879642363,0.0,0.03675568428181607,0.21880990793119917
Bulk 184,0.38625294763965173,0.0,0.09526436926247635,0.3830555371299505,0.13542714596792135
Bulk 185,0.2929156599574674,0.12948756327982172,0.18508880748823278,0.2310901093867984,0.1614178598876798
Bulk 186,0.26350734998342473,0.1293887532145925,0.19840123821984817,0.30722204032772354,0.10148061825441099
Bulk 187,0.42604483625214407,0.16212679097740543,0.0,0.12151823735066497,0.2903101354197855
Bulk 188,0.5074991341919793,0.013302282467342373,0.1426768171245246,0.2508690625612626,0.08565270365489114
Bulk 189,0.1714211228037569,0.12755680527704227,0.30550255827582967,0.26986139470849446,0.1256581189348767
Bulk 190,0.2941979055813843,0.18165823263908043,0.012587562948632485,0.2234987477508526,0.2880575510800501
Bulk 191,0.4038678800309359,0.18545457311785918,0.0,0.09433054650576009,0.31634700034544483
Bulk 192,0.6168482993179952,0.054573002035552154,0.0,0.07323708010598066,0.255341618540472
Bulk 193,0.42484223775086893,0.07091960469411394,0.3549223712856814,0.0627883947780571,0.08652739149127862
Bulk 194,0.7111616353407972,0.01742508141694362,0.07356086759504647,0.08183784702125046,0.11601456862596207
Bulk 195,0.278532721610483,0.20241562417818326,0.0061620408707904395,0.20010253602649444,0.3127870773140489
Bulk 196,0.17961100223151613,0.1951458706972614,0.12001316375096702,0.19033087316937777,0.3148990901508777
Bulk 197,0.37676011371295764,0.18032997828296138,0.09946088067569843,0.10675873909636044,0.2366902882320221
Bulk 198,0.765867069330378,0.019253120807027405,0.0,0.0,0.2148798098625946
Bulk 199,0.46601506940640663,0.1154689785474237,0.0,0.16374057632010622,0.25477537572606346
Bulk 200,0.0,0.20156464072652577,0.16407748059998897,0.3951135242097331,0.23924435446375208
Bulk 201,0.2160086258103812,0.17876288336805296,0.11999945722602147,0.30043740892486276,0.1847916246706816
Bulk 202,0.4550650382796703,0.03759387888357405,0.0,0.33689381696467713,0.1704472658720786
Bulk 203,0.47365593179280113,0.15720318888109788,0.046514301161121555,0.133482223320691,0.18914435484428846
Bulk 204,0.5011603583054183,0.17121457359230458,0.0,0.06597935410394815,0.26164571399832903
Bulk 205,0.5611777058727481,0.1364329894928932,0.0,0.0,0.3023893046343588
Bulk 206,0.8123303469303944,0.0,0.0,0.0,0.18766965306960556
Bulk 207,0.33930129774821044,0.1530122739883257,0.016810331927100124,0.16794035226718057,0.3229357440691832
Bulk 208,0.21263957323854654,0.2235282067102616,0.033396162218362224,0.2892822275870556,0.24115383024577414
Bulk 209,0.729732911683453,0.06266352058202107,0.04552417208417878,0.13650613022676722,0.025573265423579822
Bulk 210,0.42660841035019237,0.09815395008104068,0.06569657547991536,0.18359357440459403,0.2259474896842575
Bulk 211,0.015781121841953447,0.1902769618217281,0.13785720272195057,0.3671733021401409,0.2889114114742271
Bulk 212,0.30612655734304006,0.22339920117126735,0.16492147504708668,0.16330619980005115,0.14224656663855467
Bulk 213,0.36172764365213356,0.10527004184286981,0.22608849807967382,0.2003800520070645,0.10653376441825832
Bulk 214,0.46240161270810054,0.1138852904192171,0.21122104924019855,0.0,0.2124920476324839
Bulk 215,0.4757949465726585,0.15422978547393526,0.0,0.1209355934984662,0.24903967445494013
Bulk 216,0.1786790045729106,0.17826096194110516,0.02476554921632252,0.3150527347619275,0.30324174950773425
Bulk 217,0.7171874181907343,0.032668897068122794,0.0,0.0,0.25014368474114296
Bulk 218,0.25413925725532016,0.19676187121820335,0.04439273505245406,0.30800049932964785,0.19670563714437456
Bulk 219,0.35898662229849765,0.13700254731136374,0.14610462149566314,0.09770417934730281,0.26020202954717264
Bulk 220,0.6035347615743913,0.13645176633831263,0.0,0.008223518526270655,0.2517899535610254
Bulk 221,0.23407407145367834,0.2150871849888829,0.06268939416378774,0.25528298940815203,0.23286635998549896
Bulk 222,0.12711429572023725,0.1991504022971387,0.042476172698470524,0.33880759426399387,0.2924515350201595
Bulk 223,0.03800873979173797,0.1952044397155858,0.25985052814313186,0.3401591958568437,0.16677709649270064
Bulk 224,0.6201545264828635,0.10370563476080268,0.0,0.13845220381078147,0.13768763494555245
Bulk 225,0.9204976452873587,0.0,0.0,0.0,0.07950235471264125
Bulk 226,0.31473316337271945,0.1101293147414736,0.10960342977460268,0.2905031316772358,0.17503096043396849
Bulk 227,0.6380341251393363,0.0,0.07813995550392931,0.28382591935673424,0.0
Bulk 228,0.46599917932457696,0.08460886245592546,0.08352521226460448,0.0602381786565179,0.3056285672983751
Bulk 229,0.5431346485892629,0.12020476399507726,0.0,0.12340802274827418,0.21325256466738576
Bulk 230,0.15372158764711194,0.0903020551467032,0.14845957742363758,0.5035256749532991,0.10399110482924823
Bulk 231,0.4644573521348485,0.1994010020216914,0.0,0.03353020534209272,0.30261144050136723
Bulk 232,0.017629261617786232,0.23795910487616892,0.03671358888557867,0.36605427897316495,0.34164376564730126
Bulk 233,0.20944054446936883,0.1446910645880091,0.10116943817641744,0.3544641352359152,0.1902348175302895
Bulk 234,0.2794653264717392,0.2078584336736466,0.03951790270924411,0.18519187724287214,0.28796645990249786
Bulk 235,0.39278247179267645,0.00155975805236224,0.2193823317381064,0.35289215600342416,0.03338328241343085
Bulk 236,0.0730664146271377,0.0890798357499942,0.18164224784543284,0.4221084495290122,0.23410305224842295
Bulk 237,0.3301066625160757,0.1615084313133976,0.10668512436846615,0.13910106592483215,0.2625987158772284
Bulk 238,0.3324498457345081,0.16603752719898252,0.07722473547066178,0.12965565141897087,0.2946322401768766
Bulk 239,0.05174399484926605,0.21685681332379472,0.10208515276091726,0.3537059638598678,0.27560807520615416
Bulk 240,0.1866677154025508,0.2121451024208075,0.0,0.38374016539628847,0.21744701678035322
Bulk 241,0.20822928410629843,0.07653842508438942,0.11638364346306077,0.46851935929190364,0.13032928805434776
Bulk 242,0.8376176137382035,0.03142488174272127,0.0,0.0,0.13095750451907517
Bulk 243,0.33615420484240555,0.16127908241271383,0.05667471354082334,0.12540034286629478,0.3204916563377625
Bulk 244,0.342679290009732,0.2036364884512943,0.0,0.10731581492780147,0.34636840661117224
Bulk 245,0.6164104929320993,0.11266436004712609,0.0,0.06631931993105605,0.2046058270897186
Bulk 246,0.2374495841327067,0.14239369567096,0.033564534571351626,0.28285016668121055,0.3037420189437711
Bulk 247,0.42110439999032495,0.19301129020129384,0.0,0.0344270039873236,0.35145730582105766
Bulk 248,0.7236280068194564,0.07932456186326187,0.0,0.0,0.19704743131728167
Bulk 249,0.784258044482289,0.06810694673525175,0.0,0.0,0.14763500878245922
Bulk 250,0.6899388804153131,0.07124091041532665,0.0,0.0,0.23882020916936023
Bulk 251,0.3536771662451055,0.17809446891769942,0.03469776524019638,0.24132751020899015,0.19220308938800865
Bulk 252,0.1559095053775925,0.14285120488880637,0.11877664340627651,0.42826401984733037,0.15419862647999427
Bulk 253,0.17825436972069025,0.18040638130978867,0.0394509273284817,0.248151569825925,0.3537367518151143
Bulk 254,0.4567315125326512,0.10668054442860875,0.0,0.21969701382120232,0.21689092921753783
Bulk 255,0.1380418436346239,0.2809553513337915,0.1004486137250991,0.19556160042360476,0.28499259088288065
Bulk 256,0.07579184091286296,0.24568203613900103,0.0,0.30210731903393095,0.376418803914205
Bulk 257,0.06518567987351861,0.35615812108863776,0.037510576911722535,0.23397875115688682,0.30716687096923434
Bulk 258,0.5753990024911926,0.13749434918972622,0.0,0.07533808300251217,0.21176856531656896
Bulk 259,0.30327747472035876,0.20381191284234465,0.11936016634662054,0.09214585310118932,0.2814045929894867
Bulk 260,0.1201027097672091,0.13843033310899228,0.1595330144989991,0.36864572211233526,0.21328822051246418
Bulk 261,0.046901937126304874,0.1930868545938728,0.13975089361585663,0.31544685023067065,0.30481346443329516
Bulk 262,0.00023891590640765225,0.142056428573471,0.28782365609140037,0.3362573569464913,0.2336236424822297
Bulk 263,0.4272334326949229,0.06967874351142855,0.0,0.3059388781673498,0.19714894562629887
Bulk 264,0.08022059539645354,0.14594647182709983,0.13102961917500472,0.41838306013701076,0.22442025346443123
Bulk 265,0.28769347573369486,0.04846840216558347,0.12678412437507325,0.5370539977256483,0.0
Bulk 266,0.4119834195592588,0.06905028812991046,0.0,0.4003256094213885,0.11864068288944217
Bulk 267,0.11966635819987807,0.1901752233888239,0.07887014258401476,0.4087215596901039,0.2025667161371793
Bulk 268,0.24899510178048914,0.21627904333251508,0.0,0.2863393218293275,0.24838653305766825
Bulk 269,0.3545007380079595,0.1542780419779764,0.0941542940125706,0.10437547980230341,0.2926914461991902
Bulk 270,0.6459153844490462,0.10479903499516534,0.06596806464201728,0.0,0.1833175159137712
Bulk 271,0.06445922466910363,0.2069069686230301,0.10029918089962976,0.3881863972421121,0.24014822856612458
Bulk 272,0.669824966275798,0.11454510482778671,0.12038982951561723,0.008628982941498145,0.08661111643929996
Bulk 273,0.32149397693511483,0.17274073220822683,0.011606292413111213,0.26753759572386643,0.22662140271968065
Bulk 274,0.3862998100183435,0.1893160614266029,0.0,0.19604682429039116,0.2283373042646623
Bulk 275,0.115674710866242,0.028911531552955786,0.3303084021846441,0.464123134359192,0.060982221036966225
Bulk 276,0.3446877244808461,0.18326577673843825,0.0,0.18261383208830584,0.28943266669240975
Bulk 277,0.641679886143001,0.13661288755583853,0.0,0.09675206382377183,0.12495516247738876
Bulk 278,0.4277991928797591,0.12074655217567384,0.2248831731760156,0.19855766318457774,0.02801341858397364
Bulk 279,0.08575923244463948,0.23852587387950538,0.1535818234536698,0.274409032776138,0.2477240374460473
Bulk 280,0.6392747656706469,0.07698358980355732,0.13298580510810878,0.03794835321265171,0.11280748620503543
Bulk 281,0.8238832840288973,0.05733048691327121,0.0,0.0,0.11878622905783155
Bulk 282,0.5129633726815941,0.11459027363742713,0.01930237620188717,0.3531439774790915,0.0
Bulk 283,0.5690831016905845,0.16282655952636477,0.0,0.0,0.26809033878305083
Bulk 284,0.4731268712265523,0.06908084975210538,0.2702111282032736,0.0,0.1875811508180688
Bulk 285,0.0685834982032167,0.34532046377739617,0.11199154089196267,0.06740074443981782,0.4067037526876066
Bulk 286,0.16289898178002277,0.2571153135499256,0.18594281445762917,0.1516985086135647,0.24234438159885785
Bulk 287,0.051701448164445864,0.032146574886423036,0.20073549849408304,0.5171713763307348,0.1982451021243133
Bulk 288,0.5122394947926988,0.06118710072163433,0.05289423417382226,0.17774191664283476,0.1959372536690099
Bulk 289,0.8370657787697479,0.0,0.0,0.0,0.16293422123025225
Bulk 290,0.37009888735151525,0.05840698314344907,0.25892661410188345,0.26218707845599337,0.050380436947159005
Bulk 291,0.25930336507894214,0.1553706055569452,0.22200197062200364,0.20396450287587348,0.15935955586623565
Bulk 292,0.2703920524087659,0.1900975356731676,0.050211114800753846,0.20333230263647648,0.2859669944808363
Bulk 293,0.4190533300677608,0.15690922744619068,0.0,0.24438639340494622,0.17965104908110222
Bulk 294,0.48535861537178254,0.18200727106718992,0.0,0.0,0.33263411356102746
Bulk 295,0.340841659593851,0.19018801040800964,0.2387263563525189,0.032455547784292826,0.1977884258613276
Bulk 296,0.7948554250202221,0.013481866296497337,0.07461172642957074,0.0,0.1170509822537098
Bulk 297,0.8888921453284758,0.0,0.0,0.0,0.11110785467152416
Bulk 298,0.25258739098134825,0.21733169759770976,0.0,0.24934458531558565,0.2807363261053563
Bulk 299,0.5813256440226661,0.11669924622182719,0.0,0.0,0.3019751097555066
Bulk 300,0.0,0.22919556888378295,0.2074564142370287,0.3784933926929902,0.18485462418619814
Bulk 301,0.352890393534575,0.12899642103457915,0.0,0.35604512400740773,0.16206806142343827
Bulk 302,0.14356551104570786,0.25657347747749987,0.04964295686434153,0.28640206547021535,0.2638159891422355
Bulk 303,0.32379769441916745,0.2034998252472556,0.0,0.20069918835593467,0.27200329197764245
Bulk 304,0.2750674873188934,0.2182211133160044,0.07457683322075755,0.1493279690675673,0.2828065970767774
Bulk 305,0.6323615418959013,0.08251576586715637,0.0,0.04623441774872825,0.23888827448821406
Bulk 306,0.3503517292504562,0.2538189258212736,0.0,0.0,0.3958293449282702
Bulk 307,0.638743635762005,0.023287215619239465,0.0,0.15493459578910487,0.18303455282965078
Bulk 308,0.6401868236976388,0.0,0.06110930974221139,0.11743710935314651,0.18126675720700336
Bulk 309,0.3806134845356627,0.0576577927453199,0.17052036297466291,0.24849921734232827,0.14270914240202623
Bulk 310,0.3691988158397161,0.20586974016062248,0.0,0.20605029020560028,0.2188811537940611
Bulk 311,0.35994237687083575,0.24068974738587254,0.1477104606965204,0.0,0.25165741504677136
Bulk 312,0.3195211662758666,0.21491697297246967,0.08741167047051342,0.13738497338920344,0.24076521689194688
Bulk 313,0.4422559230708108,0.1594439970339541,0.028202538265745116,0.1922586708446181,0.1778388707848719
Bulk 314,0.6780445523486816,0.08964503588657392,0.0,0.020556027449312543,0.21175438431543214
Bulk 315,0.34579426257103085,0.13509390619314865,0.028726725706055306,0.2789027636651797,0.21148234186458545
Bulk 316,0.21643921632872534,0.25873707290635845,0.20089351192106356,0.13867103712524112,0.18525916171861145
Bulk 317,0.5470856526224763,0.04896927555616656,0.0,0.38294479446546514,0.021000277355891998
Bulk 318,0.08412055382170765,0.27346075223151556,0.16438562693548853,0.22602716411183013,0.25200590289945823
Bulk 319,0.20585278122591233,0.2311424124879767,0.17731551618127442,0.1851828337422472,0.20050645636258926
Bulk 320,0.4939790688360456,0.12471458765063007,0.0,0.029819850306734695,0.35148649320658953
Bulk 321,0.26477183253571146,0.24127298224751106,0.20027000741580606,0.16997537574606708,0.12370980205490434
Bulk 322,0.5773139518249116,0.0,0.1031884557551566,0.20006007991495223,0.11943751250497955
Bulk 323,0.44436728855720864,0.16129710212560847,0.0,0.07749044652125373,0.31684516279592917
Bulk 324,0.2680666262790255,0.2584934667915354,0.13458850215108115,0.117037197346556,0.22181420743180197
Bulk 325,0.29283814052915536,0.1436689679132752,0.35915796569272307,0.10570411324425365,0.09863081262059278
Bulk 326,0.04922101065972078,0.17813604925320844,0.3992205134377957,0.25142123191193466,0.12200119473734027
Bulk 327,0.3222464499874481,0.1841321269500815,0.0,0.18577076048853378,0.30785066257393656
Bulk 328,0.24108309269287886,0.19195497965626152,0.0,0.3085795344735305,0.25838239317732925
Bulk 329,0.2930168661943341,0.20616566420375987,0.175910204507765,0.10526862318237228,0.2196386419117688
Bulk 330,0.16697913324990485,0.30247790304801453,0.0846956275750574,0.11200898712438079,0.3338383490026425
Bulk 331,0.3403746938558386,0.08282190897931659,0.019792760529417485,0.24147030002744468,0.31554033660798275
Bulk 332,0.5475427225837639,0.21017197879220784,0.0,0.0,0.24228529862402823
Bulk 333,0.7413066101403741,0.02061972965765188,0.0,0.0,0.2380736602019739
Bulk 334,0.08406063643633237,0.23059540881283663,0.0,0.4066292105643328,0.2787147441864982
Bulk 335,0.33879649907128423,0.20271329664024282,0.10689032993783187,0.14482766544192405,0.2067722089087171
Bulk 336,0.483847121983291,0.21710452910686026,0.0,0.0,0.2990483489098486
Bulk 337,0.06537854485451712,0.2716407927909669,0.0,0.36617024806334836,0.2968104142911676
Bulk 338,0.2611934445138167,0.22034318612057244,0.0,0.38304411963808466,0.13541924972752623
Bulk 339,0.7267936853938047,0.06753056916503646,0.0,0.0596685039966758,0.146007241444483
Bulk 340,0.44337617080841707,0.06284832237707201,0.08474953766701682,0.3852634544378422,0.02376251470965203
Bulk 341,0.3620634466253567,0.15290644999937375,0.060457738404450095,0.15071639839491105,0.27385596657590827
Bulk 342,0.0,0.23839123911466842,0.11410575194975031,0.3499173286148514,0.29758568032072985
Bulk 343,0.3083470663495126,0.19044399133586515,0.0,0.19267988264593208,0.30852905966869015
Bulk 344,0.6207547074882455,0.1036869737954163,0.0,0.0,0.2755583187163381
Bulk 345,0.47847267216955786,0.17859576410520955,0.0,0.0,0.34293156372523276
Bulk 346,0.9288601388009612,0.011204933586204216,0.05993492761283469,0.0,0.0
Bulk 347,0.49316092295976843,0.14566928521798317,0.0,0.14868340270618305,0.21248638911606524
Bulk 348,0.4511063341200431,0.13768775045051462,0.0,0.11794874659531404,0.2932571688341282
Bulk 349,0.47391680886217835,0.09041099929345714,0.0,0.18936699758965556,0.2463051942547089
Bulk 350,0.3718126964976711,0.17410526084599615,0.0,0.17694212760257422,0.2771399150537585
Bulk 351,0.6023145310036343,0.032667017375170124,0.2981051099800859,0.06691334164110957,0.0
Bulk 352,0.0,0.23596714959968876,0.10317206999365493,0.3761698725742063,0.28469090783245
Bulk 353,0.3382434661513728,0.21417971198074617,0.08783201263546309,0.12613562194075173,0.23360918729166613
Bulk 354,0.4177537934864196,0.2097069543976321,0.0,0.09964641986532782,0.27289283225062044
Bulk 355,0.2894044911908108,0.18969669987858226,0.06711102090287645,0.16069641327737536,0.29309137475035507
Bulk 356,0.24263711409711294,0.2285632750287455,0.11837964057161485,0.1615935517973022,0.24882641850522452
Bulk 357,0.3205518533857452,0.22156484835306772,0.1938595044597292,0.010937655618724212,0.25308613818273373
Bulk 358,0.8092467648128823,0.0,0.0,0.003410132111970106,0.18734310307514745
Bulk 359,0.35702931373649033,0.1634269484528441,0.1968563185793004,0.12858641524684403,0.15410100398452117
Bulk 360,0.30645400222602537,0.21319972877484863,0.035756534543459874,0.12747595421693303,0.317113780238733
Bulk 361,0.2785450569392011,0.19879194793605706,0.10974738367592303,0.27481374061320013,0.13810187083561878
Bulk 362,0.3989766904438026,0.06833305183168395,0.13821533922688684,0.2540677632778732,0.14040715521975342
Bulk 363,0.2668895380115648,0.1309924872625302,0.070947627619747,0.21049984825148985,0.32067049885466825
Bulk 364,0.05591257472687138,0.1858442994900367,0.21664975536327938,0.28110355019838784,0.26048982022142475
Bulk 365,0.17148303943634433,0.22570805101161748,0.04689758067817526,0.2957136841148194,0.26019764475904344
Bulk 366,0.20923751944313618,0.20814109874855116,0.1539487957897384,0.21105406685239733,0.2176185191661769
Bulk 367,0.4926942213267178,0.14701612559760519,0.045028299811110596,0.164869766711065,0.15039158655350135
Bulk 368,0.2779816922657987,0.2636518076498239,0.08899419212113777,0.22174531869074637,0.1476269892724933
Bulk 369,0.3524245976641524,0.2010581376384425,0.0,0.18150198839654175,0.2650152763008634
Bulk 370,0.8402230832912518,0.0037846594505110127,0.0,0.0,0.1559922572582373
Bulk 371,0.5482822605593012,0.09715456825536394,0.0,0.10093951737459984,0.25362365381073504
Bulk 372,0.2664536520579959,0.16883255101607555,0.11173908297087397,0.2327417181408363,0.22023299581421837
Bulk 373,0.16332805663827052,0.2622255466706501,0.0663540723733022,0.3062470748012058,0.20184524951657135
Bulk 374,0.8053661646468251,0.09648119831572105,0.0,0.04427577418037557,0.0538768628570781
Bulk 375,0.0420409791423246,0.23633481191164407,0.11913809897372922,0.2959405981874452,0.3065455117848568
Bulk 376,0.5852074554429819,0.14162974828287267,0.0,0.10281724687653884,0.17034554939760665
Bulk 377,0.5518442217652355,0.023972421164218445,0.0,0.28731075088838326,0.1368726061821628
Bulk 378,0.18409953468639448,0.22718600652335086,0.021513993105621663,0.2615412782999958,0.30565918738463727
Bulk 379,0.19587010250579076,0.2753559419047066,0.0,0.24697748327732585,0.2817964723121769
Bulk 380,0.38103021902777234,0.1916085359044221,0.002026987477743634,0.14701657413257177,0.2783176834574901
Bulk 381,0.43389245332448884,0.1913658488125389,0.03524232659230233,0.13088762247057067,0.20861174880009928
Bulk 382,0.3480261204837161,0.229861606170869,0.0,0.16880411618997296,0.2533081571554419
Bulk 383,0.6594511397697004,0.08270217854839076,0.0,0.008953310114198618,0.2488933715677102
Bulk 384,0.0026621811155520592,0.26904049630356613,0.14116502618316765,0.24930322561024842,0.33782907078746566
Bulk 385,0.441144806817294,0.0,0.020695018512368216,0.4320726831366716,0.10608749153366613
Bulk 386,0.45547355955333796,0.15291101411242286,0.0,0.04780464118864218,0.3438107851455971
Bulk 387,0.4055226422084571,0.17822502461058903,0.14724070955185262,0.0,0.2690116236291012
Bulk 388,0.3324675218688618,0.2930528213913318,0.0414673160012986,0.0,0.33301234073850766
Bulk 389,0.237650964691248,0.23150408845906262,0.15957330123466573,0.15409694778019586,0.2171746978348279
Bulk 390,0.3435171176538861,0.05107082077042933,0.0,0.5356964918696543,0.06971556970603031
Bulk 391,0.13214893978100614,0.20383815709958214,0.0,0.37014581748902875,0.29386708563038283
Bulk 392,0.1991506618285508,0.2545419920361707,0.03762223344078904,0.2491119853928597,0.2595731273016298
Bulk 393,0.1057675682014121,0.1631735070868355,0.0819461705317003,0.3267049978158963,0.32240775636415586
Bulk 394,0.5273198163069003,0.14852355800397277,0.0,0.15155312561573178,0.17260350007339512
Bulk 395,0.4035462855128901,0.19608334660479756,0.056624982462332996,0.04094529728127269,0.3028000881387067
Bulk 396,0.4351646169980309,0.16468648538126057,0.0,0.11666945237790503,0.28347944524280344
Bulk 397,0.40201644447577517,0.16790442848985235,0.048013973311552174,0.13285160124528878,0.24921355247753157
Bulk 398,0.703239275612075,0.07412570674762262,0.0,0.1324868580063548,0.09014815963394755
Bulk 399,0.6615668352061725,0.031674915642099635,0.0,0.20827483027653249,0.0984834188751954
Bulk 400,0.42069042056429595,0.0768204695408986,0.06453639225279124,0.35844311549777047,0.0795096021442437
Bulk 401,0.2132838496420893,0.21640822508080734,0.25200269988414414,0.13924999485820153,0.17905523053475755
Bulk 402,0.37916997155359866,0.15461298148602023,0.0,0.05734671287551574,0.4088703340848654
Bulk 403,0.39073917694527266,0.1527627416435177,0.042863280997968004,0.24374273889453976,0.16989206151870181
Bulk 404,0.39373743026844604,0.19708371596388533,0.03351028618753057,0.10871767469029785,0.2669508928898402
