,Ast,End,Mic,Neu,Oli
Bulk 0,0.01560749323091402,0.2338305333870533,0.10982770848440651,0.3179000079439387,0.3228342569536874
Bulk 1,0.19814745926852412,0.13162333484261227,0.15652846210935048,0.3631164478763205,0.15058429590319258
Bulk 2,0.14838145930058522,0.15839805019038666,0.08574949866799733,0.39055899861570514,0.21691199322532578
Bulk 3,0.061286597007759507,0.20635810498811163,0.14511734844489,0.3296936616121624,0.2575442879470764
Bulk 4,0.5010937660989233,0.08400875683865063,0.01699987059431772,0.2549996211119035,0.14289798535620493
Bulk 5,0.11602582568848047,0.2524147555739446,0.05685732520509838,0.3679460248498711,0.2067560686826054
Bulk 6,0.49630180205879526,0.14613666370286996,0.0,0.16784435353531815,0.18971718070301669
Bulk 7,0.6621379287502319,0.0,0.0,0.2644563785670715,0.07340569268269656
Bulk 8,0.37313926937856656,0.0,0.3657511424324252,0.21344536255732327,0.04766422563168508
Bulk 9,0.47081543971049605,0.15268743922679284,0.0,0.03170192405851698,0.34479519700419403
Bulk 10,0.08031313521218884,0.1363846563520145,0.05060098444729326,0.48473581534426985,0.24796540864423355
Bulk 11,0.277018612661945,0.22919803008365147,0.027767370507443885,0.23243090241889297,0.23358508432806682
Bulk 12,0.23224415453083117,0.11444217526873582,0.0,0.44844446156582757,0.20486920863460545
Bulk 13,0.0,0.17422465743623528,0.08456994076121947,0.44247058305775866,0.2987348187447866
Bulk 14,0.6746932731479506,0.058461379501346354,0.10072404816769216,0.05881128405212344,0.1073100151308874
Bulk 15,0.19366244246459668,0.2418353610270741,0.0,0.2497680124880425,0.3147341840202867
Bulk 16,0.306103711113037,0.20892580910329908,0.04069211068015134,0.1994318730795247,0.24484649602398778
Bulk 17,0.6236188298643311,0.07245662809213108,0.10199046328609154,0.05700465173872829,0.14492942701871797
Bulk 18,0.4116995258234023,0.07074440434336039,0.08715231669739175,0.2793508313277159,0.1510529218081297
Bulk 19,0.2797128147185921,0.13597871783424906,0.0,0.382608176473532,0.20170029097362688
Bulk 20,0.0,0.22140651533045616,0.12464777644889978,0.4071200563407803,0.24682565187986377
Bulk 21,0.34133154712837943,0.20477108827718776,0.02237278720570982,0.43152457738872296,0.0
Bulk 22,0.08958354754890724,0.24202310095950447,0.02875673624366158,0.4398458396658982,0.19979077558202843
Bulk 23,0.10957151305216427,0.2543483386305806,0.10302307601746835,0.28356759752562605,0.24948947477416075
Bulk 24,0.31823513328488157,0.08901091470589415,0.06809916417050778,0.4329028085689656,0.09175197926975087
Bulk 25,0.23715438533974922,0.05240198571504066,0.009504867148340118,0.6351826797922899,0.06575608200458008
Bulk 26,0.18997362281086452,0.23175632713740926,0.0,0.29804938593268626,0.28022066411904
Bulk 27,0.5592445064763318,0.15520308376904465,0.0,0.022373626505199504,0.26317878324942406
Bulk 28,0.23804748712223772,0.09557423568146176,0.08890031756053483,0.42026451411043614,0.15721344552532956
Bulk 29,0.4301577262713415,0.11358110119708086,0.0,0.17827467357388005,0.2779864989576976
Bulk 30,0.301741209928255,0.1894166840491835,0.01140144748544829,0.2520941531629853,0.245346505374128
Bulk 31,0.3313286549177542,0.19049576872946536,0.18039736617221566,0.09741812735638251,0.2003600828241822
Bulk 32,0.15703470303590544,0.11249069996479204,0.06946514638721774,0.39624647783371025,0.2647629727783746
Bulk 33,0.0,0.20393105331059316,0.09997281047486332,0.4417448398977876,0.25435129631675596
Bulk 34,0.49531072150498534,0.10733912158624241,0.070791633272258,0.12298996647034845,0.20356855716616584
Bulk 35,0.3991304052285144,0.19093921435992733,0.062071334826296,0.08255548745909622,0.265303558126166
Bulk 36,0.2952186753691574,0.11674196119233489,0.2832195121174052,0.12578536451709146,0.1790344868040111
Bulk 37,0.31744124016648556,0.22179262519806126,0.0,0.11886686647610291,0.3418992681593503
Bulk 38,0.19637932620156,0.23748193265742923,0.06702147418728856,0.26787381962266166,0.23124344733106036
Bulk 39,0.3146973758624947,0.10222219056882353,0.14001150520986952,0.36423635956291206,0.0788325687959001
Bulk 40,0.15346917451148326,0.15088880928475237,0.09814732372653943,0.3646672606864803,0.23282743179074455
Bulk 41,0.30221732974306964,0.11013475003198818,0.2224297626711097,0.20714434306365043,0.15807381449018207
Bulk 42,0.236251237869736,0.15100984027987466,0.12642449842449743,0.355111321013048,0.13120310241284389
Bulk 43,0.4203667736666913,0.0,0.19249721711402518,0.2932616650026754,0.09387434421660809
Bulk 44,0.25647666127285146,0.14469388861262594,0.11541371828321277,0.2730823248058588,0.21033340702545106
Bulk 45,0.4299954844811066,0.10275333251974403,0.23073533286796905,0.2365158501311804,0.0
Bulk 46,0.46524931953310006,0.09570843165532585,0.0,0.23008678844088723,0.20895546037068685
Bulk 47,0.1500759387260951,0.15532080159394476,0.0799548996111673,0.31731509347457787,0.297333266594215
Bulk 48,0.5068339740343084,0.07535866223334979,0.07276582868594213,0.10947388591377287,0.23556764913262673
Bulk 49,0.10985470958510038,0.24640455372278577,0.001930710108802492,0.35795235592951463,0.2838576706537967
Bulk 50,0.2778593301635901,0.166060166982347,0.0,0.3256258656054364,0.2304546372486266
Bulk 51,0.37864162641121557,0.1051460296966578,0.0,0.2859482485647747,0.23026409532735198
Bulk 52,0.33598498842970514,0.005608618986615345,0.19163651186455694,0.25753559652445707,0.2092342841946655
Bulk 53,0.20237551316774974,0.13719942801240137,0.028439482618296125,0.3762457209381582,0.2557398552633945
Bulk 54,0.5352703754232679,0.0,0.0,0.4103544558268129,0.054375168749919156
Bulk 55,0.24072509969784397,0.21884046336774587,0.03096843557085558,0.2592595116814424,0.25020648968211223
Bulk 56,0.7744198406698619,0.0,0.0,0.2072760764772312,0.01830408285290691
Bulk 57,0.45653088188894553,0.1649282138063788,0.007101319291843715,0.07657388137844572,0.2948657036343862
Bulk 58,0.7314116510850086,0.07827331244520504,0.0,0.0,0.19031503646978634
Bulk 59,0.1675282907004691,0.2220487805986445,0.0,0.3501750400310261,0.2602478886698603
Bulk 60,0.24338981256906916,0.21127763822771795,0.0,0.3423821117944292,0.20295043740878377
Bulk 61,0.28881665457131234,0.17600830241905294,0.0,0.2788945788497019,0.2562804641599328
Bulk 62,0.29471613607814395,0.19862940404412588,0.0,0.23698395302537079,0.2696705068523593
Bulk 63,0.6264691004467886,0.02847586451632607,0.0,0.05910267889862068,0.2859523561382648
Bulk 64,0.2741653776020766,0.07939935297336181,0.15386070208743008,0.37530880411181916,0.11726576322531235
Bulk 65,0.31510288751427784,0.11537768084371099,0.12771904404368037,0.23660352565297613,0.20519686194535472
Bulk 66,0.13278139438967318,0.1416858930487669,0.19602285179895912,0.2923339150127682,0.2371759457498326
Bulk 67,0.4413254606098553,0.06873309298075375,0.0,0.24580042204442812,0.2441410243649629
Bulk 68,0.4599658416988429,0.0432596019070585,0.03450271474697243,0.3624419952876919,0.09982984635943426
Bulk 69,0.3793791024940133,0.09207219880722713,0.0,0.34208222103069474,0.18646647766806476
Bulk 70,0.09217309779534393,0.10234633697700704,0.09790844013447665,0.5374711227175463,0.1701010023756261
Bulk 71,0.09412180100034537,0.20845296165085483,0.09171007314234347,0.38542812645741886,0.22028703774903763
Bulk 72,0.08869152054607132,0.1532554801313847,0.09249902840762125,0.417156135923972,0.24839783499095075
Bulk 73,0.2690535799754808,0.22472954886483545,0.009534750140428025,0.18844679023454586,0.3082353307847098
Bulk 74,0.07710057219032604,0.13176101640875804,0.32014825342634873,0.362377417976501,0.10861273999806625
Bulk 75,0.2519836326935203,0.19211768787280328,0.19875498077489653,0.16440925066817455,0.19273444799060532
Bulk 76,0.03478717342666319,0.20407877819468606,0.03080130393265831,0.35340065478287336,0.3769320896631191
Bulk 77,0.7711930498048406,0.07191683601356914,0.00017780119267588328,0.0,0.15671231298891444
Bulk 78,0.4001213016500474,0.15523281504379685,0.1601657407885368,0.11466950704979577,0.16981063546782313
Bulk 79,0.10069599477212705,0.14750445646210505,0.19866725048632564,0.3887242285758392,0.16440806970360303
Bulk 80,0.35128611783271874,0.23390581133884417,0.0,0.10665075449044789,0.30815731633798926
Bulk 81,0.23800476868326767,0.1298509932640494,0.08200055753702223,0.2899967726925942,0.26014690782306643
Bulk 82,0.9486730553876804,0.0,0.0,0.0,0.05132694461231954
Bulk 83,0.8245753609810038,0.0,0.04510915769230083,0.03637405002170036,0.09394143130499502
Bulk 84,0.04380005186060952,0.2436404694933703,0.05972916134850597,0.32594093575395927,0.32688938154355496
Bulk 85,0.14658087614178178,0.11013779164314112,0.1783320041184938,0.40306025548381613,0.1618890726127672
Bulk 86,0.0,0.2414716064590315,0.1440336036359567,0.25326128654736374,0.361233503357648
Bulk 87,0.6543506694400594,0.11812714642050358,0.0,0.0,0.22752218413943712
Bulk 88,0.19406694654047474,0.13350203076312883,0.053391438092344624,0.4472071335339802,0.17183245107007147
Bulk 89,0.5694360121814885,0.0866105956551123,0.0,0.2209888872952427,0.12296450486815645
Bulk 90,0.10979933126193243,0.11153052850795432,0.1282062983149219,0.3793670763288715,0.27109676558631995
Bulk 91,0.08909808302294421,0.2652686072670225,0.06522037058944857,0.3388518025110793,0.24156113660950537
Bulk 92,0.36541804999188404,0.17258258827117712,0.001908336719756383,0.18379099577329042,0.2763000292438921
Bulk 93,0.06502317792132319,0.16235974044670784,0.15259521799916043,0.4343343926862773,0.18568747094653115
Bulk 94,0.15256972291507281,0.23464809444249476,0.018842063358117167,0.22908522852920613,0.364854890755109
Bulk 95,0.3891275561544837,0.13803035532912586,0.06348948539087759,0.26996951542889147,0.13938308769662147
Bulk 96,0.5327477377094768,0.20536264264438459,0.0,0.13572833343251578,0.1261612862136228
Bulk 97,0.3635817959201007,0.09022167434618435,0.23063881789366728,0.14262424443710572,0.172933467402942
Bulk 98,0.34815452256057394,0.058262967393073586,0.18644585911280903,0.29833988637284603,0.10879676456069763
Bulk 99,0.3461485708404306,0.07100458455766279,0.10169638517163174,0.31893820701621495,0.16221225241405984
Bulk 100,0.13295070148352922,0.21612089211327304,0.03215815714108872,0.38945703803531634,0.22931321122679266
Bulk 101,0.40667719462960233,0.07274321048054375,0.1269438719417146,0.39363572294813926,0.0
Bulk 102,0.2536551732102141,0.05947138069328973,0.06998984973399272,0.42551839373823763,0.19136520262426587
Bulk 103,0.20060461416937106,0.1779085783496951,0.053016455803031354,0.3908474132405132,0.1776229384373894
Bulk 104,0.1181587652461732,0.1723302402731718,0.033585417883810406,0.3873711604673901,0.2885544161294545
Bulk 105,0.3525741050247469,0.2185330036981543,0.05791375224505677,0.08789326879974932,0.2830858702322927
Bulk 106,0.1771547423725937,0.16733958211386374,0.0,0.2943942293976613,0.36111144611588136
Bulk 107,0.18184413726133403,0.12795807617669086,0.2175875059921457,0.21935675483393324,0.2532535257358961
Bulk 108,0.18732031928987064,0.1806180056330688,0.10488100606029523,0.39683771490119085,0.13034295411557445
Bulk 109,0.18416210879805664,0.1843054703328716,0.011474795737893013,0.39524546145090367,0.2248121636802752
Bulk 110,1.0,0.0,0.0,0.0,0.0
Bulk 111,0.5913986249606155,0.06085477934035483,0.06101741900884744,0.05134785716195468,0.23538131952822766
Bulk 112,0.43831461566038565,0.12831165731688948,0.0,0.2925015354636817,0.14087219155904324
Bulk 113,0.5544605288918268,0.08879833721338042,0.0,0.3411726239916829,0.015568509903109774
Bulk 114,0.18886269380962084,0.23033836666202936,0.08341158513885734,0.2879711932323656,0.20941616115712694
Bulk 115,0.461328758504658,0.1117020453400416,0.007749596870781551,0.16293998947128668,0.2562796098132322
Bulk 116,0.2732536347193204,0.16035921245963225,0.008319988435616146,0.31186736199420423,0.24619980239122705
Bulk 117,0.0642408477786851,0.22247197837867191,0.039398057126734665,0.3163754754183645,0.3575136412975438
Bulk 118,0.3475545370167336,0.20872526401237518,0.0,0.2443221028362676,0.19939809613462361
Bulk 119,0.20091988328584368,0.22399437329785388,0.01795935524285094,0.28914325746174085,0.2679831307117107
Bulk 120,0.447545536094714,0.09634516014294527,0.20862910446265323,0.19439507248619986,0.05308512681348771
Bulk 121,0.497703658118828,0.14222604101633948,0.03998084291932814,0.20870526453572733,0.11138419340977711
Bulk 122,0.6125776337129166,0.1103525663079777,0.0,0.0,0.27706979997910564
Bulk 123,0.42341980224611453,0.1772353689056587,0.0,0.23131606429625162,0.16802876455197516
Bulk 124,0.2612833773358289,0.21604128140046172,0.0,0.23455257978097346,0.28812276148273586
Bulk 125,0.29037664462958607,0.1164825507870535,0.20034741981794926,0.20387414948795213,0.18891923527745907
Bulk 126,0.04381808371018575,0.2038119026988744,0.08540693227233954,0.5092050632973555,0.1577580180212449
Bulk 127,0.21808499724557084,0.16155550043447112,0.0,0.33832028991875346,0.28203921240120455
Bulk 128,0.25654135745977974,0.07322203852385586,0.06158553515067045,0.2374748308640547,0.37117623800163924
Bulk 129,0.5703528524216566,0.08727331290787464,0.0,0.18703429085379739,0.15533954381667137
Bulk 130,0.3137873803043499,0.07382547086417146,0.2080683133616063,0.2565075699920808,0.14781126547779155
Bulk 131,0.3121462648828723,0.15219176619275848,0.03410704331727191,0.35578402071357756,0.1457709048935198
Bulk 132,0.5191111823531109,0.12520691196547723,0.0,0.0,0.3556819056814119
Bulk 133,0.6850534688487653,0.0,0.038572472258368115,0.13595276819249588,0.1404212907003708
Bulk 134,0.5020476553371577,0.06309405233985263,0.0,0.22919203511932926,0.2056662572036605
Bulk 135,0.19337337814140496,0.19556571057898547,0.08684696912236506,0.2723199329545404,0.25189400920270416
Bulk 136,0.189717109554905,0.1862054436649404,0.14748322769080116,0.17304866509533265,0.3035455539940208
Bulk 137,0.39046561963548093,0.15561893487244827,0.0,0.2673989735665723,0.18651647192549858
Bulk 138,0.2068578894043435,0.11575266488044944,0.158684490440226,0.28112830210266143,0.23757665317231963
Bulk 139,0.728423266772493,0.11847426597632013,0.0,0.0,0.15310246725118687
Bulk 140,0.36808785285088796,0.17007524148045555,0.0,0.2890218212082676,0.1728150844603888
Bulk 141,0.29797379036872723,0.0,0.25649942390466557,0.4354738756694563,0.010052910057150933
Bulk 142,0.4774713523105336,0.04968315285126897,0.25483453297923486,0.0,0.2180109618589626
Bulk 143,0.27371622230705644,0.2347767014576393,0.05321107857735909,0.1766354958690716,0.2616605017888735
Bulk 144,0.32553048300243487,0.2015129439603289,0.0,0.17308623677264917,0.2998703362645869
Bulk 145,0.12473965201065036,0.26107847940974405,0.17312707470180141,0.19685717526073465,0.24419761861706954
Bulk 146,0.0,0.21959065394411015,0.16912437992688487,0.30096173217130495,0.31032323395770006
Bulk 147,0.39033767302517597,0.09559069339037064,0.2624762337439656,0.25159539984048784,0.0
Bulk 148,0.31459833438135537,0.09141504847585098,0.06419830440505887,0.3075809365678528,0.222207376169882
Bulk 149,0.12574281190627576,0.24234367933990966,0.03343842340185451,0.32041086022563686,0.2780642251263231
Bulk 150,0.3689844705988016,0.0,0.0,0.6310155294011983,0.0
Bulk 151,0.5028112666358294,0.058935906477341524,0.0,0.2660424358457726,0.17221039104105657
Bulk 152,0.2518707688540048,0.2517850993792326,0.04462668043996328,0.09750562882691098,0.35421182249988836
Bulk 153,0.3755983192071338,0.14633968767690697,0.11409649320937257,0.24753738522601607,0.11642811468057059
Bulk 154,0.42825354616696437,0.07029774951056852,0.0,0.30415728766633143,0.1972914166561357
Bulk 155,0.4273513357891198,0.0,0.13005172364933615,0.2862836307403806,0.15631330982116348
Bulk 156,0.5380437437277302,0.12192198616664676,0.0,0.18721864371904656,0.15281562638657642
Bulk 157,0.40161572984321764,0.0,0.06759258661148551,0.37801437992207865,0.15277730362321823
Bulk 158,0.14680233774174292,0.1995047971123777,0.05900892769089253,0.3625539064598553,0.23213003099513158
Bulk 159,0.278354330331943,0.17028740001614942,0.13668138936209095,0.24216882069634127,0.17250805959347523
Bulk 160,0.38550305804702345,0.19670084712048072,0.0,0.15547663128089917,0.2623194635515967
Bulk 161,0.3144616910493079,0.14960599556211554,0.0,0.23763807302222886,0.2982942403663477
Bulk 162,0.27815947963419224,0.21208937441366568,0.062346757034351774,0.1427453241940677,0.30465906472372256
Bulk 163,0.35519421597342177,0.08348418148562865,0.1615750513273299,0.16893143250696877,0.2308151187066508
Bulk 164,0.20813698211909132,0.21922919270723498,0.0,0.32983636906649155,0.24279745610718229
Bulk 165,0.2821724474482902,0.15060023106669543,0.17276860520470755,0.1911095598222921,0.20334915645801463
Bulk 166,0.30344423194747977,0.12025125946491318,0.292842211664645,0.14624850929083943,0.13721378763212266
Bulk 167,0.49472495210330847,0.1548223055341974,0.0,0.16595774429168275,0.18449499807081132
Bulk 168,0.19450887292017638,0.1617876707241049,0.06566481569172142,0.3564561357723582,0.22158250489163922
Bulk 169,0.5103910865491268,0.12376308243198171,0.14254898638270633,0.02859613435859151,0.1947007102775936
Bulk 170,0.1737037150733119,0.21307503436043332,0.15651570675010917,0.1556632272853971,0.30104231653074853
Bulk 171,0.10177335143468796,0.17431571126399592,0.04715522300988073,0.4566318232251437,0.22012389106629157
Bulk 172,0.2362158656178417,0.1874454535718988,0.05520240685082443,0.34685195992187284,0.17428431403756225
Bulk 173,0.5746865237576264,0.11933019231091505,0.014222050196469214,0.07288826458052013,0.21887296915446922
Bulk 174,0.7346690654343975,0.02240566178813153,0.0,0.06433321583040981,0.1785920569470612
Bulk 175,0.5329564713884036,0.0,0.19541003514520047,0.16307264131384472,0.10856085215255115
Bulk 176,0.18438693764112296,0.139585448655126,0.18284410457071631,0.35615939440136607,0.13702411473166862
Bulk 177,0.07011294997340266,0.2102328622669421,0.11570800552772956,0.377191734943125,0.22675444728880076
Bulk 178,0.4150788087713494,0.2532572253895091,0.06449680238387623,0.22486841064409258,0.04229875281117265
Bulk 179,0.469408203783622,0.1149005281379862,0.0,0.2055512804219662,0.21013998765642558
Bulk 180,0.08912936589599794,0.24041149235947729,0.10604895547420522,0.3939175974671113,0.1704925888032082
Bulk 181,0.5432799781637152,0.0532303498782371,0.0,0.2584276635554006,0.1450620084026471
Bulk 182,0.3204421476290045,0.10797990570595152,0.0,0.34314756720889306,0.22843037945615097
Bulk 183,0.30687534104487574,0.1819580095020446,0.10092225191037732,0.15554929454066843,0.2546951030020338
Bulk 184,0.2726235524014447,0.20780313063540343,0.01325020303094116,0.24552625417092583,0.26079685976128475
Bulk 185,0.4936979831053335,0.10807902940839059,0.0,0.21634914954398465,0.18187383794229123
Bulk 186,0.5023697022633082,0.09532440677226231,0.03133742927047168,0.20053062846221337,0.1704378332317445
Bulk 187,0.29718693544475727,0.12933066907211394,0.0,0.3678780727812938,0.20560432270183504
Bulk 188,0.0893140479218795,0.16195342891502332,0.14109083594894448,0.33765077956798145,0.2699909076461712
Bulk 189,0.6161391405243584,0.05549364343386864,0.0,0.0,0.328367216041773
Bulk 190,0.343965878590352,0.19665433108478161,0.07968318194329714,0.15322815160736572,0.22646845677420366
Bulk 191,0.4172224281835442,0.12512746647963563,0.0,0.14967156233275575,0.3079785430040644
Bulk 192,0.39849850165596096,0.22940928632646343,0.0,0.05162246852986367,0.3204697434877119
Bulk 193,0.9562511601995809,0.0,0.0,0.0,0.043748839800419104
Bulk 194,0.564630686179869,0.11670785748244768,0.0,0.08997812503025303,0.22868333130743027
Bulk 195,0.2932865078270547,0.22328168315468563,0.0,0.10579833139695495,0.3776334776213048
Bulk 196,0.4168966327078095,0.1649556140975748,0.0,0.14926324697976787,0.2688845062148477
Bulk 197,0.48434065821496053,0.0,0.24844911628267655,0.26721022550236284,0.0
Bulk 198,0.7606823042272505,0.06614062095707397,0.0,0.0,0.17317707481567557
Bulk 199,0.4887937229922288,0.015527440740314381,0.243535659287718,0.2521431769797388,0.0
Bulk 200,0.0835535348988961,0.19003305917964897,0.17374882822371665,0.3595187792013604,0.19314579849637786
Bulk 201,0.16346029892323266,0.1418285359979463,0.10751564862128342,0.3500472429384274,0.2371482735191101
Bulk 202,0.18092363494172584,0.16361776075750378,0.10151647594248008,0.4038560259334756,0.15008610242481474
Bulk 203,0.460829941969007,0.23514548570789015,0.0,0.06160876058359328,0.24241581173950955
Bulk 204,0.4086802095304102,0.19309328715189983,0.07619604606682814,0.15196337942918492,0.17006707782167682
Bulk 205,0.354879061249192,0.20293966588564588,0.07092573851412562,0.0,0.3712555343510366
Bulk 206,0.5331587945109706,0.13275797720420712,0.0,0.09494167201864974,0.23914155626617267
Bulk 207,0.19006128891084909,0.18159675166162456,0.23731608863326817,0.124851213455257,0.2661746573390011
Bulk 208,0.24905734684613695,0.15428768331965267,0.15176184890607686,0.17155097882774809,0.2733421421003854
Bulk 209,0.32247735457733223,0.1545074152821249,0.19085277761405936,0.22507274480274903,0.1070897077237345
Bulk 210,0.5926474327685549,0.09091233033736573,0.0,0.12248716722504142,0.19395306966903791
Bulk 211,0.12464569647564792,0.09505925833725043,0.11935578835934109,0.43380141400222844,0.22713784282553215
Bulk 212,0.5033368747812987,0.12891429702757168,0.0,0.1776675231430801,0.19008130504804957
Bulk 213,0.4777973023090441,0.185971646460985,0.026447040046531256,0.11290050726939517,0.1968835039140444
Bulk 214,0.4794552078389779,0.14548320707433973,0.0,0.09591056928331443,0.27915101580336793
Bulk 215,0.34547034758467987,0.17496642730849052,0.0327928464084167,0.2837409119234707,0.16302946677494204
Bulk 216,0.11760445281429499,0.24059286075407116,0.06662086882288691,0.33057986045591015,0.24460195715283675
Bulk 217,0.13704400655836357,0.2582575138045053,0.046964959105272486,0.30236073702879923,0.2553727835030596
Bulk 218,0.19182265606855914,0.10926412739004245,0.2961180072193002,0.3132511198777052,0.08954408944439296
Bulk 219,0.5560280647075794,0.17507534597047536,0.0,0.028857654467679027,0.24003893485426622
Bulk 220,0.4391358026761996,0.08076037424362606,0.13058119445299848,0.09333011221530346,0.25619251641187235
Bulk 221,0.4421591331452742,0.040710450868342817,0.013427560055057713,0.2765356137495718,0.2271672421817536
Bulk 222,0.15772416456808377,0.22392262399776386,0.019627993816878502,0.2884407405803797,0.3102844770368941
Bulk 223,0.35976392798307205,0.14141842303893923,0.0,0.15072088703120023,0.3480967619467886
Bulk 224,0.4327795640239258,0.20247156701881522,0.0,0.11583014157733773,0.24891872737992113
Bulk 225,0.3927483183346932,0.08311191897913356,0.3463592298864071,0.05199363750806664,0.12578689529169937
Bulk 226,0.37672680559978766,0.16320211592785383,0.17538612688568772,0.10254167909322885,0.18214327249344187
Bulk 227,0.15720379143390595,0.09836683196287044,0.17650843671477343,0.373536511060089,0.1943844288283612
Bulk 228,0.541438169252057,0.13848495043076717,0.0,0.1570283870234867,0.163048493293689
Bulk 229,0.6185721951518909,0.06938230107910584,0.0,0.15019105930557988,0.1618544444634234
Bulk 230,0.0,0.20913410026178705,0.19142259954406943,0.411110190554455,0.18833310963968852
Bulk 231,0.4208563598858479,0.14126752354828873,0.2171370861784848,0.058908484458587686,0.16183054592879081
Bulk 232,0.24995401447478313,0.0,0.10280578009016716,0.4793998225911004,0.1678403828439493
Bulk 233,0.4441867014338684,0.1370591249444152,0.0,0.1970557121213592,0.22169846150035719
Bulk 234,0.29272537018198047,0.16648474733106483,0.0,0.2323221621496607,0.30846772033729397
Bulk 235,0.3596477813590157,0.14388031726498693,0.050186346471698624,0.14983481928145354,0.2964507356228453
Bulk 236,0.04716056116101133,0.18944793822091896,0.056617340830434196,0.3780097339106229,0.32876442587701266
Bulk 237,0.305077081572769,0.20957528318441343,0.09054619650254148,0.1305416266363552,0.2642598121039207
Bulk 238,0.5165478249181329,0.12382679157967269,0.0,0.1602120978967474,0.1994132856054471
Bulk 239,0.09296996497924472,0.15903027083445379,0.16724711033104292,0.42496573227191015,0.15578692158334845
Bulk 240,0.440696902604343,0.09913388489846896,0.0,0.2247716217443903,0.23539759075279776
Bulk 241,0.14237715735288486,0.17699701693340428,0.020027869980109893,0.39591812110288466,0.2646798346307163
Bulk 242,0.45332530532093523,0.07819505239386593,0.23206682366506673,0.23641281862013205,0.0
Bulk 243,0.26768002235821986,0.158542605122438,0.17236908730153677,0.0890972802068973,0.312311005010908
Bulk 244,0.44634671568581374,0.2501449386378152,0.0,0.0,0.303508345676371
Bulk 245,0.8475842157870365,0.04129133542095786,0.0,0.0,0.1111244487920057
Bulk 246,0.1584201817415835,0.2901305002817605,0.03461826020053739,0.17145808367758106,0.34537297409853757
Bulk 247,0.42562032372212116,0.1663703779397413,0.0,0.10084806906333207,0.30716122927480544
Bulk 248,0.6507851202910955,0.05605195329455069,0.0,0.21917044209473982,0.073992484319614
Bulk 249,0.7623313862944233,0.07294090338308991,0.0,0.0,0.1647277103224868
Bulk 250,0.8369619583737133,0.0,0.026186116137066232,0.0,0.13685192548922046
Bulk 251,0.11237469935972844,0.1640523470105734,0.048017058514602216,0.46241696831505846,0.21313892680003757
Bulk 252,0.08565481964187956,0.2503995245923245,0.11269643744244014,0.21713979512756595,0.33410942319578996
Bulk 253,0.22607997314544828,0.2650583203021957,0.10053611740193097,0.14361975285533773,0.26470583629508737
Bulk 254,0.5310198965780004,0.10159474358682845,0.0,0.0,0.3673853598351712
Bulk 255,0.20016355927976578,0.2654661129006228,0.0863225317828364,0.18241034027005537,0.26563745576671954
Bulk 256,0.23525013703915684,0.21160076009043,0.07627184337743968,0.2412802752654013,0.2355969842275722
Bulk 257,0.1522930260868863,0.33740955481130025,0.11295791376320564,0.13662784728241115,0.26071165805619667
Bulk 258,0.08536132063364818,0.24255961361626957,0.1903615910222137,0.31642380298592543,0.1652936717419432
Bulk 259,0.23191474614944838,0.22175175744661899,0.0952096238135391,0.21472112526921977,0.23640274732117386
Bulk 260,0.0,0.24221253767121412,0.0949542375291838,0.4192920433933465,0.24354118140625558
Bulk 261,0.11203693461304552,0.12694538196153668,0.12501717246733182,0.45074987911600245,0.18525063184208354
Bulk 262,0.5635732000066143,0.0,0.174405388139849,0.22539746603524807,0.036623945818288636
Bulk 263,0.48602184426532063,0.11872845800251342,0.11261878844962647,0.19809626333266492,0.08453464594987449
Bulk 264,0.20721581856421142,0.1334374856492717,0.0017170004837902735,0.31969313663760196,0.3379365586651246
Bulk 265,0.1629893474118871,0.19197537269451462,0.05496134834208444,0.2390256451335029,0.35104828641801095
Bulk 266,0.36158106127215306,0.20724171247275872,0.03407884382543397,0.10778287435379556,0.28931550807585876
Bulk 267,0.22924863854839436,0.22209398864538962,0.0900377934114751,0.2017187769072565,0.25690080248748437
Bulk 268,0.5125444484106245,0.053042328975634545,0.11330830345757886,0.1448639557236289,0.17624096343253304
Bulk 269,0.4788861014688015,0.12413238807237321,0.0,0.11318458467006323,0.28379692578876203
Bulk 270,0.44748941556372546,0.18891673248237414,0.025980572641613752,0.10994311805972232,0.22767016125256426
Bulk 271,0.3203142739925495,0.04815009223925827,0.0,0.3722281363672586,0.2593074974009337
Bulk 272,0.49524605780470016,0.07828014030223389,0.0,0.36691267286183477,0.059561129031231105
Bulk 273,0.5999720674502395,0.06663641216846174,0.0,0.1666495743205544,0.1667419460607444
Bulk 274,0.4316041349433867,0.1286845503993369,0.08188681554004239,0.19254153538135219,0.1652829637358818
Bulk 275,0.21819924354003842,0.08268932825246667,0.0,0.39383129491219127,0.30528013329530373
Bulk 276,0.35345257731972973,0.1658008608844553,0.0,0.20597394662419957,0.27477261517161533
Bulk 277,0.5629159684425947,0.11149404001553122,0.2249710217037684,0.07560527115205223,0.02501369868605334
Bulk 278,0.37121288051235984,0.057554782501313004,0.08236578887742736,0.3476462823519101,0.14122026575698968
Bulk 279,0.007319801691321278,0.25936690275212365,0.17873155803090549,0.2425215364304691,0.31206020109518046
Bulk 280,0.2576091715630193,0.18916141434458317,0.13757673568257622,0.2112925527757229,0.20436012563409825
Bulk 281,0.9144852915775512,0.0,0.0,0.0,0.08551470842244865
Bulk 282,0.5631784228168395,0.08492166971433943,0.0,0.12961902897561037,0.22228087849321063
Bulk 283,0.32762435344123453,0.16453999180716591,0.21966002832658113,0.13600726999949406,0.15216835642552437
Bulk 284,0.8223921786020364,0.056202079637821145,0.0,0.01437340923647161,0.10703233252367078
Bulk 285,0.09269489631299424,0.2702551325138482,0.05591924098459428,0.19895166461723338,0.3821790655713299
Bulk 286,0.38893019837432036,0.16937386388136122,0.1358890695877016,0.1200889074154044,0.18571796074121244
Bulk 287,0.005761812843003585,0.2705052730216634,0.05210161309755283,0.35672230872045596,0.31490899231732417
Bulk 288,0.06890491278797237,0.20793155828769933,0.20618429344115446,0.24804715616193584,0.2689320793212381
Bulk 289,0.7326041748202778,0.026258446193563753,0.0,0.0,0.2411373789861585
Bulk 290,0.16622419414861778,0.2506455703247059,0.0,0.3092307204675774,0.2738995150590988
Bulk 291,0.5256724708093674,0.14129362247778723,0.07201716915245143,0.04403924015003469,0.21697749741035927
Bulk 292,0.39534866036788247,0.24407254323752,0.010350884202492094,0.0,0.3502279121921055
Bulk 293,0.256869191814109,0.1055232249494812,0.10165461321054789,0.31993658453192736,0.21601638549393448
Bulk 294,0.743940443753888,0.041349459139175176,0.0,0.0,0.21471009710693684
Bulk 295,0.6488130635545301,0.10203349495443463,0.0,0.0,0.24915344149103538
Bulk 296,0.8355453786384852,0.0,0.0,0.08954394413445732,0.07491067722705745
Bulk 297,0.8154476550712421,0.0533376860546685,0.0,0.044840216448776955,0.08637444242531234
Bulk 298,0.46826298544310974,0.01195123032514105,0.0,0.22979008526019357,0.28999569897155575
Bulk 299,0.5340601840075835,0.13402217260379343,0.006194712344040385,0.06145363545155303,0.26426929559302953
Bulk 300,0.16535835649236305,0.0,0.128926292805199,0.562669451936512,0.14304589876592597
Bulk 301,0.14817794030089845,0.21640993317041654,0.013952184266251957,0.29020003633314173,0.3312599059292914
Bulk 302,0.17324334163000643,0.2639161289344119,0.022447118253269976,0.2554704106409483,0.28492300054136344
Bulk 303,0.3202316248381602,0.12527139562359718,0.01822431189690116,0.2761328590311552,0.2601398086101864
Bulk 304,0.310083703570565,0.1985494742887465,0.11150779881441013,0.15891925363714168,0.2209397696891367
Bulk 305,0.5720678565189867,0.09908866565321794,0.0,0.0927943294030106,0.23604914842478478
Bulk 306,0.7120929463338502,0.08884072692434149,0.0,0.0,0.19906632674180835
Bulk 307,0.3306138527027605,0.09313366775797896,0.1517820563609905,0.19886723034013173,0.22560319283813812
Bulk 308,0.32769282129236393,0.10853210700964203,0.19622915525590529,0.19925072337585953,0.16829519306622928
Bulk 309,0.37011027265648455,0.11757890170925653,0.07506638870274948,0.0844330601841835,0.3528113767473258
Bulk 310,0.31101556834975924,0.3206336121500997,0.09105811267517236,0.0,0.2772927068249688
Bulk 311,0.44690810483330123,0.08277919935316574,0.17222964311125138,0.23802823768712217,0.060054815015159524
Bulk 312,0.4307636120276372,0.10571569650569142,0.0901652509231647,0.14320082421731073,0.23015461632619588
Bulk 313,0.21213045779793535,0.1942404180789678,0.0,0.34959834662109246,0.24403077750200433
Bulk 314,0.5649064264793061,0.2011796374243815,0.018395745016932894,0.2155181910793794,0.0
Bulk 315,0.5126230530911273,0.06442746845350315,0.11125619209297499,0.11845938123882993,0.19323390512356442
Bulk 316,0.36404133091847796,0.2306767862943776,0.0,0.23306494934156957,0.17221693344557493
Bulk 317,0.1897825669727412,0.270072413392088,0.11689168010922968,0.17856111020215712,0.24469222932378412
Bulk 318,0.3248906045838491,0.20056734066647622,0.03009529916416227,0.1531411189637537,0.29130563662175873
Bulk 319,0.27056382330162265,0.2917782099940315,0.025642310968755536,0.0959664007762617,0.31604925495932845
Bulk 320,0.3318947342979849,0.1868619619406525,0.07749240231774664,0.11566384774231275,0.28808705370130316
Bulk 321,0.4031768028493967,0.16378815776235237,0.06419142819316591,0.21541069964355297,0.15343291155153196
Bulk 322,0.4185975179717924,0.10724290939013377,0.05325404011831574,0.27066762835833846,0.15023790416141977
Bulk 323,0.4821909374130069,0.23793096720677714,0.08492858475708523,0.009255483945700634,0.1856940266774301
Bulk 324,0.4106465636066139,0.21853075156183954,0.0,0.0,0.37082268483154673
Bulk 325,0.38190063405831504,0.12334401599081965,0.13978711385341194,0.13184374687294578,0.22312448922450756
Bulk 326,0.0,0.3028991949650991,0.2675399284458919,0.17211781334247048,0.25744306324653854
Bulk 327,0.04049673226204218,0.14992419429619389,0.3439619680272328,0.2374201259286292,0.22819697948590192
Bulk 328,0.16399235596893255,0.25149410071383205,0.15110593853223175,0.2768102106874817,0.15659739409752194
Bulk 329,0.5839516182584008,0.1257980491370082,0.0,0.02438671966999558,0.2658636129345955
Bulk 330,0.6693912677587306,0.12284300772484899,0.0,0.0,0.20776572451642042
Bulk 331,0.3352102311348303,0.211737151745873,0.0,0.2927932587838619,0.1602593583354346
Bulk 332,0.35909152774688885,0.17614485621764087,0.0,0.17586975165759702,0.28889386437787334
Bulk 333,0.6313341435472057,0.04925220343619762,0.0,0.0,0.31941365301659663
Bulk 334,0.06886571259609296,0.11260078616692681,0.2724637825522571,0.5458890125378425,0.0001807061468805294
Bulk 335,0.8216713318331438,0.0,0.13025502554129884,0.0,0.04807364262555738
Bulk 336,0.5713034065392445,0.11159249656885775,0.0,0.0,0.3171040968918979
Bulk 337,0.12739669813338397,0.1501171621372646,0.0408645384706986,0.4005961012809164,0.2810254999777363
Bulk 338,0.34371614781777754,0.11342520421442925,0.1444186909733582,0.32263767037540514,0.07580228661902987
Bulk 339,0.6518597972406859,0.022131461225817883,0.19391945102338148,0.0,0.13208929051011484
Bulk 340,0.07554227600184567,0.25145586916600726,0.1359287863179572,0.26545099685019735,0.27162207166399255
Bulk 341,0.2928897577019707,0.11663193903440196,0.2821118566367179,0.17411208761202193,0.13425435901488758
Bulk 342,0.21339534476379765,0.1098248273544024,0.18500656600104676,0.44085615612062756,0.05091710576012561
Bulk 343,0.3035776069932357,0.11252276551896907,0.09809756212153507,0.20826903877441555,0.27753302659184464
Bulk 344,0.7402816129948182,0.0,0.0,0.0,0.2597183870051819
Bulk 345,0.6374589842218694,0.07174613542930748,0.0,0.0,0.2907948803488232
Bulk 346,0.3231730114597345,0.22377782462698392,0.0,0.2077329920331982,0.2453161718800835
Bulk 347,0.1839428296367114,0.21490017479203488,0.0650396638083746,0.34485761650516095,0.19125971525771823
Bulk 348,0.5964401916309643,0.030498605009884303,0.18878813419041252,0.03225671716354873,0.1520163520051901
Bulk 349,0.23572850665892964,0.2483011074521031,0.0,0.13545974423776638,0.3805106416512009
Bulk 350,0.34976373072712036,0.14595704489536193,0.0,0.11129361997155769,0.3929856044059599
Bulk 351,0.576055303190723,0.04602362051388925,0.3096917473062606,0.03263744227303031,0.0355918867160969
Bulk 352,0.03209496449680497,0.20887337265425635,0.07179727761481361,0.45193989694952896,0.23529448828459607
Bulk 353,0.28036772943393873,0.2728013585241087,0.040211812408601014,0.1280096174914085,0.27860948214194314
Bulk 354,0.3893995958647566,0.1682379903973824,0.11584130004273643,0.18402125287506116,0.1424998608200635
Bulk 355,0.3670440128069733,0.08769893901651611,0.2515749547958254,0.25877032278458395,0.03491177059610129
Bulk 356,0.23440644134585395,0.185939061819173,0.19170467249001258,0.20756370248204734,0.18038612186291308
Bulk 357,0.26583578055726953,0.2797394377487361,0.0,0.13437177499651018,0.32005300669748415
Bulk 358,0.3712883961585161,0.19111294855930708,0.021211289228425134,0.2854214010263098,0.13096596502744182
Bulk 359,0.11368192048664681,0.2520357135035885,0.025983227076625877,0.3790426335255961,0.2292565054075428
Bulk 360,0.2544939748855665,0.2651155333056914,0.08441602934170735,0.15304859074878047,0.24292587171825428
Bulk 361,0.6359179212513509,0.1258219081443408,0.0,0.09831734714755372,0.13994282345675466
Bulk 362,0.21598622590487745,0.18465855225776434,0.0,0.34590808953006275,0.25344713230729554
Bulk 363,0.3564309648084725,0.1979792629525672,0.008093273947181678,0.2566425282040419,0.18085397008773677
Bulk 364,0.09470343518167784,0.27048287842770674,0.07193083071964645,0.35534397625150044,0.20753887941946864
Bulk 365,0.30181496793962637,0.14498449830004093,0.0586327163873325,0.2856721321929053,0.2088956851800949
Bulk 366,0.4004044642466396,0.03506271668434811,0.13682267656964134,0.3008171013533018,0.12689304114606909
Bulk 367,0.5535940842828491,0.17392694541866338,0.0,0.09118524364430979,0.1812937266541778
Bulk 368,0.2256881525382656,0.29281854923276096,0.06721283805080619,0.00261417082441805,0.4116662893537493
Bulk 369,0.36623700078418064,0.16366916882096746,0.0,0.21404797157486002,0.2560458588199919
Bulk 370,0.43145419650670797,0.1367592901454555,0.0,0.10961559746800846,0.3221709158798281
Bulk 371,0.4204911349549612,0.214471919712277,0.05648204453470855,0.03973101166336885,0.26882388913468447
Bulk 372,0.20137479989379028,0.2400700097931706,0.0,0.19002413087841782,0.36853105943462144
Bulk 373,0.13801435608993617,0.14992848396263775,0.05748278209358258,0.3708441175854111,0.28373026026843234
Bulk 374,0.30515919576793,0.10407249970934719,0.2241114439962837,0.2388470731006347,0.12780978742580446
Bulk 375,0.07310251601237733,0.25194675392762667,0.04891348566530304,0.3206800429907565,0.30535720140393646
Bulk 376,0.8913718416886008,0.0,0.0,0.006451946494339962,0.10217621181705909
Bulk 377,0.25003814815148306,0.26176884159559916,0.0,0.20871567562187449,0.2794773346310434
Bulk 378,0.12161477000250642,0.2842971882146857,0.0,0.28503179425176645,0.3090562475310415
Bulk 379,0.1616120004419291,0.29068235501067075,0.07366860916403865,0.15556947795740375,0.3184675574259576
Bulk 380,0.383042295412533,0.1386006541591581,0.11116100542575653,0.12770189281228955,0.23949415219026285
Bulk 381,0.39281118406397475,0.15685867172282186,0.0,0.21084076686458952,0.2394893773486138
Bulk 382,0.23628243581130182,0.2367357695023985,0.16972980776029442,0.054069674643988576,0.30318231228201664
Bulk 383,0.6065005523667194,0.007526206350522933,0.0,0.2043566485849547,0.1816165926978031
Bulk 384,0.05850328877281693,0.25515922091361015,0.06305872810076862,0.2247420711144273,0.3985366910983771
Bulk 385,0.11744984294625294,0.15437670719738314,0.14948216437070502,0.3421686873889365,0.2365225980967224
Bulk 386,0.4730184158109263,0.043161686540424134,0.1961108771526765,0.10315331549254253,0.1845557050034306
Bulk 387,0.18909969703728235,0.18116979377355744,0.16962193844463408,0.27005936041147965,0.19004921033304645
Bulk 388,0.4886350307256846,0.2180611683639094,0.0,0.04563892451380403,0.247664876396602
Bulk 389,0.4418940169617006,0.25464196549885976,0.0,0.04794143001554106,0.25552258752389856
Bulk 390,0.22671546663842107,0.17422599365982933,0.19470811247299094,0.20985331584433287,0.1944971113844258
Bulk 391,0.024522120630783132,0.15485750882677807,0.19411952228115947,0.4040905075859726,0.22241034067530693
Bulk 392,0.037388113080884945,0.2044945050821124,0.2821311097573111,0.2585672787374361,0.2174189933422554
Bulk 393,0.08460183441357395,0.2852158623141825,0.017728903625550588,0.3185409638662118,0.29391243578048115
Bulk 394,0.3888394478615116,0.0702115002769262,0.1263501570278348,0.2484350749357212,0.16616381989800622
Bulk 395,0.42867158777661263,0.13948764425370203,0.0,0.06755736309126537,0.36428340487841987
Bulk 396,0.3326384001783169,0.08948198790769547,0.20707637091067388,0.21479836222456505,0.15600487877874872
Bulk 397,0.6565121803133329,0.07719815367732276,0.0,0.05445029242960476,0.21183937357973948
Bulk 398,0.7061766939542053,0.09328516660908984,0.0,0.0,0.20053813943670487
Bulk 399,0.350051656424803,0.10234670010007933,0.21097701329056673,0.26141143153236646,0.07521319865218447
Bulk 400,0.4787334347293237,0.1395780964818713,0.1286569884723623,0.0,0.2530314803164427
Bulk 401,0.6103083118485504,0.15772523921949833,0.0,0.10842861575357768,0.12353783317837351
Bulk 402,0.4185663846861703,0.13439638129767117,0.0,0.1214874977548556,0.3255497362613029
Bulk 403,0.7149584692183342,0.16341757009398314,0.0,0.0,0.12162396068768272
Bulk 404,0.6331638614394904,0.10204359016471824,0.0504394635965963,0.0770064455064938,0.13734663929270116
