,Ast,End,Mic,Neu,Oli
Bulk 0,0.21815428335681702,0.04196897311478116,0.15478956976888394,0.4732117421808315,0.11187543157868622
Bulk 1,0.4162544773510303,0.14099031476566348,0.17578046306756834,0.23440526784722984,0.032569476968508204
Bulk 2,0.2332617086869711,0.10867690973517376,0.04149011520758989,0.45409122817998293,0.1624800381902824
Bulk 3,0.143205322268593,0.21518185965654174,0.09897016350973653,0.24535469477571303,0.29728795978941575
Bulk 4,0.6707787208971874,0.07722415016766164,0.0,0.0,0.25199712893515097
Bulk 5,0.018023342180724822,0.21076134272644145,0.05338859441256097,0.458987911257358,0.25883880942291476
Bulk 6,0.5084783956087722,0.17074006899811128,0.031704040491355265,0.07150308366189737,0.2175744112398637
Bulk 7,0.4305127562781957,0.11117173939934505,0.026561051156345293,0.2452977268528341,0.18645672631327978
Bulk 8,0.2500782319991205,0.2487109621421425,0.11093039033080421,0.13297065679394288,0.25730975873398987
Bulk 9,0.3303339020400181,0.25810893934106316,0.06045542185862451,0.0,0.3511017367602942
Bulk 10,0.10789263127543945,0.23165197923440706,0.08873310366956252,0.30615101095203273,0.26557127486855814
Bulk 11,0.1835284392174822,0.16053391114229756,0.1600756203202042,0.2954453721860232,0.20041665713399276
Bulk 12,0.19697442160425588,0.19310626542975728,0.03118998658824632,0.29906444638044694,0.2796648799972934
Bulk 13,0.11555091404029394,0.19301102045241122,0.046221662172203824,0.4437900584526727,0.20142634488241826
Bulk 14,0.5550342933512911,0.04961893276503357,0.1600266195402998,0.07624487327070509,0.15907528107267033
Bulk 15,0.318852228181098,0.054014131995902416,0.07469900303977832,0.3780494970618935,0.1743851397213278
Bulk 16,0.44411426546783705,0.0,0.0,0.3056288641493363,0.25025687038282673
Bulk 17,0.276910792475663,0.13362075101174514,0.2280047322739074,0.24257379538726648,0.11888992885141805
Bulk 18,0.6142424782452738,0.07805928975086185,0.0,0.0669279611576149,0.24077027084624944
Bulk 19,0.0,0.11975617436659039,0.2218844495347428,0.3411496711906689,0.317209704907998
Bulk 20,0.03288206202491342,0.2356583862825432,0.10135520804407729,0.47993375408004585,0.15017058956842028
Bulk 21,0.259849663177403,0.18294600498696112,0.0,0.25332075935041204,0.3038835724852239
Bulk 22,0.03761083371001085,0.0645172275882761,0.08264080251512589,0.6568759080809691,0.15835522810561803
Bulk 23,0.1914080420787755,0.16661823211581317,0.0,0.3214378560282457,0.32053586977716575
Bulk 24,0.30408698609825996,0.0705185243357136,0.18258493023382918,0.241156477920082,0.20165308141211527
Bulk 25,0.16627491853809123,0.14628860715931058,0.0,0.43062989118853756,0.25680658311406057
Bulk 26,0.3480022289361967,0.15553537085496835,0.07179191439982138,0.09758772681840414,0.3270827589906095
Bulk 27,0.5300671477307668,0.11186414165879469,0.004388383894256687,0.22202153279386808,0.13165879392231378
Bulk 28,0.3105524547475427,0.1589308317982426,0.08216689807021253,0.1993966056958011,0.24895320968820103
Bulk 29,0.4594410483116557,0.12857026331187693,0.0,0.027486972041636363,0.38450171633483093
Bulk 30,0.24865071368045027,0.12582719355742356,0.03702418523487917,0.3942880071579123,0.19420990036933464
Bulk 31,0.44235821098388256,0.14604403946008615,0.0,0.14272899431448832,0.268868755241543
Bulk 32,0.376920441698724,0.07151924694399728,0.0813544325311633,0.3190625629863061,0.15114331583980925
Bulk 33,0.05456582950281288,0.2575242629843229,0.024238444288724004,0.3691097487190702,0.29456171450506996
Bulk 34,0.3826468049074866,0.16707783374889518,0.05710781887409952,0.21889235448383784,0.17427518798568079
Bulk 35,0.4923465533016267,0.11363519835706298,0.08317583878792108,0.13437761869935716,0.17646479085403216
Bulk 36,0.6534846676220913,0.0,0.054990739595993744,0.26325062698801016,0.02827396579390466
Bulk 37,0.5609541036771765,0.056564355573258805,0.0,0.17063393449384656,0.21184760625571825
Bulk 38,0.48341400350902364,0.06336367069737056,0.10424472338231396,0.3489776024112917,0.0
Bulk 39,0.07596377216880687,0.21480785353355827,0.0,0.4191238459039436,0.2901045283936913
Bulk 40,0.3035854478329133,0.1630787062709402,0.0,0.20940991970688844,0.323925926189258
Bulk 41,0.3290265663447585,0.08270183836469244,0.17306801939132063,0.27999046132639227,0.13521311457283605
Bulk 42,0.20425908051162797,0.19821611097193292,0.04202743634253035,0.3208016354491805,0.23469573672472835
Bulk 43,0.09538573015393696,0.23831642033922332,0.05321118093704024,0.30273985804723413,0.3103468105225654
Bulk 44,0.03269280238498556,0.21463350956462685,0.09374772891920265,0.4808570791789381,0.17806887995224688
Bulk 45,0.9123528896546708,0.0035006564217414057,0.0,0.027504535742575678,0.05664191818101219
Bulk 46,0.26044852223689685,0.14546124439882885,0.16431149406098192,0.26204985781022083,0.16772888149307166
Bulk 47,0.9014380969695436,0.0,0.005351646020408519,0.0,0.09321025701004787
Bulk 48,0.5831741684997761,0.03464013218456838,0.0,0.16348418788306662,0.21870151143258898
Bulk 49,0.13195000176054453,0.14592816913974277,0.03986379991899848,0.4105150991005768,0.27174293008013733
Bulk 50,0.20581126704126398,0.17841623830992565,0.07243924878581394,0.3081587574890812,0.23517448837391514
Bulk 51,0.31155577537958973,0.11610187207441106,0.09348406336763312,0.33883903116445074,0.14001925801391527
Bulk 52,0.20266505596663442,0.07099400826701001,0.04451417446395289,0.30767634849057246,0.3741504128118302
Bulk 53,0.17995907075754267,0.19826034033839776,0.058054497856398504,0.3553965379734579,0.2083295530742032
Bulk 54,0.22414949096100636,0.20532350035541008,0.15068665438918882,0.1924060964232315,0.22743425787116325
Bulk 55,0.2860654588555,0.15780619533753285,0.0,0.278122221952841,0.2780061238541262
Bulk 56,0.575261279917395,0.0,0.11717379607937482,0.261761457509294,0.04580346649393629
Bulk 57,0.48316649360718406,0.11158041802505267,0.0,0.24199394173704472,0.1632591466307185
Bulk 58,0.6006433234427092,0.11313622524661951,0.010797737362449456,0.14354799010059202,0.1318747238476298
Bulk 59,0.2336760912888202,0.18423060674462902,0.0041378983936334445,0.32395743028327106,0.2539979732896463
Bulk 60,0.1704343686019353,0.23291201177152415,0.07704888459943467,0.29922916703641006,0.220375567990696
Bulk 61,0.3912846406779002,0.08556185885117944,0.04475683392543095,0.23051370118136083,0.24788296536412852
Bulk 62,0.2330491994086189,0.12966972140828598,0.04684834456112288,0.357963604615789,0.23246913000618322
Bulk 63,0.4415119743240117,0.15172765871605914,0.0,0.19114523463254585,0.21561513232738314
Bulk 64,0.24501619411746486,0.016162603995038785,0.15229442144189814,0.40832504395116276,0.1782017364944356
Bulk 65,0.5501961116127969,0.044206980322114245,0.0,0.2384709821524936,0.16712592591259517
Bulk 66,0.4960978082293317,0.012985117410360637,0.01521506945969672,0.27629444091615285,0.19940756398445816
Bulk 67,0.2873794338989318,0.18275520575408727,0.07695675320965686,0.2315137841902732,0.2213948229470509
Bulk 68,0.0745909649453644,0.20217362497640728,0.10689828726742455,0.4133930775076622,0.20294404530314147
Bulk 69,0.0,0.21098199970831347,0.056111822736399385,0.41651532047598117,0.3163908570793059
Bulk 70,0.13894978560271065,0.16164319417388603,0.03793104347759979,0.4766955598010195,0.18478041694478403
Bulk 71,0.13906587728327136,0.1799724947535682,0.08847831763813666,0.36495070021297316,0.22753261011205073
Bulk 72,0.02171802806187426,0.2732451546347488,0.06991078658775673,0.371090104918533,0.2640359257970873
Bulk 73,0.44594322230513933,0.1280063076879645,0.0,0.2046035645052249,0.2214469055016713
Bulk 74,0.23038813575234307,0.1893993995058745,0.11268275428652672,0.3648892389435833,0.10264047151167244
Bulk 75,0.6141808513117757,0.08584572066457649,0.0,0.13111972856440074,0.16885369945924725
Bulk 76,0.15715222816936197,0.10746309915000908,0.06652277124066437,0.5762353682307955,0.09262653320916901
Bulk 77,0.6345868135930104,0.08025940385726615,0.0,0.0,0.28515378254972346
Bulk 78,0.2843704023127221,0.18581609947079633,0.0,0.29200631148308864,0.23780718673339293
Bulk 79,0.31213900890020396,0.06207849052021551,0.0,0.3850286555034473,0.24075384507613323
Bulk 80,0.3764987123757792,0.19480088425344994,0.0,0.28606714321633053,0.14263326015444022
Bulk 81,0.39356758586181184,0.12067915643544191,0.10566339854209533,0.18188263991647152,0.1982072192441794
Bulk 82,0.617764312173736,0.09927202417448003,0.0,0.17136507022937367,0.11159859342241042
Bulk 83,0.3132187982435595,0.07019318508850773,0.06208136846136172,0.3015850518698497,0.25292159633672134
Bulk 84,0.10391949592885423,0.18797064793955193,0.056154935508971736,0.43208613610256064,0.21986878452006156
Bulk 85,0.21084548229746905,0.21467725937771295,0.07185325731771712,0.3414720360281745,0.16115196497892637
Bulk 86,0.3806848767505589,0.11015055266770925,0.0,0.3247566187450051,0.18440795183672667
Bulk 87,0.3582055432103974,0.1316050073238638,0.0,0.30817143509571426,0.20201801437002467
Bulk 88,0.16146211294949123,0.14121903319939635,0.0,0.41180563338166487,0.2855132204694474
Bulk 89,0.06574410585241817,0.03302410634160372,0.17763699589346416,0.5038640571836679,0.21973073472884602
Bulk 90,0.14023888884011337,0.2558084983498039,0.10684253182222578,0.27487992248618703,0.2222301585016698
Bulk 91,0.34048809101830785,0.10453620081165838,0.012243969381493403,0.2406646983212516,0.30206704046728877
Bulk 92,0.3658104874821295,0.10592759329033287,0.04481843124516669,0.2522290807397521,0.23121440724261888
Bulk 93,0.13295894035563874,0.22422314540487956,0.18901986285470695,0.24196227964143793,0.21183577174333693
Bulk 94,0.040996668326368314,0.24170518078447212,0.029453070519364424,0.3536399166380606,0.3342051637317345
Bulk 95,0.07673379021940813,0.22767587911629616,0.06779616250112369,0.4266324824172395,0.20116168574593252
Bulk 96,0.8281372481644802,0.0031573846279376676,0.0077785907307555,0.04186776122802429,0.11905901524880234
Bulk 97,0.7260896304097294,0.05901453754276446,0.07603098098436646,0.12804723779210936,0.01081761327103053
Bulk 98,0.3739538643223291,0.052342434395462344,0.3019004107459012,0.210608860412397,0.061194430123910265
Bulk 99,0.6169909962640167,0.0,0.0,0.2616767769428501,0.12133222679313323
Bulk 100,0.0,0.2864292231735821,0.06304318041355302,0.303783465677166,0.3467441307356989
Bulk 101,0.43611818872514374,0.10657069896349128,0.12753952293648912,0.1559231107660495,0.1738484786088263
Bulk 102,0.1638662381405881,0.19276253605058463,0.023261020418458678,0.3802359981062692,0.2398742072840995
Bulk 103,0.1327406329431381,0.11521807636410149,0.17554705382664795,0.44517662464616914,0.13131761221994337
Bulk 104,0.292566777432112,0.20279627919989687,0.0,0.21391928261922688,0.2907176607487641
Bulk 105,0.23478621597555777,0.22206859394446968,0.11135538562371708,0.22118613595071418,0.2106036685055413
Bulk 106,0.4260751495448959,0.12233806929290943,0.0,0.22857745946509925,0.2230093216970953
Bulk 107,0.18570375881607964,0.08301910416634613,0.1823829309648832,0.3815712027108354,0.16732300334185565
Bulk 108,0.06982470715470182,0.13208476361400479,0.0438309128835639,0.4696084801651806,0.28465113618254884
Bulk 109,0.2641530498808109,0.17604614262718182,0.0910118542540562,0.3114889411184673,0.15730001211948383
Bulk 110,0.8368384429370871,0.0,0.0,0.0,0.16316155706291297
Bulk 111,0.5090916163604691,0.08339534388925746,0.21606687359668797,0.021994520496035293,0.16945164565755022
Bulk 112,0.3575688045025103,0.11699007827549829,0.0,0.3085788291288657,0.21686228809312577
Bulk 113,0.4007210063373544,0.10462161108585447,0.19485197612311803,0.08479482271553976,0.21501058373813325
Bulk 114,0.16950067195720256,0.14966413478730622,0.22337063335342136,0.2714698757071685,0.18599468419490134
Bulk 115,0.4040094517248839,0.13629157207477455,0.14857669343144,0.1140386284864578,0.19708365428244376
Bulk 116,0.4745531233177014,0.004785057947107508,0.0,0.395687391129123,0.12497442760606818
Bulk 117,0.08793438049694162,0.25110080404178925,0.03925448215848233,0.33774834943631915,0.2839619838664676
Bulk 118,0.23211840686872157,0.2214173064557001,0.0,0.28956220987814274,0.2569020767974356
Bulk 119,0.5528886548998084,0.0,0.0,0.3363786743953812,0.1107326707048103
Bulk 120,0.6525709309991821,0.027162544986350054,0.0,0.19398806894409482,0.126278455070373
Bulk 121,0.2746707476519182,0.17701876272804065,0.07513434358442946,0.2818615036847646,0.19131464235084716
Bulk 122,0.4385832098247995,0.10083811221171486,0.14997531032183611,0.14735963347520578,0.16324373416644383
Bulk 123,0.4968561926035854,0.0985777949456803,0.0,0.1687881643403811,0.23577784811035332
Bulk 124,0.6434681575685817,0.055248448600317336,0.0,0.0,0.3012833938311011
Bulk 125,0.4050170204927368,0.11211933839720464,0.08043375796998309,0.14056108608059142,0.261868797059484
Bulk 126,0.02600689221407679,0.20659257442039983,0.0828900644314279,0.4442472047577761,0.24026326417631932
Bulk 127,0.6749639752022474,0.003406659444725916,0.0,0.12269084192213976,0.19893852343088692
Bulk 128,0.16016833580477294,0.20217314870811406,0.012471539730176945,0.23958266194815722,0.38560431380877874
Bulk 129,0.6053706517309385,0.0459144942782312,0.0,0.12667080046139287,0.22204405352943737
Bulk 130,0.40798382431319336,0.08793545211656174,0.08080736630630539,0.21833618306425656,0.20493717419968308
Bulk 131,0.10077456711172786,0.24432807977599183,0.08929012242741367,0.31694065613879707,0.24866657454606952
Bulk 132,0.7682897591071618,0.06717185263465708,0.0,0.0,0.16453838825818118
Bulk 133,0.7801384131427402,0.0,0.0,0.13242237936365503,0.08743920749360472
Bulk 134,0.29988694385541087,0.22883708863985794,0.007508518912547627,0.18599521839623337,0.2777722301959504
Bulk 135,0.3717034046909927,0.09618773443734198,0.15883091603325425,0.2932893885671519,0.07998855627125917
Bulk 136,0.45404475491611873,0.06579181095620626,0.053112890517372745,0.37204688374362876,0.05500365986667358
Bulk 137,0.6476227638782771,0.02160255949404306,0.0,0.0,0.3307746766276799
Bulk 138,0.04598409039217333,0.14400901139064354,0.24521488115595944,0.36987477504791755,0.19491724201330612
Bulk 139,0.4790611351713959,0.08783658249273128,0.121356172510931,0.23483615812833086,0.07690995169661101
Bulk 140,0.36432137786572527,0.19603386282066876,0.0,0.07277877750984281,0.3668659818037632
Bulk 141,0.3077107575129822,0.05403371557173275,0.06467404439258556,0.4028997600596265,0.17068172246307295
Bulk 142,0.6498001879347438,0.0,0.20778984747905202,0.0,0.1424099645862041
Bulk 143,0.5416177033153394,0.07825295072331297,0.04884691868954775,0.17453124727767563,0.15675117999412433
Bulk 144,0.30518896742959345,0.1494982570332915,0.031408826710079836,0.30150139454578645,0.21240255428124868
Bulk 145,0.4783763644053088,0.13488740502459567,0.0,0.1687133354319553,0.2180228951381401
Bulk 146,0.20128285482803124,0.21953895275311508,0.11318359723444645,0.2644740484445162,0.20152054673989114
Bulk 147,0.12281149330250574,0.20217476869786508,0.16702564078369445,0.32377231714681287,0.1842157800691219
Bulk 148,0.3233965588318572,0.10626605013807959,0.10415334980643169,0.3153782566351223,0.15080578458850913
Bulk 149,0.12619736538046966,0.2607384939031632,0.0,0.24836813625087809,0.36469600446548905
Bulk 150,0.0,0.2343207901030739,0.12051663333312847,0.3283046902709724,0.3168578862928252
Bulk 151,0.2745549194071648,0.023151359523285155,0.324493986350799,0.37779973471875095,0.0
Bulk 152,0.4096573373289331,0.21141259230890946,0.05728589834660349,0.0,0.32164417201555395
Bulk 153,0.18968209468660158,0.12844371958463574,0.1629825709719797,0.32948158154204715,0.1894100332147357
Bulk 154,0.26268319827269104,0.17345605877952222,0.0,0.3157735580069361,0.24808718494085058
Bulk 155,0.229625633373015,0.055500532991614726,0.03467200640779749,0.3730005548148453,0.3072012724127274
Bulk 156,0.33599825553181756,0.19628136017859354,0.022165701440919505,0.28029697628818717,0.16525770656048225
Bulk 157,0.2907066463216531,0.09601405065582393,0.1648345402522456,0.298305430120793,0.15013933264948442
Bulk 158,0.447851710404814,0.09494651134141627,0.0,0.33026705405899404,0.1269347241947757
Bulk 159,0.4652396476838527,0.09276487792604683,0.0,0.2784595394248579,0.16353593496524266
Bulk 160,0.4193855929952745,0.21246539357084637,0.0,0.04373524926326551,0.3244137641706136
Bulk 161,0.29664839193763637,0.2525841795807533,0.0676571185203705,0.0,0.3831103099612399
Bulk 162,0.2561937187404973,0.18340297054733296,0.0,0.26792576670321594,0.29247754400895387
Bulk 163,0.20808669260239784,0.12422058386889444,0.09318433389624162,0.385757172369397,0.18875121726306918
Bulk 164,0.5136224363537414,0.16226031902732624,0.0,0.22186154862634294,0.10225569599258925
Bulk 165,0.7263792899455553,0.0,0.0752786992638587,0.10723297527090414,0.09110903551968172
Bulk 166,0.3141858267877605,0.1091540251803878,0.2718325734262001,0.19168694976491027,0.11314062484074129
Bulk 167,0.3404117413408269,0.17974717916908436,0.12394079063552106,0.10475170896638375,0.2511485798881839
Bulk 168,0.0,0.1739395325587284,0.18001778610685948,0.3673032667513423,0.2787394145830697
Bulk 169,0.4508282422704222,0.17378053059816775,0.0,0.129939618642557,0.2454516084888532
Bulk 170,0.2749387561479418,0.1715745172155008,0.11645394010071387,0.1959553470103485,0.2410774395254951
Bulk 171,0.23239721734371732,0.1280523333182494,0.10372499375588815,0.45013797681689277,0.08568747876525248
Bulk 172,0.12538481893135792,0.2349333228485111,0.013032443087874334,0.2765114387291756,0.35013797640308103
Bulk 173,0.6547168934702776,0.06479848260009408,0.0,0.06553242359334456,0.2149522003362837
Bulk 174,0.8120962702077885,0.0,0.0,0.04960382645890487,0.13829990333330677
Bulk 175,0.48209495721229945,0.0,0.19536432127297054,0.1560218355518628,0.1665188859628673
Bulk 176,0.15232039518933196,0.12382704914942304,0.125443327883385,0.4164635477561581,0.18194568002170192
Bulk 177,0.021728988308250444,0.0978853425861394,0.2877036153491989,0.33029573973724485,0.2623863140191664
Bulk 178,0.34141375093425536,0.10708736197913965,0.0,0.3074822129342799,0.24401667415232514
Bulk 179,0.22765022452147415,0.2193389877964464,0.0,0.1934222342152027,0.3595885534668768
Bulk 180,0.06963631934210655,0.19326875211841432,0.04004373539406592,0.40532640803267583,0.2917247851127374
Bulk 181,0.23047038022007282,0.1528504005589655,0.15218460062611353,0.3258217375861291,0.13867288100871916
Bulk 182,0.11778694209676938,0.13640522142846492,0.21830816113375878,0.4272504047870233,0.10024927055398362
Bulk 183,0.5926026070216139,0.011847210253933335,0.0,0.24761377139893914,0.14793641132551352
Bulk 184,0.13014005421950636,0.17558944529458706,0.07839406338247891,0.27246735398779964,0.343409083115628
Bulk 185,0.6107441831025586,0.0,0.0,0.289636133279375,0.09961968361806638
Bulk 186,0.34663169347567946,0.17286240523695792,0.004450928224701163,0.2590496311224861,0.21700534194017518
Bulk 187,0.24757673531101376,0.16761870957035185,0.0,0.2863124566614515,0.2984920984571829
Bulk 188,0.17451316011862394,0.20233622810725924,0.07762679184593915,0.3602915870138828,0.18523223291429483
Bulk 189,0.5716892539256127,0.16923739511960245,0.0,0.04721809943718167,0.2118552515176032
Bulk 190,0.7463960368714033,0.05747194771443794,0.0,0.19332037059008642,0.0028116448240722266
Bulk 191,0.4020635222231546,0.14850291033123497,0.0,0.1406342464021394,0.30879932104347096
Bulk 192,0.5109901827923109,0.10114197028172325,0.0,0.3037726009681818,0.08409524595778396
Bulk 193,0.6036207193919909,0.04787901780013593,0.14941048210825272,0.06070662866536884,0.13838315203425164
Bulk 194,0.604453663603456,0.06764437139725038,0.01815918512292756,0.01540791339916972,0.29433486647719637
Bulk 195,0.13576633618439696,0.27318907395177006,0.08158592188852484,0.17072937115834178,0.3387292968169664
Bulk 196,0.4204826717615633,0.12416274539035738,0.0,0.22537368344218445,0.22998089940589483
Bulk 197,0.22744819072218167,0.24596960630373516,0.11368191314689612,0.16416124872048848,0.24873904110669867
Bulk 198,0.782215683513051,0.09083612212256331,0.0,0.0,0.12694819436438562
Bulk 199,0.40812332253119643,0.10799983551178437,0.0,0.1786715235118408,0.3052053184451784
Bulk 200,0.0,0.20497189735538127,0.16574472206931176,0.3441542018507043,0.2851291787246027
Bulk 201,0.1254498977661732,0.18551700435860372,0.036756409354751565,0.37073251325800516,0.2815441752624664
Bulk 202,0.4275643397360804,0.1318143813824944,0.0,0.29290365171350696,0.14771762716791817
Bulk 203,0.6391561912639644,0.08697651181731339,0.0,0.10043960339403324,0.17342769352468895
Bulk 204,0.26069054866379654,0.18198969680045662,0.2724979550694781,0.14739491007155564,0.13742688939471315
Bulk 205,0.3171406487710439,0.2159591237848918,0.0,0.21980503368065132,0.24709519376341296
Bulk 206,0.7569509539953359,0.05973129940552189,0.0,0.0,0.18331774659914216
Bulk 207,0.23879845476215314,0.1320323928802392,0.11863347586604431,0.37976513003345236,0.1307705464581109
Bulk 208,0.07073838821309897,0.20965647350407166,0.03821991752791253,0.3698577487347492,0.3115274720201677
Bulk 209,0.6431568902862524,0.06501950143262948,0.0,0.14975154045914754,0.1420720678219706
Bulk 210,0.3544669627367028,0.15546607469248125,0.0,0.16842404703418198,0.32164291553663404
Bulk 211,0.047578764488198186,0.23601489906253975,0.02989198118247738,0.34166621388015833,0.34484814138662623
Bulk 212,0.6113653030891703,0.0666517940215019,0.11157333606893989,0.0,0.210409566820388
Bulk 213,0.3697990652317923,0.13807815688225125,0.0,0.2354394743167206,0.2566833035692359
Bulk 214,0.3661497721480924,0.1646562863784353,0.0,0.20510022476018305,0.2640937167132892
Bulk 215,0.26314033558857736,0.19337647149994494,0.05132069744970425,0.19916329874388555,0.2929991967178879
Bulk 216,0.2474619980703632,0.1305590512328007,0.037972785119965324,0.3128761825753245,0.2711299830015461
Bulk 217,0.30672143862220974,0.15657589849731915,0.05845607127015332,0.19446303947681645,0.2837835521335014
Bulk 218,0.21443551559130408,0.08526690875311153,0.25705165956326304,0.38823852989095825,0.05500738620136312
Bulk 219,0.43465800868921683,0.14067973401710385,0.0,0.2544976802342358,0.17016457705944357
Bulk 220,0.5054468505997022,0.11405910227655214,0.0,0.15811936968337642,0.22237467744036937
Bulk 221,0.7010407832781023,0.06940062911445287,0.048604889517032346,0.04557420962673057,0.13537948846368203
Bulk 222,0.1604544384521679,0.2021190324271243,0.14914934003245453,0.13923431792221752,0.34904287116603566
Bulk 223,0.25846015543832307,0.2080409243297841,0.07768904272148355,0.26871783869601423,0.18709203881439504
Bulk 224,0.6130280061824429,0.20832118370990194,0.0,0.0,0.17865081010765516
Bulk 225,0.6106652034434229,0.07136686611326305,0.26087989940381673,0.015893559523489115,0.04119447151600819
Bulk 226,0.493369909224113,0.1468847842060616,0.0,0.19249894605788162,0.16724636051194383
Bulk 227,0.08167647162367024,0.15477756634470163,0.11148457902292377,0.2908730765490501,0.3611883064596542
Bulk 228,0.4440864573979281,0.12724986875104471,0.04639928042452737,0.07252036256629626,0.3097440308602036
Bulk 229,0.26590531858082217,0.1695508423277859,0.15529047540438248,0.17801795174834362,0.2312354119386658
Bulk 230,0.1302073853147209,0.19959961990808242,0.08802431714798563,0.4055915895966958,0.17657708803251534
Bulk 231,0.5405126576866827,0.10397510913414056,0.0,0.06915924755331024,0.2863529856258664
Bulk 232,0.0,0.29687301562423024,0.011679147883957111,0.3400279242220479,0.35141991226976477
Bulk 233,0.17778834801548626,0.1876388089278625,0.0,0.23484971938900115,0.39972312366765006
Bulk 234,0.3795096184634491,0.19995105728996967,0.0,0.07238374536447875,0.3481555788821024
Bulk 235,0.34280604626256456,0.0883246391756377,0.08189189925572797,0.28480301388067136,0.20217440142539847
Bulk 236,0.0,0.32564285000426535,0.05060155475563852,0.32875117582903407,0.29500441941106204
Bulk 237,0.707481772742208,0.06350812531061789,0.0,0.023063248812579585,0.20594685313459446
Bulk 238,0.3779089627013851,0.14384318042528485,0.0,0.17062943630844826,0.3076184205648817
Bulk 239,0.05159284396950845,0.22786289171387272,0.13050580440792653,0.3563663697648061,0.23367209014388615
Bulk 240,0.22940494255012475,0.20656325281669954,0.18895651382817688,0.1358752645334308,0.23920002627156806
Bulk 241,0.08922541727725333,0.19188217600195942,0.04593065741567139,0.4377809305103161,0.23518081879479974
Bulk 242,0.43276980749080196,0.07722108696179418,0.36121389877366405,0.0,0.1287952067737397
Bulk 243,0.2927856885376798,0.17146957800261187,0.06908822438735818,0.23390686842346592,0.23274964064888437
Bulk 244,0.38246274594935414,0.21232198257106255,0.0,0.23200953917107534,0.17320573230850794
Bulk 245,0.3432112069504873,0.15553559282781473,0.2030530155387248,0.23666815279796077,0.06153203188501258
Bulk 246,0.09931914192251017,0.26357876528406404,0.12364462008069568,0.2290770261810153,0.28438044653171474
Bulk 247,0.4613842868172469,0.17825984625343694,0.03626303742178921,0.10621305945177686,0.2178797700557501
Bulk 248,0.3161429959644096,0.1944115612009756,0.050941424406730905,0.16849748876534684,0.27000652966253713
Bulk 249,0.49407004767020307,0.15937744242548504,0.009605662557991732,0.10800636160026432,0.22894048574605586
Bulk 250,0.5603226580604193,0.09867143390092915,0.0,0.1378806320150923,0.2031252760235594
Bulk 251,0.14056474555344478,0.18899904743865745,0.08214950224578414,0.343350129548544,0.24493657521356968
Bulk 252,0.40988003819363394,0.057385235050539565,0.0,0.23173166547346746,0.3010030612823591
Bulk 253,0.21771282593951077,0.18281407177787998,0.0,0.29475086424646935,0.30472223803613996
Bulk 254,0.41525711857506,0.15527721822416152,0.0,0.16666293728950313,0.26280272591127546
Bulk 255,0.1796919374068795,0.23465706060235506,0.22576271561355768,0.18268123369318212,0.1772070526840256
Bulk 256,0.11047069532289576,0.22349181421001024,0.08440724035140199,0.33127486893798463,0.25035538117770745
Bulk 257,0.07470454761843554,0.28863333961460774,0.0,0.33739862429579537,0.29926348847116135
Bulk 258,0.21706048309352438,0.2674459575433863,0.0,0.18486852716663296,0.3306250321964564
Bulk 259,0.37411101289487936,0.1500020223902898,0.025872044397141657,0.2195038244694393,0.2305110958482499
Bulk 260,0.1346700335064134,0.1438572270384157,0.07082465183469991,0.4385708719921448,0.2120772156283263
Bulk 261,0.2202109340202423,0.16543288387946561,0.19754037558359927,0.21225637616772636,0.20455943034896648
Bulk 262,0.08207862359288139,0.17983019363087938,0.23781298696290062,0.2527669626227094,0.2475112331906291
Bulk 263,0.6526975759256078,0.043482035043717296,0.02393585329989743,0.17959721735097894,0.10028731837979868
Bulk 264,0.2886916068181286,0.2051449978151289,0.07242216897401432,0.2073598103414927,0.22638141605123552
Bulk 265,0.2571154132464591,0.13254212829375625,0.0150872237513372,0.41491046398103093,0.1803447707274164
Bulk 266,0.2873380138960592,0.18319684591124447,0.0,0.2275851617954306,0.3018799783972659
Bulk 267,0.33896204048954004,0.10866812184581512,0.02512471260038567,0.45376503343445357,0.07348009162980554
Bulk 268,0.41307487701714135,0.09542423057892205,0.0,0.3887249839909045,0.10277590841303191
Bulk 269,0.45140066704757964,0.1748693855668395,0.0,0.20546168424405373,0.16826826314152704
Bulk 270,0.2092353955448452,0.19602039638611465,0.0472118561437735,0.3560439111301795,0.1914884407950872
Bulk 271,0.21977725180634675,0.1921723172768722,0.0,0.2796160390390915,0.3084343918776897
Bulk 272,0.28107327982699065,0.13513443009661005,0.0,0.35365845214648456,0.23013383792991463
Bulk 273,0.5389344454003869,0.07904014105840397,0.006607750730310078,0.26380755382519344,0.11161010898570545
Bulk 274,0.13682397586469425,0.21200948038572903,0.15507597605722004,0.2868858318560478,0.20920473583630872
Bulk 275,0.17972471656581518,0.18699573268973788,0.06386951628038084,0.2906765654992079,0.27873346896485823
Bulk 276,0.5665639557278501,0.004650364536500977,0.0,0.23210875398008832,0.1966769257555606
Bulk 277,0.8483636690549863,0.0,0.0,0.04709769431575027,0.1045386366292634
Bulk 278,0.3229388736013341,0.20774816149737116,0.0,0.24482157087774084,0.22449139402355395
Bulk 279,0.12458853897214232,0.1535916346999431,0.12065780874926464,0.41482535857627434,0.18633665900237556
Bulk 280,0.6188525025119116,0.014069187159685638,0.1058037545875171,0.21329788137449182,0.04797667436639377
Bulk 281,0.31197279164308955,0.1107625441334271,0.39519006627191494,0.12058224776877283,0.061492350182795585
Bulk 282,0.8381733257702796,0.011289382839292275,0.0,0.10666241938819518,0.043874872002232966
Bulk 283,0.45805704734293,0.13257487258289144,0.15938089016437984,0.15634387888934131,0.0936433110204574
Bulk 284,0.5052466688548322,0.1688045925839531,0.15994381179652173,0.0,0.16600492676469308
Bulk 285,0.5705647990972614,0.12327606042816978,0.0,0.25235665819266645,0.053802482281902375
Bulk 286,0.3253765980809282,0.2723067879523688,0.15013904689591506,0.0,0.2521775670707881
Bulk 287,0.554742938500215,0.0,0.0013388458313444796,0.44391821566844036,0.0
Bulk 288,0.260946658564601,0.179582359580984,0.17288886505889636,0.17404839371461384,0.21253372308090493
Bulk 289,0.838838934865286,0.011301295990366719,0.0,0.0,0.14985976914434734
Bulk 290,0.21704706670170082,0.2573392523893049,0.0,0.13920775208174166,0.3864059288272526
Bulk 291,0.35403793839118924,0.1395812572884211,0.24975125838476578,0.049016496070385225,0.20761304986523874
Bulk 292,0.3876596853035617,0.15630047581325565,0.0,0.3508417136577291,0.10519812522545346
Bulk 293,0.25775718523932944,0.11092267199819224,0.0,0.36755537505672037,0.26376476770575796
Bulk 294,0.1603766906346967,0.10145768033435157,0.318750975615627,0.23134362451038798,0.18807102890493665
Bulk 295,0.2988006232620913,0.18116353899641804,0.1182921640662373,0.25418720356508795,0.14755647011016557
Bulk 296,0.6001277679197307,0.04878169794297054,0.08796359027634824,0.0,0.2631269438609506
Bulk 297,0.5011143004050008,0.14053024873670855,0.21189060120902065,0.10187363019221353,0.0445912194570564
Bulk 298,0.24813913487810219,0.29695597598921947,0.18909731375994335,0.1253455314274094,0.1404620439453256
Bulk 299,0.7539875770931812,0.04700809744747198,0.0,0.0,0.19900432545934682
Bulk 300,0.05553106485272545,0.189917122162802,0.12366524331834708,0.3744192550585729,0.2564673146075526
Bulk 301,0.27743143140268894,0.2893201073239077,0.0,0.06852840163881459,0.3647200596345888
Bulk 302,0.12262545266482741,0.221826938746214,0.015174551356685195,0.3772549160759223,0.26311814115635096
Bulk 303,0.23390483382181815,0.2353622420498416,0.010112711670929125,0.27481312503722316,0.245807087420188
Bulk 304,0.371901494153259,0.20993163233524503,0.0,0.05170803410684042,0.36645883940465546
Bulk 305,0.516937027349132,0.14017446006767298,0.0,0.057665383916039495,0.28522312866715543
Bulk 306,0.4249487023172455,0.2167874714163756,0.1847102106684181,0.0,0.1735536155979607
Bulk 307,0.4448014319057133,0.18720032363758496,0.0,0.12282893713085795,0.2451693073258438
Bulk 308,0.24745581351148677,0.202043500734752,0.10853025230884589,0.2528527559008862,0.1891176775440292
Bulk 309,0.3144543772824555,0.2086837414988298,0.1451599016946702,0.0,0.33170197952404445
Bulk 310,0.25164697926612944,0.17379339571226754,0.1788297138692246,0.13515385791829945,0.26057605323407884
Bulk 311,0.39911971366067056,0.1913743895057135,0.16997324950993004,0.028470096721426842,0.21106255060225906
Bulk 312,0.3509159657863739,0.1846402659577892,0.2147152563515146,0.0935579482455625,0.15617056365875992
Bulk 313,0.12958109589822667,0.1729934826759552,0.16939941789133073,0.23509276674653898,0.29293323678794836
Bulk 314,0.3228482094369164,0.1923947615225443,0.18297601467944818,0.0997999209339596,0.20198109342713155
Bulk 315,0.2323426541058072,0.15700474925178953,0.10974998694097962,0.2356787976446775,0.2652238120567461
Bulk 316,0.41760825590171247,0.1025128344893758,0.07766756914383198,0.007603766675049784,0.3946075737900298
Bulk 317,0.24550211767481978,0.23815311203795794,0.0429637698647322,0.165934077938838,0.307446922483652
Bulk 318,0.43258110406724964,0.06552409282462095,0.20174130986146604,0.2726309962380996,0.027522497008563723
Bulk 319,0.518059944206686,0.005450073210593384,0.175774822026108,0.3007151605566127,0.0
Bulk 320,0.434913903235381,0.16159719283213106,0.11828781516084326,0.18163609627129884,0.10356499250034593
Bulk 321,0.330370129433782,0.21726454687837907,0.0,0.0,0.45236532368783877
Bulk 322,0.5607218882557923,0.06559977337646639,0.0,0.31565011458859865,0.05802822377914277
Bulk 323,0.5710846616909967,0.14431632423770444,0.0,0.0,0.2845990140712989
Bulk 324,0.3889687394497967,0.11372363881302167,0.13921123624315107,0.19576262495302443,0.162333760541006
Bulk 325,0.22524975213006904,0.16010236808722864,0.3827314595442834,0.04871517400199438,0.1832012462364245
Bulk 326,0.0,0.19839903848160503,0.37243201156006384,0.21511529936143647,0.2140536505968946
Bulk 327,0.4488993296911632,0.15228086791136872,0.06424624140924103,0.0,0.33457356098822716
Bulk 328,0.1315188527210244,0.2746863399760272,0.07657147892274516,0.21710548879500247,0.30011783958520083
Bulk 329,0.16008891688505691,0.22396951998108225,0.21144817363949028,0.2335860175952837,0.1709073718990869
Bulk 330,0.25980750704184574,0.20256066129702438,0.041818463200480445,0.18959389230362947,0.3062194761570199
Bulk 331,0.3569125082459282,0.04839193176107619,0.13311164733016514,0.18489086199999274,0.27669305066283784
Bulk 332,0.5978056110955228,0.02801214611720243,0.0,0.08576257173836611,0.28841967104890853
Bulk 333,0.29564571813472174,0.12781114101151664,0.2375974727124486,0.17575974389747254,0.1631859242438405
Bulk 334,0.0,0.20852284901652432,0.037033319315018104,0.4776192953134383,0.2768245363550193
Bulk 335,0.481231702333548,0.07981775271255091,0.10724823266129098,0.09883965371553573,0.23286265857707425
Bulk 336,0.3585137812548404,0.12178965641722177,0.06293947058973526,0.10152929870168009,0.3552277930365225
Bulk 337,0.04445885024459346,0.24703565032338265,0.015174294820144176,0.31977120597744185,0.37355999863443795
Bulk 338,0.39613817712660826,0.12500051001402432,0.0,0.2978724435567204,0.18098886930264693
Bulk 339,0.47933657610927627,0.10344161428194878,0.1370677992949565,0.04163971028254186,0.2385143000312766
Bulk 340,0.2007282376991599,0.2061270970935848,0.03312440260186408,0.30878496192373417,0.251235300681657
Bulk 341,0.08601472939694012,0.15337901450905775,0.27330241281314016,0.26317233434859927,0.2241315089322628
Bulk 342,0.016320404051775737,0.19385194887459517,0.08431518511057141,0.4616434341240562,0.24386902783900155
Bulk 343,0.26504912480567105,0.19081480004411025,0.020945496458417326,0.11775290524691713,0.4054376734448842
Bulk 344,0.4368264429272843,0.0,0.2557331115417822,0.14411511539836835,0.1633253301325651
Bulk 345,0.585670004380921,0.14617905992425448,0.0,0.0,0.2681509356948246
Bulk 346,0.10777835666569484,0.2436631717682786,0.16609634920581126,0.24196335713711026,0.24049876522310507
Bulk 347,0.45297770257107056,0.1209882763799114,0.0,0.18075581255130987,0.24527820849770818
Bulk 348,0.28065385738052084,0.19284907908188903,0.14047769051412712,0.060346537894740176,0.3256728351287228
Bulk 349,0.3426099598864366,0.19292176434596295,0.0,0.15255972687185418,0.31190854889574626
Bulk 350,0.4463722790062733,0.16280310799303815,0.08451008780811738,0.05027473326977213,0.256039791922799
Bulk 351,0.9720496643024875,0.0,0.008594715093663545,0.0,0.019355620603849
Bulk 352,0.06135944079078314,0.17834811764450842,0.0732342946265191,0.42473866566692925,0.26231948127126026
Bulk 353,0.40221358989118206,0.20756968499998313,0.05233709770835451,0.09890007704134116,0.23897955035913912
Bulk 354,0.6241105251918312,0.09860596169512968,0.0,0.0,0.27728351311303917
Bulk 355,0.29749730626870635,0.1254635216873167,0.007492537119308431,0.3113150606241907,0.25823157430047783
Bulk 356,0.5924485303670286,0.0766977567713783,0.0,0.16705215010321567,0.16380156275837743
Bulk 357,0.48129706672989125,0.0,0.0,0.5102497659193423,0.008453167350766557
Bulk 358,0.3241202779331983,0.16106948585596398,0.03432096630988541,0.2949643272313657,0.18552494266958658
Bulk 359,0.1411093190567124,0.2566449012913161,0.052286325892957265,0.21166106095151974,0.3382983928074946
Bulk 360,0.1855755377689339,0.3065250969903465,0.003766046365354609,0.15640547014964212,0.34772784872572293
Bulk 361,0.41665960085388065,0.1116992093394802,0.23506190122605716,0.17054774845129417,0.06603154012928779
Bulk 362,0.08361257108822633,0.19610861228928492,0.0819637129906026,0.3804094383169119,0.2579056653149743
Bulk 363,0.2267992746002892,0.31307771820548985,0.060193040739927976,0.16227002683384176,0.23765993962045134
Bulk 364,0.21876468294558998,0.20460784640821672,0.0,0.2553197701818177,0.32130770046437557
Bulk 365,0.44065038199854173,0.11636448793419146,0.0,0.25218594710755365,0.19079918295971313
Bulk 366,0.16611060872841574,0.19004625248453103,0.03394287529006745,0.33869629409219654,0.2712039694047892
Bulk 367,0.5701178341273601,0.15074312600480375,0.0,0.06473600288195143,0.21440303698588478
Bulk 368,0.18945631636694044,0.23809324395126,0.1365975772448735,0.11635989395281403,0.3194929684841119
Bulk 369,0.2772250415301259,0.28466567853597946,0.0,0.15197263666338576,0.2861366432705088
Bulk 370,0.2417431149782337,0.26397936450111176,0.15122663623031013,0.10684999163358547,0.23620089265675887
Bulk 371,0.4498269047894378,0.21270473812254292,0.05389016224418813,0.0,0.2835781948438311
Bulk 372,0.5660867242756491,0.1287706442400934,0.0,0.2895298096083522,0.015612821875905306
Bulk 373,0.2626248749394492,0.1912390891095956,0.05807335866536252,0.26647916750533285,0.22158350978025979
Bulk 374,0.5788540356284687,0.004922772371104751,0.0,0.22765761122445263,0.1885655807759737
Bulk 375,0.0,0.24441521668587363,0.15425529001157998,0.38452352904844567,0.21680596425410079
Bulk 376,0.7416746896037322,0.0,0.0,0.13971418068718347,0.11861112970908425
Bulk 377,0.3930554247260041,0.2138274306032492,0.0,0.21170381655410245,0.1814133281166443
Bulk 378,0.11312447936333914,0.27988894284193705,0.05680357451906444,0.10475098919053105,0.44543201408512834
Bulk 379,0.5224674235937373,0.0,0.0,0.3018247004939127,0.17570787591235001
Bulk 380,0.5114215774553249,0.14609034773777477,0.0,0.11100377476018272,0.23148430004671774
Bulk 381,0.5213466019946484,0.16147764239812745,0.0,0.07356604763707232,0.2436097079701518
Bulk 382,0.3024525439868617,0.19594715628424175,0.04859917222389905,0.1088769067584408,0.3441242207465567
Bulk 383,0.26935907582316987,0.18983133976414887,0.09394761641677304,0.23877144608386194,0.20809052191204616
Bulk 384,0.327725689787175,0.16408125061861564,0.14850617511173267,0.0,0.3596868844824768
Bulk 385,0.10829515466643917,0.16989655581450866,0.17800304218606094,0.3401550781233441,0.20365016920964701
Bulk 386,0.24583861456768677,0.14018527052938165,0.15459676431738775,0.2528988132465518,0.20648053733899216
Bulk 387,0.29958743318566017,0.24107628689710792,0.07406201887226092,0.09086508965432323,0.2944091713906478
Bulk 388,0.43135339261931044,0.18418658433601093,0.0,0.12316472169155121,0.2612953013531273
Bulk 389,0.6118670971874637,0.1609928316694375,0.0,0.0,0.22714007114309878
Bulk 390,0.2982159248864253,0.20732676159456345,0.1389417532764283,0.17202566714437628,0.18348989309820674
Bulk 391,0.3282742043979499,0.17034188490359234,0.0329909300330591,0.2901251125906168,0.17826786807478182
Bulk 392,0.24331107880728192,0.22932926603210335,0.05048172419581825,0.20486238401371756,0.27201554695107905
Bulk 393,0.15998615382374523,0.19141435416144156,0.0,0.33701829401034933,0.3115811980044639
Bulk 394,0.5761026245633055,0.02374896276290905,0.0,0.15673553605716706,0.24341287661661837
Bulk 395,0.32157056502101616,0.24875327688366036,0.008369668747935512,0.26903792022712747,0.15226856912026057
Bulk 396,0.37897833998662384,0.12292099588576268,0.01757519035791199,0.3007244956744978,0.17980097809520368
Bulk 397,0.25113828146012,0.09433245311543448,0.4472378912464217,0.13656614477294385,0.07072522940507983
Bulk 398,0.4866493135100517,0.10614163337980759,0.08438610555497322,0.1658388598142223,0.15698408774094516
Bulk 399,0.5828515090508927,0.10814353742024284,0.11802436215399471,0.008143148818183817,0.18283744255668594
Bulk 400,0.5899815642071653,0.1270167668102101,0.0,0.02107275701449473,0.26192891196812995
Bulk 401,0.3795888715030491,0.17623510822956476,0.12796188399142774,0.1668733596448179,0.14934077663114037
Bulk 402,0.26329863244915463,0.27653635251522873,0.014395793385457916,0.044018984188463936,0.40175023746169475
