,Ast,End,Mic,Neu,Oli
Bulk 0,0.11413139726108147,0.1304599370426026,0.0,0.49971201549817224,0.2556966501981438
Bulk 1,0.11687596115506646,0.177758534741603,0.2598772877583683,0.3044715611805502,0.14101665516441197
Bulk 2,0.34554035842444525,0.10395694371879023,0.007538824438196642,0.3507896028448859,0.19217427057368197
Bulk 3,0.058078233081959835,0.11044126762698035,0.21364000742181036,0.37062454365960246,0.24721594820964693
Bulk 4,0.5741469739608495,0.13193382909458715,0.0,0.20451731257050051,0.08940188437406284
Bulk 5,0.041993572521165104,0.25290605756578155,0.03805908224405845,0.28907482172438564,0.3779664659446092
Bulk 6,0.592999046548847,0.09797484049097797,0.0,0.09938235432815667,0.20964375863201817
Bulk 7,0.41873443196369864,0.09881703500393652,0.05836958280939986,0.29106348715948904,0.13301546306347597
Bulk 8,0.3213237898428143,0.15394661532369472,0.0,0.37551380496365183,0.14921578986983913
Bulk 9,0.15862084697400305,0.2475896866107604,0.19970660009278815,0.07777764908924246,0.31630521723320587
Bulk 10,0.19901610259665112,0.15739456757068354,0.00970709266635024,0.42220905729310704,0.21167317987320805
Bulk 11,0.24025060967142653,0.1267745111339702,0.0019131447057762767,0.38611074804286016,0.24495098644596686
Bulk 12,0.429148899062317,0.14861772721124358,0.0,0.14219959182429917,0.28003378190214023
Bulk 13,0.06126087369276804,0.1458524054618818,0.05920503240446357,0.38378100176706764,0.3499006866738189
Bulk 14,0.3673375518463745,0.11691401179641389,0.14535450980050735,0.3419671727119132,0.02842675384479118
Bulk 15,0.8119735633878399,0.0071417956006275905,0.0,0.18088464101153254,0.0
Bulk 16,0.27663504720105475,0.2042379562876868,0.011872266181730933,0.1281710387015315,0.37908369162799604
Bulk 17,0.7902915251294292,0.0,0.0,0.15150441640642145,0.05820405846414926
Bulk 18,0.28645609754714635,0.23894713740854204,0.0,0.23786548644008576,0.23673127860422574
Bulk 19,0.1129262837397321,0.1959777711396627,0.09180095972752245,0.378773343424932,0.22052164196815074
Bulk 20,0.0,0.2868964478884071,0.06242808193285694,0.34610446457706723,0.30457100560166867
Bulk 21,0.12731608179066103,0.26503503833890074,0.027649710627002118,0.30665612556963284,0.27334304367380313
Bulk 22,0.2128533078131441,0.0,0.1646598035291881,0.6224868886576678,0.0
Bulk 23,0.11347876263478306,0.13747724792177402,0.12504840494130043,0.4244493964831028,0.19954618801903976
Bulk 24,0.587470330511381,0.0,0.0,0.3546595021247444,0.05787016736387463
Bulk 25,0.27767691858426624,0.0,0.11561655927778003,0.6067065221379538,0.0
Bulk 26,0.19414316198197537,0.16034927240750652,0.017375905087591927,0.32494980264961076,0.3031818578733154
Bulk 27,0.4482458677787624,0.1514639022489007,0.0,0.1798907396588855,0.22039949031345135
Bulk 28,0.20079550024311724,0.22776280205411473,0.10438972520915286,0.22973187234237838,0.23732010015123686
Bulk 29,0.1532565722471932,0.16246094286674637,0.1837433533853619,0.2555300655761773,0.24500906592452126
Bulk 30,0.17814730356247752,0.1993687425745156,0.06082442095637079,0.35652253359899744,0.20513699930763854
Bulk 31,0.3436762950287106,0.15331109417416897,0.1472462039486484,0.1494172508450892,0.20634915600338286
Bulk 32,0.14114173264721244,0.2129735057563833,0.05255914724093328,0.28688753765047814,0.3064380767049928
Bulk 33,0.0,0.23223025532271518,0.07112555711913988,0.3833452731470944,0.3132989144110505
Bulk 34,0.6591917525135623,0.0,0.0,0.3032310668362361,0.03757718065020162
Bulk 35,0.0914327006469858,0.18352227128456275,0.3643270935942827,0.275505108566495,0.08521282590767387
Bulk 36,0.528066502755775,0.0918152575446571,0.05130789362147854,0.10869405356181494,0.22011629251627457
Bulk 37,0.3124299084113108,0.20904841566472518,0.03406287917439502,0.21815319264564462,0.22630560410392425
Bulk 38,0.18077158161324847,0.21218314334887456,0.006412272269890625,0.29124147974300874,0.30939152302497763
Bulk 39,0.10776478246428231,0.07995873876249272,0.10230373804958263,0.49067935106186966,0.21929338966177267
Bulk 40,0.233687062743672,0.22816397779643033,0.06969859155113237,0.2442609075182921,0.2241894603904732
Bulk 41,0.6414633105279454,0.03825144779442756,0.0,0.021508384762578086,0.29877685691504896
Bulk 42,0.2706514427357425,0.22511174356591354,0.0,0.18605769758851384,0.31817911610983
Bulk 43,0.13766592821072532,0.198313612697649,0.018303398280521428,0.37356963224820705,0.2721474285628972
Bulk 44,0.21373272976764102,0.1578276974837836,0.08388757894361723,0.3475814374014954,0.1969705564034628
Bulk 45,0.6603548073920407,0.06043896694325278,0.0,0.0,0.2792062256647066
Bulk 46,0.3382826906941894,0.19660266329453574,0.0,0.29562298996285885,0.16949165604841593
Bulk 47,0.13440829111991304,0.1875341525673526,0.1292937575844238,0.24424726915471903,0.3045165295735915
Bulk 48,0.4911879013975856,0.12417583074244258,0.10125941445066829,0.055192007888610096,0.2281848455206933
Bulk 49,0.3775788750263919,0.2102697894404525,0.07194123139304193,0.1331406589018351,0.20706944523827853
Bulk 50,0.29308246432819596,0.11252621019327189,0.0595249168768496,0.3494377422657452,0.18542866633593744
Bulk 51,0.26013453351189203,0.14934843317081392,0.048423452645752874,0.2558882590404091,0.28620532163113205
Bulk 52,0.07386367135322422,0.1100349558206116,0.12998473815567285,0.4883758810447966,0.19774075362569477
Bulk 53,0.2735747779733458,0.20905429950120333,0.025266506075106592,0.28022185652246345,0.21188255992788088
Bulk 54,0.19483727202501996,0.19438571855837156,0.13122175076930548,0.27175015410665965,0.2078051045406433
Bulk 55,0.12187336582496265,0.22462688871043449,0.0,0.29621710795582246,0.3572826375087804
Bulk 56,0.4568044084659694,0.1836511150276969,0.0,0.11526413360486432,0.24428034290146933
Bulk 57,0.6930438137471305,0.01606155294483877,0.0,0.08805750698354001,0.20283712632449072
Bulk 58,0.28447190797357275,0.11490864868817938,0.2706487677267176,0.203183521431004,0.12678715418052644
Bulk 59,0.34236529742835564,0.1111798844640843,0.04850769454363994,0.3177853696944774,0.18016175386944275
Bulk 60,0.17731459219246667,0.17517673538966327,0.010952760147232135,0.3242909423035918,0.31226496996704606
Bulk 61,0.15030583244378068,0.2361246526090432,0.0,0.2533021272285555,0.3602673877186206
Bulk 62,0.26833324112264145,0.16596543208797127,0.03140557004494612,0.26946821267329457,0.26482754407114656
Bulk 63,0.4422186416895567,0.17047021808231472,0.0,0.1590010399866578,0.22831010024147086
Bulk 64,0.19976418940440582,0.17443973495107623,0.11983026115813118,0.3452046926114281,0.16076112187495867
Bulk 65,0.6201639317081505,0.16572783538861893,0.0,0.012252463082884498,0.20185576982034603
Bulk 66,0.2832257102887108,0.18583997412754943,0.05975528569359225,0.195728246166746,0.2754507837234015
Bulk 67,0.1942703791491666,0.1312721592844553,0.0,0.3520129623570665,0.32244449920931173
Bulk 68,0.2943140851690349,0.07862563430751783,0.0,0.5278229569029279,0.09923732362051942
Bulk 69,0.14563729454511357,0.14616797642016274,0.08181170314644125,0.3250347854492585,0.3013482404390238
Bulk 70,0.10991607106388247,0.07609272470115837,0.10243694617255725,0.5092912944428656,0.20226296361953636
Bulk 71,0.20862686616824244,0.19318482533494652,0.0,0.389307540153783,0.20888076834302788
Bulk 72,0.0,0.2650261010466855,0.09753892038480065,0.35405903388015814,0.28337594468835575
Bulk 73,0.1327296993275888,0.09921849379425426,0.17139281806532847,0.4005588093866558,0.19610017942617264
Bulk 74,0.24475835992206618,0.18338430703354341,0.07540447152340321,0.2904668379771866,0.20598602354380072
Bulk 75,0.5807482532965175,0.06092364043616188,0.0,0.11063875398238558,0.24768935228493497
Bulk 76,0.09311473005027775,0.13850225432072752,0.025617554002442727,0.47893802776812006,0.26382743385843194
Bulk 77,0.6475198819834852,0.03040539426007351,0.0,0.17082350473956942,0.15125121901687177
Bulk 78,0.2571615800688788,0.25787817692911835,0.029277091158252663,0.23892665447325626,0.21675649737049388
Bulk 79,0.28470366339777214,0.08974713551879643,0.0,0.42383681711785887,0.20171238396557262
Bulk 80,0.6692934538872605,0.0,0.1854822070492753,0.075859178132974,0.0693651609304903
Bulk 81,0.4634068349992265,0.12585034846739895,0.008070142429623752,0.08808888930027052,0.3145837848034803
Bulk 82,0.843217443264302,0.0,0.0,0.0,0.15678255673569796
Bulk 83,0.2542082717617573,0.20867022867743237,0.0,0.2292664210231353,0.3078550785376751
Bulk 84,0.29851882637626304,0.0,0.10367557150669912,0.5978056021170378,0.0
Bulk 85,0.07790077821544121,0.27805469315646136,0.0,0.3317997975118399,0.3122447311162574
Bulk 86,0.13116206105484024,0.22026448390725878,0.0925964240160983,0.31372584064607867,0.24225119037572396
Bulk 87,0.1691215819020402,0.21041571300098463,0.07028773736869846,0.22435176711422278,0.32582320061405384
Bulk 88,0.08321512783232704,0.23505886810109558,0.05606139780361515,0.35968213152658174,0.26598247473638065
Bulk 89,0.50712403801624,0.07187693788071735,0.0,0.2532083819371118,0.1677906421659309
Bulk 90,0.20536243058048725,0.12033095837181827,0.1605026318871324,0.3996598823474169,0.11414409681314523
Bulk 91,0.26447971407559034,0.18425242888900442,0.0,0.2926494061461373,0.2586184508892681
Bulk 92,0.16828018503136713,0.11745743706581777,0.1683487870660812,0.3256644809837055,0.2202491098530286
Bulk 93,0.08062577395186006,0.2642315993989651,0.04760262540268103,0.34918134688447344,0.25835865436202027
Bulk 94,0.0,0.19036068907010487,0.17389335642197037,0.37063648624067896,0.26510946826724563
Bulk 95,0.0,0.1706071712625054,0.15355147600154442,0.40302036857795404,0.27282098415799616
Bulk 96,0.6431420335296067,0.10788805599229817,0.04757725931962523,0.0,0.20139265115846972
Bulk 97,0.7311330405200807,0.06438209816532141,0.0,0.030525572620468178,0.17395928869412955
Bulk 98,0.3917962817819744,0.07458316612239854,0.2455772877133473,0.18772868710869567,0.10031457727358406
Bulk 99,0.1288530035654097,0.19250398682254102,0.1176768851518689,0.38101647548890333,0.17994964897127702
Bulk 100,0.07827358260786169,0.21141862929998378,0.03474902456036205,0.34697135168584825,0.3285874118459442
Bulk 101,0.2511527046421381,0.16926502445948066,0.16698883890314825,0.23865665715299167,0.17393677484224138
Bulk 102,0.18278918558109655,0.16534305459208173,0.06844364174581269,0.474192150824682,0.10923196725632703
Bulk 103,0.10227293180951816,0.22027011468246693,0.09201515336375668,0.3354567242740881,0.24998507587017005
Bulk 104,0.3208815280222555,0.1114548427448627,0.0,0.3886898166485624,0.17897381258431933
Bulk 105,0.3641056029464611,0.15973140742075295,0.0,0.18694966242135214,0.2892133272114339
Bulk 106,0.2913619216955839,0.12419158489499424,0.00727388903190085,0.23881007704033358,0.33836252733718747
Bulk 107,0.3401168989318915,0.14181944768336646,0.0,0.22606964184268646,0.29199401154205556
Bulk 108,0.4938654063587321,0.05741643106018739,0.04850412826758207,0.29438168182024094,0.10583235249325755
Bulk 109,0.19184320405228567,0.17730189153190432,0.0553535914433406,0.3359544681439205,0.239546844828549
Bulk 110,0.7972415008345809,0.022798753279514396,0.08551861301906784,0.09444113286683682,0.0
Bulk 111,0.6485259514056508,0.09416361834009855,0.0,0.1262138795045164,0.13109655074973428
Bulk 112,0.25524228743924954,0.21238554245931127,0.0,0.26348805728571534,0.2688841128157238
Bulk 113,0.62808704517235,0.05796161761725546,0.0,0.17035585158109093,0.14359548562930363
Bulk 114,0.3248463710222029,0.19920250689038158,0.041346876275220136,0.1746763117766423,0.2599279340355531
Bulk 115,0.33641488621182225,0.1588422947530492,0.0786386864567969,0.20433675581114902,0.22176737676718247
Bulk 116,0.19821210430943434,0.164039907242185,0.12341605653459846,0.2671726174039143,0.247159314509868
Bulk 117,0.0,0.1458835659306401,0.11743025040894645,0.36446079633706185,0.37222538732335153
Bulk 118,0.4392492679474217,0.05137362805110684,0.0,0.2688644219033375,0.24051268209813395
Bulk 119,0.2420584992284474,0.17394662383029902,0.0,0.3556779225914447,0.2283169543498087
Bulk 120,0.37796179706361693,0.05854876729169,0.18206956386997222,0.2406533222455137,0.14076654952920717
Bulk 121,0.28873265628820755,0.19701201501634846,0.0,0.2884719913467926,0.2257833373486515
Bulk 122,0.5970741003895732,0.11022980311815221,0.16137427421241662,0.0,0.13132182227985809
Bulk 123,0.40057584712931166,0.1541069695439453,0.0,0.19328318107698866,0.25203400224975453
Bulk 124,0.11817508296672416,0.2216075779542913,0.14077623803576786,0.24440161825126566,0.275039482791951
Bulk 125,0.4605069643062987,0.14612055676453348,0.0,0.07767408939181317,0.31569838953735463
Bulk 126,0.1522721901644819,0.0,0.2793583728389032,0.568369436996615,0.0
Bulk 127,0.3776170840291678,0.08027706542747133,0.0,0.2277200918206225,0.3143857587227382
Bulk 128,0.316109612691114,0.11330112514885474,0.0,0.3500824589785525,0.22050680318147875
Bulk 129,0.4326256065375309,0.13669985800452136,0.0,0.24904225044309775,0.18163228501485001
Bulk 130,0.3934736123526353,0.14097006989151767,0.0,0.1924165603720226,0.27313975738382446
Bulk 131,0.23583105466282173,0.1623997831462829,0.083351465717915,0.3364163396981553,0.18200135677482507
Bulk 132,0.5615738599125988,0.05085722649603612,0.20913941004015124,0.022307917562622338,0.1561215859885915
Bulk 133,0.8111785809011035,0.0,0.03899698507254884,0.14982443402634762,0.0
Bulk 134,0.3620787789084395,0.1517424182392855,0.05202507036909827,0.17113384197767903,0.26301989050549773
Bulk 135,0.2859606694950547,0.19393942061255895,0.0641499442508667,0.20144563451880962,0.25450433112271
Bulk 136,0.4996322819913205,0.17527935027491717,0.0,0.08795971111866772,0.23712865661509464
Bulk 137,0.4861384964431007,0.12480401682153382,0.0,0.10848406800669605,0.2805734187286695
Bulk 138,0.5951540048684716,0.009373530724439732,0.0,0.19347206945928414,0.2020003949478044
Bulk 139,0.41920472380459856,0.1240682856081871,0.16914663122920687,0.17424895927645986,0.11333140008154777
Bulk 140,0.44879924864578746,0.16818246981984875,0.0,0.1991362150530427,0.18388206648132108
Bulk 141,0.34032875726413303,0.0758730699048678,0.0,0.42797585332705806,0.155822319503941
Bulk 142,0.7364973525431532,0.0,0.22402616005947293,0.0,0.039476487397373944
Bulk 143,0.4126798427767689,0.14735306458955247,0.0274138949687294,0.18970515949145916,0.22284803817349014
Bulk 144,0.16015587924525274,0.21454004931986353,0.05258630899594581,0.29759316962372245,0.27512459281521556
Bulk 145,0.29211680269509993,0.20432073182658064,0.012619136877156786,0.1895544023696918,0.30138892623147084
Bulk 146,0.06504219726996958,0.20541349685286345,0.16104630061501796,0.3289962704151842,0.2395017348469649
Bulk 147,0.03129875624425475,0.23302446857041056,0.129716468221286,0.3256381692467314,0.28032213771731734
Bulk 148,0.43356040362596715,0.08868314600559275,0.05175272698885387,0.3285383074149088,0.09746541596467752
Bulk 149,0.1528193147611693,0.21651178722913408,0.009393516455531043,0.36257302944101955,0.25870235211314596
Bulk 150,0.09937649116409215,0.21945644461439795,0.10625768506490947,0.31410607577342753,0.2608033033831729
Bulk 151,0.3314512667984266,0.1480500762770165,0.16030615839408163,0.1422900055907764,0.2179024929396989
Bulk 152,0.2645052703354954,0.18948811377096972,0.1590776931947234,0.140308490774079,0.2466204319247325
Bulk 153,0.3772905536930803,0.2026033405413183,0.0,0.19839581939176046,0.22171028637384105
Bulk 154,0.33898386988765794,0.03800587812228642,0.22698357297092564,0.28978940690410165,0.10623727211502833
Bulk 155,0.23048807535666302,0.15126233033957232,0.1320166585122732,0.30122630738141665,0.18500662841007487
Bulk 156,0.33354855031093533,0.10654548769115693,0.16476135336578213,0.30600450526866724,0.0891401033634582
Bulk 157,0.12401677149274369,0.1643011109201475,0.11022486275705336,0.3561784671800012,0.2452787876500543
Bulk 158,0.2804150286380812,0.17395463076455572,0.0,0.3211326176262313,0.22449772297113182
Bulk 159,0.2282709753265805,0.13690364600344962,0.07504312369339383,0.32702383497835485,0.23275841999822122
Bulk 160,0.1860794115392024,0.26870980620210927,0.0620640546370008,0.2077484770848112,0.2753982505368764
Bulk 161,0.24579943703643675,0.1954803117269719,0.23841137203397977,0.21377027475469274,0.10653860444791881
Bulk 162,0.3592743617330673,0.16369096114460166,0.0061807441648346235,0.28705805354463265,0.18379587941286366
Bulk 163,0.36669871959932426,0.06415898063920844,0.0,0.3279345507476801,0.2412077490137871
Bulk 164,0.6408970774126301,0.0,0.0,0.12245971815807415,0.23664320442929568
Bulk 165,0.08750859162175068,0.2177087717403755,0.1747607832836919,0.3569572219817127,0.1630646313724692
Bulk 166,0.6908628585549055,0.06258262069753255,0.0,0.08416054390180638,0.16239397684575566
Bulk 167,0.47719324822595577,0.12176506489377503,0.11930482020231499,0.11835123464560897,0.16338563203234535
Bulk 168,0.11910279688466754,0.10911030336808346,0.1840332518674214,0.5469514096337764,0.04080223824605105
Bulk 169,0.6600553536020172,0.026214905194606848,0.13364041846758495,0.0,0.180089322735791
Bulk 170,0.037513519676476724,0.2415519093862585,0.12290599411069969,0.268797411754115,0.3292311650724501
Bulk 171,0.09975618889449185,0.18340124421366932,0.08838790438901308,0.3742572225699978,0.25419743993282795
Bulk 172,0.2251798912886195,0.06280725087703033,0.04623998928392262,0.44288737450663546,0.22288549404379215
Bulk 173,0.37184125228994575,0.1378147036398605,0.16082588352721933,0.18994606985611845,0.139572090686856
Bulk 174,0.4521777498896739,0.13095364424855083,0.10239729832395053,0.19096084032574365,0.12351046721208099
Bulk 175,0.37700395247420915,0.08758718309022505,0.03133365885880534,0.2983975326057221,0.20567767297103834
Bulk 176,0.1938358584402847,0.2572214876711932,0.10109647772991258,0.18459142412011129,0.26325475203849824
Bulk 177,0.02428125751544442,0.19293506032437932,0.11406454221643779,0.3700927397642687,0.2986264001794697
Bulk 178,0.3813557630510299,0.17442033812232235,0.011644910670044532,0.2043715230917914,0.2282074650648117
Bulk 179,0.2476826953383308,0.1708105159101884,0.1413437139054869,0.20460918792908267,0.23555388691691118
Bulk 180,0.4336856852977523,0.0,0.0,0.4676324310810244,0.09868188362122335
Bulk 181,0.7275171952382085,0.05448900396673668,0.0,0.0,0.21799380079505487
Bulk 182,0.16051092511827966,0.20347257249525605,0.05554325889067726,0.29220566184952546,0.2882675816462616
Bulk 183,0.33897619216142305,0.14336331371982974,0.08921670176199646,0.09735918849232054,0.33108460386443017
Bulk 184,0.2524909305450096,0.09284530026431675,0.012805474076498008,0.37392464377772316,0.2679336513364525
Bulk 185,0.6874397802295604,0.0,0.09846782557365152,0.21409239419678808,0.0
Bulk 186,0.3278661993449861,0.0778908161896955,0.1670549524912349,0.21578238577634348,0.21140564619773994
Bulk 187,0.44011442514118976,0.07260161111586978,0.0,0.21451250754831658,0.27277145619462395
Bulk 188,0.21165658341070778,0.2358068937724723,0.08027832748720824,0.21348878855243195,0.2587694067771798
Bulk 189,0.31343762079928383,0.19900692072270715,0.0,0.22313998160969303,0.2644154768683159
Bulk 190,0.31168795882175465,0.18550265498433338,0.0,0.2888600828567503,0.21394930333716164
Bulk 191,0.3865735445775366,0.1576675637526569,0.0,0.3119732747261401,0.14378561694366637
Bulk 192,0.6320404840926218,0.055992734395826686,0.0,0.1294916928342788,0.18247508867727275
Bulk 193,0.874971574346589,0.0,0.0,0.0,0.12502842565341105
Bulk 194,0.2834094288463294,0.08532537002593268,0.2740507486177854,0.2495810401475469,0.10763341236240546
Bulk 195,0.10140320880381827,0.2900966072345265,0.05899397291340227,0.16957544592134444,0.37993076512690843
Bulk 196,0.4956532097377897,0.14636749600317028,0.011997769386633115,0.0871104695498627,0.2588710553225442
Bulk 197,0.22091989931619913,0.28684360845909285,0.014895775090198965,0.2017284115210835,0.2756123056134256
Bulk 198,0.7536033563088491,0.04927814578848019,0.0,0.19711849790267066,0.0
Bulk 199,0.45578995631198843,0.15664425774575577,0.0,0.0686363807755037,0.3189294051667521
Bulk 200,0.0801506502839531,0.10788870540914014,0.20243854033528283,0.40251286169146705,0.2070092422801569
Bulk 201,0.2600958008451825,0.16985731110049185,0.1075591650553825,0.30098959235886685,0.16149813064007637
Bulk 202,0.4012722132671106,0.14103208956530308,0.0,0.16107636545276519,0.2966193317148211
Bulk 203,0.47204695169832395,0.16047312182026666,0.0,0.1744476453945001,0.19303228108690926
Bulk 204,0.4428942682339276,0.164635663228777,0.0916543037450241,0.1510151783489374,0.1498005864433337
Bulk 205,0.37103530695462916,0.21529345451713874,0.0,0.2049079534341895,0.20876328509404257
Bulk 206,0.3847564673141999,0.05620224518865039,0.2690237516677805,0.2835322357236363,0.006485300105733071
Bulk 207,0.3197301000702715,0.1939546760401148,0.0,0.2673612240704424,0.2189539998191713
Bulk 208,0.0,0.16934602815691355,0.2958328881791469,0.33103512749185954,0.20378595617208
Bulk 209,0.6393877513860505,0.07859391257374115,0.0,0.07098684429783786,0.21103149174237038
Bulk 210,0.43704171693924515,0.13085448350725679,0.0,0.21076598321024947,0.22133781634324867
Bulk 211,0.05318081150850049,0.2773530609919199,0.05186516492942234,0.27500038426782764,0.34260057830232965
Bulk 212,0.30378957912390625,0.24726899416888234,0.009143916524818349,0.12162843309991393,0.3181690770824791
Bulk 213,0.40721876375750116,0.07504630756482444,0.0,0.26604361305304003,0.2516913156246345
Bulk 214,0.5918571132322272,0.0659628992736399,0.07661339149833515,0.002685729503175088,0.2628808664926226
Bulk 215,0.6322988117311735,0.05663041792697019,0.04598539361669029,0.1388432642406945,0.12624211248447154
Bulk 216,0.5528700310534606,0.0,0.0,0.14881390000329336,0.2983160689432462
Bulk 217,0.4716356868170438,0.12033221278953878,0.0,0.06465909137197022,0.3433730090214472
Bulk 218,0.053285853888061986,0.173865373203052,0.1812130569651155,0.37905235534078546,0.21258336060298494
Bulk 219,0.49530023604671936,0.10071591538377224,0.0,0.19951263324810206,0.2044712153214064
Bulk 220,0.23199473246427785,0.2179892501475772,0.0,0.19857963210201313,0.3514363852861319
Bulk 221,0.2806089796703178,0.2581730870354102,0.10694850231458856,0.18412614620069234,0.17014328477899107
Bulk 222,0.323210122954275,0.13012476280088295,0.0857918028335898,0.3350891074095727,0.12578420400167967
Bulk 223,0.22503720371029828,0.22052424156525818,0.12483289874758777,0.2545229474599078,0.1750827085169481
Bulk 224,0.32137860760109066,0.16394712477680257,0.166115249165657,0.19052159529089993,0.1580374231655498
Bulk 225,0.9444215119707293,0.0,0.0,0.0,0.05557848802927073
Bulk 226,0.6099604387749634,0.1504860302937002,0.0,0.02007415118845109,0.2194793797428853
Bulk 227,0.44830908378141404,0.06762049547137705,0.06566510992834018,0.19028170035991512,0.2281236104589535
Bulk 228,0.33455541076455314,0.20178953855581513,0.0,0.25429290279746747,0.20936214788216415
Bulk 229,0.4051997458330541,0.15921988743770038,0.022385740130669723,0.21840533035251722,0.19478929624605854
Bulk 230,0.22510467390705458,0.0,0.12364419167857099,0.6512511344143744,0.0
Bulk 231,0.46209909161545826,0.16749616008373397,0.0,0.0868484552445986,0.2835562930562092
Bulk 232,0.04356262591896643,0.15921174079071743,0.014120488244239983,0.4586414140830496,0.32446373096302644
Bulk 233,0.20303285991589234,0.19151301994604397,0.032180601721472184,0.3419841597591488,0.23128935865744263
Bulk 234,0.2638610268253977,0.1709990107382685,0.08181736592360833,0.12577044603924006,0.3575521504734853
Bulk 235,0.4482179032439741,0.04046229209110393,0.0,0.24283829071444965,0.2684815139504724
Bulk 236,0.10657347628748658,0.18559889116638728,0.08395761263286275,0.4639246343303554,0.15994538558290794
Bulk 237,0.2880363585307687,0.10086277353401724,0.22255974479341883,0.268482287169889,0.12005883597190614
Bulk 238,0.2180831888125472,0.19747122690430152,0.1458506444484697,0.1396045749023581,0.2989903649323235
Bulk 239,0.030901613406595852,0.19848637764648766,0.1093897258534244,0.4051384773224932,0.256083805770999
Bulk 240,0.2328810606174927,0.17026875705295538,0.12215205452434581,0.2996492963703954,0.1750488314348108
Bulk 241,0.060502482802657055,0.25881510414034364,0.0267675156141691,0.3146870078910891,0.3392278895517411
Bulk 242,0.7798223811554736,0.0,0.0,0.032598032784887335,0.18757958605963895
Bulk 243,0.2581605569374114,0.20629542342388463,0.10854479288935583,0.0998065945557343,0.32719263219361383
Bulk 244,0.3907194930165833,0.17950002264391424,0.0878725684832276,0.033332470133519435,0.3085754457227554
Bulk 245,0.6510397315788606,0.027936582782991326,0.11034003636274833,0.04456230728901072,0.16612134198638911
Bulk 246,0.1497155550594273,0.2742616443148414,0.1764390587689006,0.1714771096371147,0.2281066322197159
Bulk 247,0.5119670883723266,0.15315129067362096,0.0,0.056423477787662005,0.27845814316639034
Bulk 248,0.32451714749958893,0.19211559525728045,0.036916258554370696,0.15745708245955237,0.28899391622920756
Bulk 249,0.9450443069732101,0.0,0.0,0.0,0.054955693026789924
Bulk 250,0.573583841301309,0.10012180178464743,0.15705106384678394,0.10261119638137596,0.06663209668588367
Bulk 251,0.21617260617180453,0.15864779489599568,0.0,0.3458322742537674,0.2793473246784323
Bulk 252,0.37163116596524803,0.12307679265694328,0.0,0.2685221434041485,0.2367698979736603
Bulk 253,0.15679099505495314,0.2931647444597028,0.0,0.22452728621579016,0.32551697426955395
Bulk 254,0.43444918849044,0.2223476061555884,0.0,0.07583617631964579,0.2673670290343259
Bulk 255,0.19223002367270262,0.17004196242013428,0.19963709675056507,0.21194392594682032,0.22614699120977758
Bulk 256,0.2409656211604758,0.20132462730899572,0.03422705615744231,0.274634133672327,0.24884856170075925
Bulk 257,0.3691931832072206,0.22343821414891432,0.05043572601636591,0.2799881648986052,0.07694471172889392
Bulk 258,0.2514509630025404,0.15913450655330275,0.017224806017196337,0.29414517509877497,0.2780445493281855
Bulk 259,0.6041889869919367,0.04336772657896064,0.0,0.10046132839423634,0.2519819580348663
Bulk 260,0.15680153535727276,0.11553102834948378,0.03934959592394298,0.4677809889448088,0.22053685142449156
Bulk 261,0.09684753077955638,0.34096807825065534,0.0,0.26030241118280567,0.3018819797869826
Bulk 262,0.21202477477993395,0.2403132357814937,0.09789293847755227,0.2216382460129805,0.2281308049480396
Bulk 263,0.6425142031749418,0.04578945920081459,0.00882269581754368,0.0,0.30287364180669996
Bulk 264,0.10698982423582677,0.25086358370378997,0.029695070984911507,0.2654763020207631,0.34697521905470874
Bulk 265,0.15531813355650215,0.2325254683929167,0.1089283098913518,0.25089350313663317,0.2523345850225962
Bulk 266,0.2798011688986203,0.16930108020717882,0.1612248569486022,0.15561514029334642,0.23405775365225226
Bulk 267,0.23290474711451406,0.18947785331622644,0.023563938222852215,0.3200392467311253,0.23401421461528177
Bulk 268,0.24951577972430294,0.15834633922373126,0.16761627821379316,0.19811513606029324,0.2264064667778794
Bulk 269,0.6677812654586198,0.018712313968081,0.06357552242616239,0.14054804362411955,0.10938285452301726
Bulk 270,0.6667972014231257,0.02159480125174768,0.0,0.0,0.3116079973251266
Bulk 271,0.04250287466874506,0.23737094339501566,0.10020425504040335,0.38911206478278143,0.23080986211305454
Bulk 272,0.3111095394335145,0.25071957953337237,0.07845937221383996,0.09386160714577876,0.2658499016734945
Bulk 273,0.4123567429645537,0.19150695553303163,0.0,0.29045678426141125,0.1056795172410034
Bulk 274,0.407916230960298,0.1696996241361414,0.1297948691957016,0.07430981475748358,0.2182794609503753
Bulk 275,0.006092559345937548,0.25566423313012876,0.08937675566268434,0.32069925319726333,0.32816719866398614
Bulk 276,0.2970799771708893,0.14958637467374156,0.0,0.26805506667565066,0.28527858147971846
Bulk 277,0.7620972620035469,0.07391489553981792,0.0,0.0,0.16398784245663517
Bulk 278,0.11814486531555851,0.25456367199554636,0.06045628317559919,0.2475587017525908,0.3192764777607051
Bulk 279,0.3232052457555754,0.1781417973030643,0.0,0.29934654012455575,0.19930641681680447
Bulk 280,0.7219061209651737,0.034115257226859375,0.1329894299610819,0.0,0.11098919184688502
Bulk 281,0.7738875445311731,0.03953963181322259,0.0,0.0,0.18657282365560432
Bulk 282,0.5025299877715422,0.0700193391440436,0.0,0.2509403503331674,0.17651032275124673
Bulk 283,0.41743387036173113,0.24999316083260117,0.03129593280215795,0.0,0.30127703600350964
Bulk 284,0.7600387461641681,0.0,0.010817303715975703,0.0,0.22914395011985628
Bulk 285,0.10488701325461998,0.3173580433242357,0.09068032744846162,0.08421975874617042,0.4028548572265124
Bulk 286,0.08870851262245764,0.1851912930253549,0.20602913113666688,0.30498540064284124,0.2150856625726793
Bulk 287,0.22945987610089202,0.0,0.13761990930109233,0.5131925743886218,0.11972764020939385
Bulk 288,0.43260673433887004,0.1495417707520873,0.0,0.16402473899358758,0.2538267559154551
Bulk 289,0.7020688218063139,0.09596216298598026,0.0,0.0,0.20196901520770588
Bulk 290,0.18260851506241418,0.16875439830875866,0.037192883994204,0.3072910982072668,0.3041531044273565
Bulk 291,0.5051109939441691,0.17362403956996694,0.0,0.0,0.3212649664858639
Bulk 292,0.1866083840323248,0.24933773105291737,0.17769327898974868,0.1707460131030343,0.21561459282197484
Bulk 293,0.14698515760618716,0.2134190768960468,0.03342595930494375,0.2763507084974731,0.32981909769534923
Bulk 294,0.17529004409662613,0.23131477046146715,0.24892123167535807,0.09671367869473355,0.24776027507181508
Bulk 295,0.4408370261105739,0.15267349921052378,0.15896979756082572,0.05475369528985396,0.19276598182822263
Bulk 296,0.20545942370943565,0.2057227766931669,0.2920518995847903,0.13634554386650286,0.16042035614610423
Bulk 297,0.7848735075124488,0.0,0.0,0.0,0.21512649248755122
Bulk 298,0.19251348365419105,0.22285169582009903,0.0,0.1813322081959068,0.40330261232980313
Bulk 299,0.7510622727668561,0.04126496528742551,0.0,0.0,0.2076727619457184
Bulk 300,0.10844504394235188,0.21719386774210414,0.0875280348573224,0.3758602992129433,0.21097275424527837
Bulk 301,0.2717479409444913,0.13238397916887099,0.024915853941489752,0.3936585288760597,0.17729369706908837
Bulk 302,0.6129043694593718,0.08569267888751694,0.10857155544548901,0.19283139620762219,0.0
Bulk 303,0.24218356960391443,0.23303839657426612,0.03861937108077049,0.18936136841641063,0.29679729432463836
Bulk 304,0.3052996686328867,0.35040077225998895,0.03253972443539728,0.0,0.3117598346717272
Bulk 305,0.44613168063528197,0.11242879222636955,0.08757087529319396,0.08466203340091824,0.26920661844423627
Bulk 306,0.5246684009040841,0.11992244328370762,0.0,0.0,0.3554091558122084
Bulk 307,0.15675215544426782,0.15733298894746944,0.27923387515012005,0.27500058686895534,0.13168039358918726
Bulk 308,0.49556992724777116,0.16959602635895474,0.0,0.027630904922639643,0.3072031414706346
Bulk 309,0.27711492684617356,0.19504618909777624,0.0,0.14935732513317834,0.3784815589228719
Bulk 310,0.22769315469937465,0.2485234162243788,0.12477137768778072,0.1794108059401589,0.2196012454483068
Bulk 311,0.034293816051759025,0.33436780598410465,0.13263277029060688,0.1924392954219724,0.306266312251557
Bulk 312,0.46527212818985475,0.07636467612117208,0.15678528700281322,0.0574353486596555,0.24414256002650445
Bulk 313,0.17918342572980514,0.23358759713430444,0.011388165498058333,0.2895466128262481,0.286294198811584
Bulk 314,0.7980279290615473,0.022708702733454676,0.0,0.05199967853009277,0.1272636896749052
Bulk 315,0.24607371466379363,0.10023009148809638,0.22761232464866132,0.23580664072578,0.19027722847366854
Bulk 316,0.26939237213596523,0.1609306730709743,0.0,0.27413577096464065,0.29554118382841976
Bulk 317,0.3462323503091714,0.18640077332109437,0.0,0.19992010405238636,0.2674467723173478
Bulk 318,0.3320175728982361,0.19886334463988173,0.025240108936316386,0.21219939504512983,0.2316795784804361
Bulk 319,0.2563781107905136,0.18255995264225475,0.13267131440152743,0.24387932016726052,0.18451130199844362
Bulk 320,0.4178983574898308,0.20495272426253938,0.0,0.08960038388654498,0.2875485343610849
Bulk 321,0.3054107200505579,0.26262052979202616,0.051384368570871995,0.07101643397854865,0.3095679476079954
Bulk 322,0.30990775456582387,0.17861097495353018,0.0,0.30696723703473483,0.20451403344591107
Bulk 323,0.39813141257458085,0.17462354373247188,0.019697558677727756,0.16733110974461807,0.24021637527060147
Bulk 324,0.2755790505756317,0.17014520128568478,0.3703336374655373,0.00754825105924031,0.1763938596139057
Bulk 325,0.18929392425119645,0.1633980135066163,0.29894429482842927,0.09419982676054972,0.25416394065320824
Bulk 326,0.0,0.20444029179528142,0.39113202854629125,0.1967038713239752,0.20772380833445214
Bulk 327,0.4189752420464932,0.18021979426033125,0.0,0.03713883292169925,0.36366613077147636
Bulk 328,0.24602123308377158,0.19149612962314844,0.0,0.19308964429823486,0.36939299299484507
Bulk 329,0.4874153047110367,0.22982447997215213,0.0,0.11215384160688546,0.1706063737099255
Bulk 330,0.385037126035575,0.31367370265759154,0.024792432494933358,0.0,0.2764967388119001
Bulk 331,0.4493325910446448,0.1210214356353339,0.05890116290947195,0.23431424954011276,0.13643056087043656
Bulk 332,0.363200483234722,0.2016660953861836,0.0,0.11475770936869407,0.32037571201040044
Bulk 333,0.7169362569562268,0.08167355850545481,0.0,0.0637804057362796,0.13760977880203873
Bulk 334,0.050422039258220724,0.0,0.0739969812271357,0.8755809795146436,0.0
Bulk 335,0.4541962415954812,0.10736570539830201,0.02742803784061298,0.09228745058119997,0.31872256458440384
Bulk 336,0.6727218085664101,0.06705398511161774,0.0,0.0,0.26022420632197213
Bulk 337,0.1256827959480325,0.16604592404830132,0.10132090969401862,0.44718574477107836,0.15976462553856927
Bulk 338,0.1815941128982584,0.16963513042195652,0.06681951822021077,0.38584302562073447,0.19610821283883975
Bulk 339,0.8059438644486903,0.022984407056053934,0.0,0.0,0.17107172849525584
Bulk 340,0.13810212027990254,0.1712584203601389,0.1407292779290694,0.3114728515241278,0.2384373299067614
Bulk 341,0.26303841995076477,0.1989445757281766,0.17154347793070485,0.14834602504436603,0.21812750134598774
Bulk 342,0.11737506998565359,0.1882469990910032,0.0,0.45274336232309875,0.24163456860024435
Bulk 343,0.4704584011822471,0.09402537691644752,0.0,0.19412651790963173,0.24138970399167373
Bulk 344,0.604073732660276,0.09358719281678292,0.0,0.0,0.30233907452294106
Bulk 345,0.7866114469705736,0.0,0.0,0.0,0.21338855302942628
Bulk 346,0.3698191560998595,0.10609848092698383,0.0,0.2561693677867721,0.2679129951863846
Bulk 347,0.270369871926727,0.1705955584487711,0.1385779831104738,0.11850574186114875,0.30195084465287936
Bulk 348,0.44697802859418023,0.1512294571878948,0.0,0.09782609704556458,0.30396641717236045
Bulk 349,0.29654510749049967,0.1693066832169122,0.11771482880177814,0.23787351121063072,0.1785598692801791
Bulk 350,0.3238199552178024,0.2656937061669079,0.012657628893798975,0.01691809366300589,0.38091061605848486
Bulk 351,0.8296154635492611,0.008838072772876862,0.0,0.16154646367786216,0.0
Bulk 352,0.2868860173994782,0.07217838288845072,0.12775387026098167,0.48081701815446776,0.03236471129662164
Bulk 353,0.5638774523743434,0.14482620969182056,0.0,0.015927023345731366,0.2753693145881046
Bulk 354,0.6894814954097165,0.09561064085556552,0.021074776440781845,0.0,0.19383308729393622
Bulk 355,0.3249955471381281,0.06693262462534204,0.09647455140372846,0.2973941625215287,0.2142031143112726
Bulk 356,0.5962296997221733,0.10009625207788302,0.0,0.044512696096431444,0.2591613521035121
Bulk 357,0.37722544418466336,0.1322596770197446,0.2244305726757464,0.06299316253400611,0.20309114358583952
Bulk 358,0.5366910440573214,0.14175089465030707,0.0,0.07302016602496846,0.2485378952674032
Bulk 359,0.11387608920098984,0.26660974234384827,0.036327156307025446,0.19133484270496826,0.3918521694431683
Bulk 360,0.41262410042586023,0.2656528141097722,0.0,0.0,0.3217230854643677
Bulk 361,0.5352979385884044,0.10555827820699175,0.13457169669423022,0.01096770903534762,0.21360437747502609
Bulk 362,0.12895899226686194,0.13964492922407373,0.12602538727825663,0.4579987662467686,0.14737192498403898
Bulk 363,0.09699803168438234,0.2295920560618042,0.0986429751902149,0.28317384639827187,0.2915930906653267
Bulk 364,0.28932357206841847,0.1549445196442669,0.003001882998628743,0.2869148506292861,0.26581517465939986
Bulk 365,0.31078771767371943,0.1551873767363727,0.0,0.14963149915833415,0.38439340643157377
Bulk 366,0.16665216754575068,0.13883141679932548,0.16706714227471592,0.31134589539187224,0.2161033779883357
Bulk 367,0.1788912392514268,0.15932504830637542,0.23966135546746606,0.34274146578689413,0.07938089118783753
Bulk 368,0.06398167031110015,0.28593850379684516,0.0,0.2547941876761741,0.3952856382158806
Bulk 369,0.3863303867248501,0.18652177928356375,0.0,0.16340326480141473,0.26374456919017125
Bulk 370,0.5352029426138949,0.10887717087576244,0.10480702278575366,0.13321393987123492,0.11789892385335408
Bulk 371,0.10225167489233779,0.16062342424612533,0.2580867583837995,0.17696857692178888,0.30206956555594855
Bulk 372,0.24660020011834113,0.21990404127935337,0.050263121885363186,0.3005146698352111,0.1827179668817311
Bulk 373,0.44228112225301686,0.042881909406998785,0.024055538775817793,0.28156545629096685,0.20921597327319963
Bulk 374,0.5548125053549867,0.13190542665183105,0.0,0.17895366897256587,0.13432839902061633
Bulk 375,0.16622926177852396,0.19650024474758332,0.042097966855129794,0.34530843552009444,0.24986409109866844
Bulk 376,0.8351797891553918,0.013564920357986022,0.0,0.06157235567514453,0.08968293481147777
Bulk 377,0.3561301391927385,0.2522427090833261,0.07516482553518423,0.09025320537233385,0.22620912081641736
Bulk 378,0.17986012156091047,0.27602671475951845,0.0638403164659428,0.13557976423856852,0.34469308297505974
Bulk 379,0.3394325177521957,0.08411641213435267,0.05455992141916587,0.24687036746016253,0.27502078123412327
Bulk 380,0.428514554456118,0.15424928032202107,0.0,0.28958477021721307,0.1276513950046478
Bulk 381,0.5064002168623966,0.14635474137934437,0.0,0.21890428772047818,0.12834075403778084
Bulk 382,0.24076659746879223,0.20331321958745766,0.13239854001121573,0.26618077746340346,0.15734086546913092
Bulk 383,0.2461469647262971,0.24629300064125165,0.02499584415642923,0.2509232295274668,0.23164096094855516
Bulk 384,0.0014178277811804263,0.19726443188573087,0.07704074088475714,0.3011779683081888,0.4230990311401428
Bulk 385,0.2782372372590282,0.06342584111992328,0.060687735889332996,0.42479129997539694,0.1728578857563186
Bulk 386,0.1823399364003193,0.20746476129434788,0.17187153800750118,0.17544453995948942,0.26287922433834204
Bulk 387,0.2747744490351049,0.23470881838367177,0.0,0.11248183278714277,0.3780348997940805
Bulk 388,0.31824192756229286,0.2156540749037086,0.0,0.0945409476529762,0.3715630498810224
Bulk 389,0.20348757707339532,0.30278959186866783,0.0,0.11135109166023573,0.3823717393977011
Bulk 390,0.16910581723157142,0.19701747250337384,0.20587206850653325,0.22180997810893197,0.20619466364958955
Bulk 391,0.28137970503341797,0.16257104274728043,0.0,0.30671003593263896,0.24933921628666258
Bulk 392,0.20119695076341915,0.164063412476891,0.06818330524752089,0.3342668292454521,0.23228950226671674
Bulk 393,0.25303806443601756,0.14562555516435113,0.0,0.27982063740092344,0.32151574299870783
Bulk 394,0.24981639407088904,0.1549133657277452,0.09176686399364879,0.2918244341211529,0.21167894208656401
Bulk 395,0.36113337646171206,0.16918442670618836,0.0832614211434239,0.14218489526988365,0.24423588041879207
Bulk 396,0.5408682625380676,0.07823596677319944,0.0,0.10050028603239113,0.2803954846563418
Bulk 397,0.6232128360717738,0.12344982469509179,0.0,0.0,0.2533373392331344
Bulk 398,0.6159779410182079,0.08059449552406134,0.15025199223293878,0.002205168727982263,0.15097040249680982
Bulk 399,0.8463051753608795,0.0,0.0,0.0,0.1536948246391205
Bulk 400,0.677970567458492,0.04104773004260799,0.0,0.03293345594421071,0.24804824655468924
Bulk 401,0.24252753717958003,0.20244314176006642,0.23676850166021665,0.22673329011177756,0.09152752928835933
Bulk 402,0.46633532173814596,0.21723403838627642,0.0,0.027441271974310084,0.28898936790126767
Bulk 403,0.2799896540358482,0.1259926226714705,0.25650676765542063,0.11585160921483037,0.2216593464224304
Bulk 404,0.5121063316114546,0.10278397083826493,0.0,0.13393351464665704,0.2511761829036234
Bulk 405,0.27307257233922144,0.19937000930883056,0.0035044131344431355,0.3569828766267666,0.1670701285907383
Bulk 406,0.5054669643594534,0.10570731814296264,0.0,0.1348229952569798,0.2540027222406042
