,Ast,End,Mic,Neu,Oli
Bulk 0,0.14210591079452511,0.2426597871791878,0.09657359145970498,0.25126201312459395,0.2673986974419883
Bulk 1,0.15643682663063538,0.25606141225954077,0.16006254139055698,0.25792576926246813,0.16951345045679875
Bulk 2,0.04813445670478474,0.2312979664627444,0.05871184459680135,0.37682417655826667,0.28503155567740285
Bulk 3,0.08327264259022488,0.23960085304364886,0.12802789131595435,0.30923252258115935,0.23986609046901256
Bulk 4,0.3114851457572311,0.20802842888474213,0.034986744295575405,0.22157670766065773,0.2239229734017936
Bulk 5,0.1655170040538268,0.1036798654715633,0.034941893121876476,0.4943019521870927,0.20155928516564073
Bulk 6,0.4727858881300555,0.1205930559167005,0.0881660978408049,0.06092444328819387,0.25753051482424527
Bulk 7,0.3731184800097832,0.11915631797350767,0.09336619673019662,0.22775382153783483,0.1866051837486777
Bulk 8,0.37910905263607786,0.0,0.15450420348004706,0.4663867438838752,0.0
Bulk 9,0.43694958145797713,0.20654781689468735,0.0,0.13314707332106546,0.22335552832627
Bulk 10,0.0,0.21189342425751792,0.08025318385620607,0.40592599269709434,0.30192739918918177
Bulk 11,0.17372218828784786,0.20009581653286918,0.00550919165010574,0.35213310161420713,0.26853970191497006
Bulk 12,0.3472583668661933,0.18613249191583148,0.0,0.13046112043818173,0.3361480207797934
Bulk 13,0.08944334710830804,0.23442990466820357,0.02724802973350099,0.3164790572673347,0.3323996612226527
Bulk 14,0.2846456762055678,0.12440442826271085,0.2524988622426987,0.18960926939723727,0.14884176389178544
Bulk 15,0.5716523942734054,0.11364316578486612,0.0,0.19823018180759766,0.11647425813413095
Bulk 16,0.28215355055149466,0.15913916278504955,0.005049043271245671,0.27651739636291256,0.27714084702929753
Bulk 17,0.37759772177775325,0.10250067930449432,0.2271903452830962,0.13612992425990533,0.15658132937475092
Bulk 18,0.16876954929440768,0.14435483614037245,0.13750133189796496,0.30487576765614616,0.24449851501110875
Bulk 19,0.07898787637181774,0.22254241170633368,0.09684038970454034,0.30753887229714194,0.29409044992016653
Bulk 20,0.0,0.20095352308404293,0.11587089040391588,0.42442009923979795,0.2587554872722432
Bulk 21,0.2495038176677206,0.1373769902829584,0.005665754010947646,0.3342484208094308,0.2732050172289426
Bulk 22,0.0,0.24606562139820837,0.07803302647343598,0.41237047019024015,0.26353088193811547
Bulk 23,0.1221898185704338,0.06775594532341617,0.08937078573330125,0.48637240200366505,0.23431104836918376
Bulk 24,0.3352030580620948,0.08447128120626843,0.19644934684683357,0.2300994454525716,0.15377686843223146
Bulk 25,0.028198997811716156,0.2826323297104387,0.0,0.3195226672892812,0.369646005188564
Bulk 26,0.24896995224801144,0.20679846071786898,0.004918362305561304,0.1984666322928458,0.3408465924357124
Bulk 27,0.16973792617209876,0.1804024104065359,0.20925584845160955,0.3966100013843859,0.043993813585369905
Bulk 28,0.18447192399185194,0.1101352727416602,0.11449077412379556,0.3405763265625808,0.2503257025801115
Bulk 29,0.36699802111613083,0.16137535880363849,0.0,0.21756043885137094,0.2540661812288597
Bulk 30,0.7268263300804024,0.0,0.0,0.2731736699195976,0.0
Bulk 31,0.5002964563546812,0.09459117240732531,0.0,0.18904267161171626,0.2160696996262771
Bulk 32,0.15893468237563402,0.19869077331072207,0.10394087255991569,0.3157580796615363,0.22267559209219195
Bulk 33,0.024834222855768653,0.27042415320879615,0.10102264586864844,0.33381112720835215,0.2699078508584346
Bulk 34,0.48111568550330946,0.10316910708263305,0.0,0.4157152074140575,0.0
Bulk 35,0.40237596214941684,0.17069641007210856,0.06100636832589057,0.16426854282357095,0.20165271662901313
Bulk 36,0.37681272041926756,0.1813785184168997,0.0,0.15498421345814628,0.28682454770568644
Bulk 37,0.6604429837830478,0.024619091483918134,0.0,0.1961164736364756,0.11882145109655842
Bulk 38,0.4993798991639443,0.02099477285297312,0.018548767894755316,0.35097454376947124,0.11010201631885616
Bulk 39,0.38933118214765317,0.0,0.14719381280915167,0.46347500504319517,0.0
Bulk 40,0.07240281237609573,0.24921424973806436,0.0,0.3765087076028574,0.3018742302829825
Bulk 41,0.7075209107481066,0.06384243366999318,0.0,0.02255629768079331,0.2060803579011068
Bulk 42,0.39905187388649405,0.1423546011102867,0.0984492094352146,0.23575460144046567,0.12438971412753905
Bulk 43,0.11435757151007976,0.22996598864857593,0.1096983655925982,0.2634847075504467,0.2824933666982994
Bulk 44,0.08303149690251886,0.16320234383613924,0.1779499616241117,0.2637111704606189,0.3121050271766112
Bulk 45,0.8720156974740618,0.0,0.0,0.12798430252593812,0.0
Bulk 46,0.10958168401088361,0.14310846574225433,0.30171074123530034,0.2804577717123742,0.16514133729918756
Bulk 47,0.3853465387132672,0.22820313231749983,0.0,0.03879006530026093,0.34766026366897196
Bulk 48,0.6423464156551064,0.09654358692891794,0.0,0.054040549295661995,0.20706944812031378
Bulk 49,0.07692317743996531,0.24077007988027738,0.10100945680805236,0.3232400137991875,0.25805727207251744
Bulk 50,0.4620511719030863,0.031384819837979916,0.00034586294662900734,0.34229249829257435,0.16392564701973036
Bulk 51,0.8448799423748687,0.0,0.0,0.1248349626419422,0.03028509498318908
Bulk 52,0.1878153822898083,0.2541911018621202,0.0,0.3054572871187724,0.2525362287292991
Bulk 53,0.06476894893234722,0.1876612101499993,0.15296347824777642,0.398505824376537,0.19610053829333995
Bulk 54,0.35652943925128755,0.1690259000457089,0.003399685458371932,0.23469795042910796,0.2363470248155236
Bulk 55,0.21459493301189989,0.1716745143609821,0.05687839840030049,0.33559912407541564,0.22125303015140177
Bulk 56,0.31272101312698164,0.09938603411758128,0.16898072486900437,0.19370394810951613,0.22520827977691668
Bulk 57,0.32564206308676974,0.14541371953762186,0.1546028048579414,0.19582912627503524,0.1785122862426317
Bulk 58,0.6210555148803218,0.06921040386723061,0.0,0.07425002939224352,0.23548405186020396
Bulk 59,0.7160184459125052,0.0,0.0,0.28398155408749476,0.0
Bulk 60,0.0846025762617062,0.0914328131547747,0.2665401681124894,0.4527623458176466,0.10466209665338315
Bulk 61,0.159995559115267,0.14369591410161156,0.0934976476002102,0.32493335062340495,0.2778775285595062
Bulk 62,0.2471892688866336,0.1694299270808826,0.07537853842487818,0.20985710597187476,0.29814515963573096
Bulk 63,0.5936172689678753,0.007539140479705098,0.0501929184441277,0.2483615744877215,0.1002890976205705
Bulk 64,0.017160767175880005,0.19926146700062763,0.14573183286634495,0.40354714791249513,0.2342987850446522
Bulk 65,0.32905980297873993,0.1501495484577931,0.015393286192192797,0.2460769689329908,0.2593203934382834
Bulk 66,0.370663682920713,0.05893924745530305,0.14020669601644428,0.2807311177895575,0.1494592558179821
Bulk 67,0.3952374697464494,0.04969838145017871,0.011451406325777645,0.26619445104604883,0.2774182914315454
Bulk 68,0.15498720347546507,0.23094686307443169,0.008781445344213774,0.3504513712763606,0.25483311682952886
Bulk 69,0.12122005366363574,0.21726439823822266,0.06935196140584787,0.2815158762831365,0.31064771040915723
Bulk 70,0.058555167470478155,0.14786990423878857,0.07791503733788285,0.48145502303155907,0.23420486792129142
Bulk 71,0.1972247994338728,0.14319886137966276,0.15297848515532808,0.3408867250528042,0.16571112897833198
Bulk 72,0.17521347100305731,0.1766400679411763,0.12155539712548008,0.30609947188897146,0.22049159204131497
Bulk 73,0.19892454030482182,0.14491514016664817,0.021524553581316917,0.4363035624710377,0.19833220347617533
Bulk 74,0.32587164994555395,0.08867749506623208,0.09567316153359795,0.38161839194171315,0.10815930151290298
Bulk 75,0.385596903849042,0.2449539974203276,0.0,0.1176752765613252,0.2517738221693053
Bulk 76,0.08642948539753244,0.12015681059270891,0.0,0.5512768313064003,0.2421368727033585
Bulk 77,0.8804018023911494,0.0,0.0,0.09983193673902818,0.019766260869822465
Bulk 78,0.41055865265184566,0.04594672503221035,0.019197914980041943,0.28070851560144966,0.2435881917344525
Bulk 79,0.6242543143359377,0.0,0.0045798051356853225,0.3711658805283771,0.0
Bulk 80,0.3319743265978652,0.19980708253726157,0.0,0.1252337012992239,0.3429848895656494
Bulk 81,0.6603281081992292,0.03988404253308276,0.0,0.0855567269889578,0.21423112227873023
Bulk 82,0.6861175426320353,0.06524883002167745,0.048621250354677216,0.0,0.20001237699160998
Bulk 83,0.3012735679727459,0.0,0.2008591658854397,0.4315636056481623,0.06630366049365212
Bulk 84,0.0,0.29217502520554883,0.022895131694555256,0.33061927669200386,0.35431056640789216
Bulk 85,0.09453995639340743,0.18840376908808573,0.07090930760249915,0.41222768884364674,0.23391927807236093
Bulk 86,0.1118337715744903,0.1666302381851571,0.052295944699641474,0.4406320233198414,0.22860802222086984
Bulk 87,0.5365099305831289,0.0745489214757146,0.0,0.24381766083983317,0.1451234871013234
Bulk 88,0.13894858195358709,0.20265549638394578,0.07518406583669085,0.377855023719209,0.20535683210656733
Bulk 89,0.23272500343869745,0.16682658377419474,0.0,0.3753535294419675,0.2250948833451403
Bulk 90,0.10774484806382546,0.10495902539867484,0.17453352768937025,0.4469617577239118,0.16580084112421778
Bulk 91,0.3073827621403723,0.15419491401499172,0.07708517712788086,0.2606835137681093,0.20065363294864594
Bulk 92,0.27609054694882357,0.23171170171418748,0.04126649777599493,0.2419963984664256,0.20893485509456838
Bulk 93,0.07847977182178989,0.24667102202520094,0.12216355084454512,0.32795053991589646,0.2247351153925676
Bulk 94,0.18944721412927967,0.21377015593603124,0.06252751790893514,0.32849194239559526,0.20576316963015884
Bulk 95,0.23528248523112394,0.26386082768091557,0.046583043115726606,0.2066452211550559,0.24762842281717812
Bulk 96,0.4979666163375189,0.12180100915584124,0.11735636154382581,0.056234552484973985,0.20664146047784018
Bulk 97,0.729599685406167,0.0,0.0,0.044247824239889745,0.2261524903539432
Bulk 98,0.5323339081830992,0.0,0.07204834722720686,0.3179850966963238,0.07763264789337024
Bulk 99,0.2800885817600065,0.09825891257605425,0.09825300727314645,0.34353092139538133,0.17986857699541142
Bulk 100,0.20438467841792804,0.06974194455421796,0.046626660920069625,0.4458842261456388,0.23336248996214545
Bulk 101,0.4055874338329867,0.14887668680476196,0.026956131707964466,0.14891351403685416,0.26966623361743264
Bulk 102,0.17941429487562566,0.12677958670111483,0.10024831936945554,0.39054060558983417,0.20301719346396993
Bulk 103,0.1843606280114134,0.13450581257497812,0.006838694900937302,0.4724145949279477,0.20188026958472352
Bulk 104,0.17545839010675696,0.22922359131778947,0.0005122742650975025,0.30159390485248594,0.29321183945787005
Bulk 105,0.4452346040656882,0.17895222244119532,0.0,0.13429351529969663,0.24151965819341992
Bulk 106,0.36268900559600536,0.16196276481894906,0.0,0.13446036196942562,0.3408878676156202
Bulk 107,0.42185044943640587,0.10766984681809232,0.0,0.17720235942930276,0.29327734431619906
Bulk 108,0.5129593325969758,0.0326790688501716,0.1760470132945676,0.21134717185301324,0.0669674134052716
Bulk 109,0.18057563499453597,0.24898065213711248,0.0,0.26733856701858383,0.3031051458497678
Bulk 110,0.8588659437760043,0.0,0.03184055765955236,0.0,0.10929349856444324
Bulk 111,0.6383540386194196,0.1331700045333899,0.018324620013736942,0.01661388863690472,0.19353744819654872
Bulk 112,0.23712804200229215,0.19520487928918767,0.06898033248485351,0.23752937613468048,0.2611573700889861
Bulk 113,0.28932310008765266,0.20591471131032651,0.0,0.25550048063694514,0.24926170796507563
Bulk 114,0.2915471315655397,0.2119499588331081,0.0,0.2024487020384421,0.2940542075629102
Bulk 115,0.6510310605842554,0.03392470284366834,0.07160702002031871,0.11170979829151091,0.1317274182602465
Bulk 116,0.5857320500439587,0.059775218343284746,0.0,0.28691393665924786,0.06757879495350878
Bulk 117,0.28713469188968577,0.13079456495267505,0.04771444198613391,0.41925513886036947,0.11510116231113587
Bulk 118,0.49877819522908695,0.037848420910033216,0.0,0.299929879741797,0.16344350411908276
Bulk 119,0.5242053216769634,0.0656954294826797,0.0,0.2701021776742251,0.1399970711661319
Bulk 120,0.32518235450747207,0.2264355155482904,0.0,0.2142876799906779,0.23409444995355957
Bulk 121,0.20730099888352757,0.24585844231924045,0.007710822634879455,0.18339632092982805,0.35573341523252444
Bulk 122,0.6637761280414651,0.10560660950687427,0.0,0.02510949367318825,0.20550776877847243
Bulk 123,0.47045889183026507,0.058904422707364075,0.0,0.2651264888284624,0.20551019663390832
Bulk 124,0.34913243413729306,0.17642519601359247,0.04149844356816614,0.22479634288413122,0.2081475833968172
Bulk 125,0.7654485606261454,0.0,0.0,0.04751095695671856,0.18704048241713597
Bulk 126,0.0022838300532464217,0.20544052877512856,0.17225629889289285,0.42550227362669824,0.194517068652034
Bulk 127,0.14101747211214713,0.20420089833223992,0.029287193591630418,0.37864217374492726,0.2468522622190553
Bulk 128,0.2984214725555389,0.15951028437578524,0.06864920927974284,0.2192614821545331,0.2541575516343999
Bulk 129,0.8017653748455676,0.011865073823767083,0.0,0.01776539887614314,0.1686041524545221
Bulk 130,0.3380995083855787,0.07029034001779316,0.2713053479071572,0.20965849795840366,0.1106463057310672
Bulk 131,0.6488919859736806,0.0,0.0,0.2707594903643697,0.08034852366194972
Bulk 132,0.8470055859362167,0.0,0.02260570378815594,0.0,0.13038871027562746
Bulk 133,0.36089561194377207,0.08512040193329004,0.27380993747470767,0.15936697279943346,0.12080707584879691
Bulk 134,0.39179795766779124,0.054823646660493594,0.23004025315360604,0.12834410915036604,0.19499403336774315
Bulk 135,0.23360929877086534,0.0846509330567103,0.14412834808329672,0.37135946227676536,0.1662519578123621
Bulk 136,0.17586786950536681,0.1424270923861728,0.2182764276143229,0.2807808447848152,0.18264776570932229
Bulk 137,0.4322803105282943,0.032643303488048316,0.08263506400754748,0.28476430252708146,0.16767701944902844
Bulk 138,0.22348926147129752,0.012261961297215695,0.20861510508087355,0.41863237641558165,0.1370012957350316
Bulk 139,0.5752713507806974,0.13137394804833316,0.0,0.20788510590694712,0.08546959526402237
Bulk 140,0.3830384367859522,0.13474411943206788,0.0,0.19317394485635966,0.28904349892562026
Bulk 141,0.0891232843263628,0.25314087241669064,0.15799920782503196,0.2543153106023744,0.24542132482954016
Bulk 142,0.40325011246198794,0.08076629316215386,0.2879685637349079,0.02418730328283377,0.20382772735811644
Bulk 143,0.3088684404477221,0.13484634567356918,0.10412977947827085,0.27516017050798036,0.17699526389245737
Bulk 144,0.30452551450530696,0.07610024176420406,0.294487583165869,0.21466122264479373,0.11022543791982628
Bulk 145,0.2478126167326616,0.2023899806164691,0.1357207555547645,0.26768888716580674,0.146387759930298
Bulk 146,0.06582705384098293,0.189120286481102,0.1155599267956612,0.42803225374716686,0.2014604791350871
Bulk 147,0.09306939104998604,0.22619013379456454,0.13182040225597977,0.32612123028329226,0.22279884261617736
Bulk 148,0.5730052355484988,0.0,0.14829347955655026,0.21342726506414772,0.06527401983080325
Bulk 149,0.078666688606626,0.15796888875915158,0.0,0.4536469077499302,0.3097175148842923
Bulk 150,0.11474164544386406,0.12405649216203456,0.10101580260103908,0.48051495990775034,0.1796710998853121
Bulk 151,0.43954105469524285,0.2183721679135802,0.0,0.006481885760587001,0.33560489163059
Bulk 152,0.2891007338172432,0.16485387616895933,0.0,0.3228579075894365,0.22318748242436107
Bulk 153,0.5975842679394786,0.10184957778325761,0.0089482818070873,0.010507513752667149,0.2811103587175094
Bulk 154,0.136629390031948,0.22746487927361492,0.05029829120156052,0.3785550624105801,0.20705237708229648
Bulk 155,0.5667120708088031,0.0,0.07141616950795351,0.34444756061457577,0.01742419906866754
Bulk 156,0.2926486451092352,0.11035063753490582,0.30824621888757175,0.10268984359816843,0.1860646548701188
Bulk 157,0.12489207410336775,0.17532372658125736,0.15284872816109352,0.3200369292388318,0.22689854191544967
Bulk 158,0.24809766822647197,0.17774492319701513,0.05425215257195108,0.3035637733890959,0.21634148261546587
Bulk 159,0.21002307578415674,0.11298744860580875,0.27849170959784697,0.27197315792563986,0.1265246080865477
Bulk 160,0.5171898518831077,0.22401877973053225,0.0,0.0,0.2587913683863602
Bulk 161,0.4540751624181306,0.06272147518951236,0.0,0.2593454944164839,0.22385786797587312
Bulk 162,0.4253451163329589,0.10288301969551379,0.0,0.2623324292954794,0.20943943467604786
Bulk 163,0.3996132903154984,0.12815171232684758,0.0,0.21945836406908498,0.25277663328856903
Bulk 164,0.3391224712598614,0.23542184706428632,0.0,0.12059865717339893,0.3048570245024532
Bulk 165,0.23092004940912503,0.221220974517345,0.12039220531745573,0.26569552001530067,0.16177125074077356
Bulk 166,0.7407323959876093,0.0435174999847994,0.0,0.022252240515250914,0.1934978635123403
Bulk 167,0.4671856409383183,0.09563250136756665,0.08455726625594458,0.2803242723027796,0.07230031913539083
Bulk 168,0.0,0.0,0.23715505573099593,0.6301569432037296,0.13268800106527448
Bulk 169,0.39142254039694957,0.1510482067676167,0.20142325708121445,0.1798046191763079,0.07630137657791145
Bulk 170,0.19593289425806185,0.19013813824382983,0.21902180887542663,0.11987974638412811,0.2750274122385537
Bulk 171,0.2792133654915202,0.07449214430180826,0.12177613025679301,0.38116307191302334,0.1433552880368551
Bulk 172,0.3533648277708017,0.10058267947870224,0.09038604942490408,0.2560884227178075,0.19957802060778437
Bulk 173,0.460478304335429,0.12911622882290438,0.08859831694140986,0.2707135494406284,0.05109360045962825
Bulk 174,0.8591666321668231,0.0,0.0,0.06149875695109562,0.07933461088208123
Bulk 175,0.4552945347850841,0.01828761852168471,0.2541285762970968,0.10500213815044061,0.16728713224569386
Bulk 176,0.32046193794623445,0.08526633320784782,0.13978748275879072,0.2907966535740678,0.16368759251305914
Bulk 177,0.008065921384748431,0.1774841716075812,0.17350903121670272,0.40841051144376694,0.23253036434720076
Bulk 178,0.022438377074502087,0.22266522637090308,0.19007213427823777,0.3439850950879593,0.22083916718839786
Bulk 179,0.04237463763427109,0.2816354398174152,0.05940430709192371,0.3165653839251782,0.30002023153121193
Bulk 180,0.19974629156659374,0.11830518026381064,0.04511300454579862,0.3997379930759103,0.23709753054788674
Bulk 181,0.5308956063269173,0.0,0.0,0.24383549347887307,0.22526890019420961
Bulk 182,0.4939136650832534,0.0,0.0,0.3155775949204742,0.19050873999627238
Bulk 183,0.36944046186949697,0.08934757088392091,0.025145409742578312,0.3823780581623428,0.13368849934166097
Bulk 184,0.17972657199489311,0.0905320967952386,0.08511094082094821,0.4529073194439598,0.1917230709449603
Bulk 185,0.45865381176278985,0.04320554448149796,0.00691086567971343,0.2970735213515154,0.19415625672448344
Bulk 186,0.40744469459585086,0.03995524332221898,0.14109015038183476,0.27712381872829955,0.1343860929717958
Bulk 187,0.39703633265763894,0.15655239992128936,0.04224908111029816,0.19289576941855213,0.21126641689222153
Bulk 188,0.112701394689958,0.24538629733016037,0.09159235971778246,0.28905950774349415,0.261260440518605
Bulk 189,0.25500727783133315,0.1825651480388492,0.15809920096634086,0.21533727427168817,0.18899109889178858
Bulk 190,0.45494486063791206,0.10313644921100087,0.10831009655097182,0.2683414150432389,0.06526717855687632
Bulk 191,0.6873551898908595,0.07169483981024752,0.0,0.03674381005214148,0.20420616024675134
Bulk 192,0.28796637822500415,0.14136388315605042,0.20271956778648925,0.2005386627567311,0.16741150807572497
Bulk 193,0.38247137162343825,0.12365608616574617,0.2742925413432942,0.21476727112196944,0.004812729745551956
Bulk 194,0.40789745263829297,0.0919434310299037,0.28568655350824784,0.07319089725004677,0.1412816655735087
Bulk 195,0.2766326914024387,0.24964119100794363,0.07114117139347709,0.14452396192862585,0.25806098426751484
Bulk 196,0.4366604730844304,0.11763065354865981,0.009960935605041655,0.1375620775596455,0.2981858602022226
Bulk 197,0.10100991460972661,0.18289826755839186,0.2216592178991192,0.21839516593270306,0.27603743400005926
Bulk 198,0.8013802724359794,0.03869752927610622,0.0,0.0,0.1599221982879144
Bulk 199,0.49194340464990566,0.12296166618041518,0.0,0.08397218507587763,0.3011227440938014
Bulk 200,0.15406493246160244,0.07351640763416122,0.20682356413663547,0.4220228824807713,0.14357221328682965
Bulk 201,0.13946173745809248,0.20749089762166595,0.07006139719620437,0.3436418032131209,0.2393441645109164
Bulk 202,0.26396370684252046,0.15931849650470903,0.1196206679796064,0.26843004677590787,0.18866708189725637
Bulk 203,0.45047089462141277,0.19203639997676059,0.03570001118836832,0.0855168787300523,0.23627581548340595
Bulk 204,0.5286138253019136,0.16012340975174044,0.0,0.05200685359621259,0.2592559113501334
Bulk 205,0.3985900684906415,0.13336302744410128,0.2985160107966362,0.11924551870640304,0.05028537456221784
Bulk 206,0.7067080405426687,0.038032039170099036,0.0,0.2108874562054669,0.04437246408176553
Bulk 207,0.2469626006218098,0.2639179199511856,0.049391682703287976,0.1476613455662419,0.2920664511574746
Bulk 208,0.20915083003206458,0.059215985894073404,0.1608663832177027,0.2581362714306206,0.3126305294255387
Bulk 209,0.689590093570541,0.030334953168833972,0.0,0.1328417686582801,0.14723318460234486
Bulk 210,0.3241596745609616,0.16798360180338404,0.0,0.2993546984953571,0.20850202514029723
Bulk 211,0.15183188321409652,0.19855876358679486,0.06153794853964036,0.32981781348021255,0.25825359117925567
Bulk 212,0.6839819671480584,0.10742166269317764,0.0,0.014927336517564916,0.19366903364119914
Bulk 213,0.47982096362966475,0.07185878216693482,0.0,0.1875483786045434,0.260771875598857
Bulk 214,0.36952308737045253,0.16072751044559158,0.14337932999006,0.12310369979522758,0.20326637239866838
Bulk 215,0.3553015751513893,0.148509118756762,0.0,0.23965352425105482,0.25653578184079384
Bulk 216,0.20197488625737678,0.09947617667217633,0.13159700141615183,0.34601459242362803,0.22093734323066713
Bulk 217,0.4214593955225926,0.1291507179755138,0.05506878441118864,0.09001264996784905,0.30430845212285584
Bulk 218,0.21258504298657604,0.19690985165905245,0.11151365579397267,0.2789183227697662,0.20007312679063266
Bulk 219,0.4293517844477149,0.20281099042959772,0.0,0.040386773724073295,0.327450451398614
Bulk 220,0.3255437992575092,0.1265376088576897,0.14890169932088052,0.19530683961998663,0.203710052943934
Bulk 221,0.16498907599908824,0.16776268313093817,0.09321356893918714,0.38902456887929737,0.18501010305148896
Bulk 222,0.020629726065561235,0.21168339924444787,0.10161766649975362,0.38718850554772966,0.2788807026425076
Bulk 223,0.43275844268814523,0.05513472302057951,0.06640621826916296,0.2537487288733694,0.19195188714874306
Bulk 224,0.5777325151786019,0.0045808425138115635,0.0,0.3381357950732668,0.07955084723431967
Bulk 225,0.4896236822614987,0.14876727743811652,0.18635422356577422,0.12618365116901709,0.04907116556559347
Bulk 226,0.5686424263027257,0.11735613689845595,0.0,0.10605277771656213,0.20794865908225618
Bulk 227,0.24285756623600005,0.1225845815040346,0.08411961562563879,0.22219967841566687,0.3282385582186597
Bulk 228,0.4274104756362818,0.09895921739875913,0.06409458672813173,0.181965582310953,0.2275701379258743
Bulk 229,0.28835270240032074,0.2650294033177597,0.013295745089449766,0.18965968402520275,0.24366246516726706
Bulk 230,0.12864398150567,0.1497689097535976,0.11351934786197111,0.4882332195395708,0.1198345413391906
Bulk 231,0.43608217430161467,0.12083800746022486,0.07705229237005415,0.11949816811117012,0.24652935775693627
Bulk 232,0.0014170892052754861,0.19662557408328127,0.109663760573333,0.41799853896265726,0.274295037175453
Bulk 233,0.2595292662392381,0.13426138654197017,0.03380122525213343,0.3845886941219468,0.18781942784471153
Bulk 234,0.24992448830138825,0.18849323667280635,0.08263845088025332,0.0867269001505017,0.39221692399505026
Bulk 235,0.3539987276805102,0.14872625209379642,0.0,0.2803261374661349,0.21694888275955845
Bulk 236,0.21187702345778023,0.03602940120731626,0.11706330476167402,0.43064797826779655,0.2043822923054331
Bulk 237,0.478747742448554,0.136346575013097,0.04373593130463145,0.17904042942955337,0.16212932180416426
Bulk 238,0.29097092470371383,0.1708966277034506,0.1803674574181051,0.19030638804427863,0.16745860213045174
Bulk 239,0.17133214629052337,0.059623028301693665,0.2700401527564463,0.4990046726513367,0.0
Bulk 240,0.07151469370852125,0.2829384095463825,0.1480855410053819,0.27040969006292626,0.22705166567678814
Bulk 241,0.19700124481366718,0.08127671619434365,0.0,0.4539184912869873,0.267803547705002
Bulk 242,0.6696256389756264,0.10977367053131669,0.047934208481086205,0.0,0.17266648201197063
Bulk 243,0.46254928832281317,0.15661139936875934,0.0,0.0,0.38083931230842744
Bulk 244,0.7516657503408616,0.06623633126737805,0.0,0.0,0.18209791839176032
Bulk 245,0.6880366732597699,0.07555676797788374,0.0,0.13088691562548477,0.10551964313686152
Bulk 246,0.3244277767726037,0.19633553850737898,0.0,0.18633528331936705,0.2929014014006503
Bulk 247,0.2996318023723968,0.21766598345245688,0.12640860702050308,0.18176359759574104,0.17453000955890208
Bulk 248,0.6444962422494483,0.03143841683009712,0.0,0.019435324230510954,0.3046300166899435
Bulk 249,0.5594802237965188,0.13412262330756694,0.0,0.13421187359464945,0.1721852793012649
Bulk 250,0.48851343671590125,0.12119019198627382,0.025626048108991873,0.18809298856908782,0.1765773346197452
Bulk 251,0.43353857687125996,0.11543030664774157,0.0,0.27940625414515224,0.17162486233584637
Bulk 252,0.17268644219159512,0.22293460301990983,0.04070914877700863,0.2721124568059155,0.2915573492055709
Bulk 253,0.2755243840985537,0.1272700158793475,0.1971991980091029,0.24047447973149008,0.1595319222815058
Bulk 254,0.3046402645286819,0.17087006248444497,0.17622918779529675,0.1927877764138157,0.15547270877776065
Bulk 255,0.20266265978830655,0.26073996599836974,0.0,0.2082236299225551,0.32837374429076854
Bulk 256,0.1474129230399661,0.18619619365155157,0.044196280656691914,0.366194108346864,0.25600049430492633
Bulk 257,0.0,0.2889741896258211,0.07515990892375345,0.2864964756674361,0.34936942578298946
Bulk 258,0.2735537808863987,0.20171377821349265,0.0,0.22741335076895822,0.29731909013115043
Bulk 259,0.3277074405482872,0.21928349158387786,0.0,0.21907986624448428,0.23392920162335065
Bulk 260,0.21161367555062877,0.01651972200400236,0.15634607033959058,0.5172336467416406,0.09828688536413764
Bulk 261,0.153785906059067,0.17196606428399977,0.1107302512509041,0.36162571723408493,0.20189206117194425
Bulk 262,0.28729176120425626,0.13538349082275397,0.0,0.32647191074320003,0.25085283722978974
Bulk 263,0.2502305176280573,0.1771633116529289,0.13872267209504274,0.23436445020738625,0.19951904841658477
Bulk 264,0.21823601728784334,0.13352964125466774,0.06576952249614346,0.3629359770617818,0.21952884189956368
Bulk 265,0.11707058361566923,0.20249311917305887,0.014193232100931439,0.4052807847197506,0.26096228039058994
Bulk 266,0.3403469126698938,0.1419235951513024,0.09543448276085367,0.3189126574084487,0.10338235200950134
Bulk 267,0.23735067160304435,0.20878711291153443,0.0,0.3048646172743567,0.2489975982110645
Bulk 268,0.4025479916843076,0.1349996283310042,0.0,0.24204482854479606,0.22040755143989213
Bulk 269,0.4268838111875569,0.14912338605384587,0.0,0.1678571623601678,0.2561356403984295
Bulk 270,0.6932587741229267,0.055256802394723706,0.0,0.0,0.25148442348234956
Bulk 271,0.2188744320018245,0.12544259492410959,0.07130006862300045,0.36809855130722113,0.21628435314384428
Bulk 272,0.5959888924433999,0.12107607918131119,0.1955771413034521,0.0,0.0873578870718367
Bulk 273,0.46609677473431516,0.2380801990226539,0.03041897603229359,0.020023755551026732,0.24538029465971065
Bulk 274,0.26091583640969324,0.22004989627652477,0.0,0.2931112310606879,0.22592303625309415
Bulk 275,0.2395523043884992,0.1777026739350846,0.04234326834944559,0.3295730508162672,0.21082870251070335
Bulk 276,0.3878860426894323,0.09456704614093257,0.11484580537278452,0.19827578438615304,0.20442532141069747
Bulk 277,0.7401610883694215,0.08372123621944495,0.0,0.11019321938389348,0.0659244560272401
Bulk 278,0.19726178694868807,0.2629271221691759,0.0292636905378485,0.2156731559179877,0.2948742444262998
Bulk 279,0.26888383121357917,0.14993444766249317,0.17338543817348798,0.2935425297454148,0.11425375320502494
Bulk 280,0.5561920296567817,0.0,0.21872508351673436,0.11829221783895032,0.10679066898753348
Bulk 281,0.8114601019940806,0.02915093323805912,0.0,0.0,0.15938896476786021
Bulk 282,0.4733544884711742,0.1570678010210328,0.042696275144141975,0.07169167534216758,0.2551897600214835
Bulk 283,0.3161911822395272,0.1324795004968758,0.2069900905719776,0.15250432669485148,0.19183489999676787
Bulk 284,0.8110825859034259,0.0021361256349179507,0.0,0.0,0.1867812884616563
Bulk 285,0.16606079731979384,0.2571381793557124,0.08739627066199909,0.2222988667728678,0.26710588588962686
Bulk 286,0.16657032761027138,0.16466095468321323,0.28812746652653853,0.25240408882253496,0.12823716235744184
Bulk 287,0.0,0.23436411316314,0.02842277563318099,0.3462486681391217,0.39096444306455735
Bulk 288,0.31137007461380534,0.13608830893006169,0.2666753770137982,0.13187821154584742,0.1539880278964874
Bulk 289,0.8386379007988454,0.02756529962094979,0.0,0.0,0.13379679958020482
Bulk 290,0.38054903765115144,0.21501530988591547,0.0,0.16560220695072445,0.23883344551220861
Bulk 291,0.539562490789155,0.137119925635846,0.0,0.06505374681688002,0.25826383675811904
Bulk 292,0.47216938721640783,0.21796896722168846,0.06917587775671423,0.0,0.24068576780518947
Bulk 293,0.3079437549804447,0.1512430011662883,0.02002231611900091,0.27082766366225686,0.24996326407200917
Bulk 294,0.8090094690209602,0.11733593383301742,0.04734133803096867,0.0,0.026313259115053618
Bulk 295,0.14274105994797537,0.20894816131545532,0.3390402754614472,0.18181361914703584,0.12745688412808634
Bulk 296,0.420111818492852,0.2007143491204608,0.11157474442799076,0.06994333355296552,0.19765575440573102
Bulk 297,0.833725245522043,0.0,0.0,0.012280653475963858,0.15399410100199318
Bulk 298,0.6095707197321764,0.1531398595408462,0.0,0.08833112190017514,0.14895829882680223
Bulk 299,0.5018179384628029,0.1346571901172907,0.0,0.17861245153563787,0.18491241988426851
Bulk 300,0.09450907751268675,0.09124908565309359,0.10344789290399739,0.5200445030446313,0.19074944088559098
Bulk 301,0.044945200341336186,0.19383290481411847,0.059274457874618436,0.42957201737986667,0.2723754195900603
Bulk 302,0.02330507512403052,0.1859339675608626,0.05326647257490052,0.4677666631943099,0.26972782154589636
Bulk 303,0.43095187789184325,0.02832892075389206,0.14189864711414737,0.3446009188315849,0.05421963540853242
Bulk 304,0.2540323452190959,0.2058676251536141,0.029547999564346002,0.2464918489102405,0.2640601811527036
Bulk 305,0.3262605873995686,0.15892294558771913,0.18641579671957542,0.19984121077862982,0.12855945951450695
Bulk 306,0.3678402981782053,0.2922892863549102,0.021205267332577733,0.12474289824876961,0.1939222498855373
Bulk 307,0.4444727264188983,0.12189733399390079,0.0,0.13162630776841394,0.302003631818787
Bulk 308,0.5700476936514857,0.13998909595087644,0.0,0.0,0.2899632103976379
Bulk 309,0.42692081875007176,0.08231481734837251,0.16400930609503073,0.06869362350609011,0.2580614343004349
Bulk 310,0.26815190150690055,0.24292527518750226,0.06789879821190963,0.17664980007855782,0.24437422501512968
Bulk 311,0.1828455792544701,0.2404612933483732,0.03287827410461522,0.19895627736093846,0.34485857593160296
Bulk 312,0.2864002330277113,0.23339693288493976,0.05041534962462233,0.16410316029773228,0.26568432416499443
Bulk 313,0.0924265633056195,0.19172107431261445,0.1822329278897426,0.31472023205572575,0.21889920243629765
Bulk 314,0.36378503958292124,0.23360358163543862,0.03322157225451051,0.009207036882366135,0.3601827696447634
Bulk 315,0.41002049861849504,0.1168665205297175,0.07700709772039714,0.10523544556766369,0.2908704375637266
Bulk 316,0.3579139757933395,0.18421700047388614,0.06265485109060687,0.0915185515439542,0.3036956210982133
Bulk 317,0.6375208978204141,0.0,0.0,0.35513601037748416,0.00734309180210173
Bulk 318,0.21664872877301417,0.20952059575101192,0.092770811907018,0.18298769524627637,0.2980721683226796
Bulk 319,0.4856625866402195,0.22915034945509527,0.0,0.12378981373109196,0.16139725017359335
Bulk 320,0.28704018078105753,0.2357974487306945,0.06686441852191956,0.10108099501694319,0.30921695694938517
Bulk 321,0.28888308370895627,0.1658419329847334,0.19752672546426456,0.17249712777188914,0.17525113007015666
Bulk 322,0.5407221782030117,0.0,0.0,0.25903881117852945,0.20023901061845872
Bulk 323,0.3420608336976001,0.23723481968785867,0.12279184979932342,0.0,0.29791249681521786
Bulk 324,0.5297236993300973,0.2167970970921995,0.0,0.007992059478851182,0.24548714409885206
Bulk 325,0.42177717233943995,0.14299629212058396,0.18222826683066598,0.03837150441118903,0.214626764298121
Bulk 326,0.0,0.2319268151672426,0.2576158292429327,0.155357354092294,0.35510000149753074
Bulk 327,0.3994265275465355,0.19818956958424058,0.0,0.0408069541193679,0.36157694874985596
Bulk 328,0.3576969094461899,0.13630929801937613,0.06486602322467189,0.2442576708720935,0.19687009843766853
Bulk 329,0.4115199083956039,0.1804319695031078,0.09666927756554826,0.13095557791467743,0.18042326662106276
Bulk 330,0.34938282174800567,0.32385095970128003,0.114005752529375,0.07466900375731735,0.13809146226402194
Bulk 331,0.37812231927187157,0.12546354809230914,0.11183431702978856,0.27038500530251985,0.11419481030351095
Bulk 332,0.2230454024286478,0.22123299078660502,0.0,0.26846651570340707,0.2872550910813403
Bulk 333,0.4159307716602272,0.22188725685833105,0.006370502735101819,0.1792316582766803,0.17657981046965962
Bulk 334,0.34546621690061113,0.0,0.0,0.6545337830993889,0.0
Bulk 335,0.46031476622261586,0.11955741602503651,0.019064778478578213,0.20077181173148648,0.20029122754228304
Bulk 336,0.5018021584715846,0.19679977652575845,0.025176901848483604,0.0,0.2762211631541733
Bulk 337,0.1258779382032197,0.1593668899367575,0.08598263411963833,0.3954512614515041,0.23332127628888033
Bulk 338,0.16609631370181135,0.13775449692439473,0.172561292254554,0.43814516256838726,0.0854427345508527
Bulk 339,0.7384478525052666,0.03302356024024405,0.0,0.0,0.22852858725448924
Bulk 340,0.19853260318308744,0.17958886230780885,0.08512972624766824,0.31031011150806576,0.2264386967533697
Bulk 341,0.3487490529384437,0.15785544209221924,0.1930265796277476,0.12285642606713497,0.17751249927445448
Bulk 342,0.0075034317939779265,0.173610565862313,0.09509429971593696,0.4372690217398281,0.2865226808879439
Bulk 343,0.6950941226339713,0.0,0.0,0.09940623754991322,0.20549963981611566
Bulk 344,0.378496215048153,0.11314760621879283,0.22658865363064346,0.0778871871995396,0.20388033790287108
Bulk 345,0.5309561256340807,0.10653045145832353,0.0,0.0,0.3625134229075958
Bulk 346,0.2713563978180862,0.14539983856661495,0.008825696589577674,0.3948419142306078,0.17957615279511324
Bulk 347,0.40174877835844286,0.20638502709009554,0.0,0.10332929450233991,0.2885369000491215
Bulk 348,0.6280832288770533,0.0011895988269613707,0.0,0.15999628516552275,0.2107308871304627
Bulk 349,0.15005989286904023,0.16260528518625897,0.37314696060748237,0.1707388754317472,0.14344898590547112
Bulk 350,0.3057144971343442,0.25146853471953606,0.15106086751053138,0.0,0.2917561006355883
Bulk 351,0.6544987078237537,0.0,0.34550129217624626,0.0,0.0
Bulk 352,0.045671625977119136,0.22067201783832777,0.14564693217507368,0.4284225663031731,0.15958685770630635
Bulk 353,0.20035179783899396,0.2530010471514917,0.06514313906597581,0.20848617490532823,0.2730178410382103
Bulk 354,0.4012290990234771,0.1997304253181504,0.09369783505451941,0.11809502749093155,0.18724761311292157
Bulk 355,0.13193252166660793,0.22671629701486484,0.09944167888967656,0.3259300470238388,0.21597945540501182
Bulk 356,0.33961348388653717,0.22899079017418192,0.02628893937057499,0.2500984939566773,0.15500829261202842
Bulk 357,0.24094284251535886,0.31543997250409783,0.0034382286021048245,0.14234177207761242,0.29783718430082606
Bulk 358,0.4836432250489362,0.08811836457488945,0.0,0.12904056223726712,0.29919784813890726
Bulk 359,0.13194738526504218,0.2449914708147545,0.13337909643228912,0.24268455801335087,0.24699748947456338
Bulk 360,0.33956786754267504,0.2088047271695743,0.0,0.11996091330614997,0.3316664919816007
Bulk 361,0.2258493554309936,0.18962739538569,0.3093726120254696,0.14966274461001589,0.1254878925478308
Bulk 362,0.21908785102920245,0.2138075662525324,0.0,0.3543786766367254,0.21272590608153966
Bulk 363,0.17546766762117408,0.1875437800168895,0.10671715689485761,0.2760115039349022,0.25425989153217643
Bulk 364,0.2903654928047574,0.14563478812498587,0.0,0.32173453175476274,0.24226518731549407
Bulk 365,0.16633566205591108,0.14931273431134112,0.169465927072616,0.2972369464288849,0.21764873013124703
Bulk 366,0.128035661271706,0.2031407680291517,0.07049842113206573,0.28138709064401346,0.316938058923063
Bulk 367,0.2476579517703942,0.1945727421194046,0.14857101340029652,0.22967521605051866,0.17952307665938616
Bulk 368,0.1566620627233071,0.2606934592738165,0.16688175705803,0.08999367001485303,0.32576905092999325
Bulk 369,0.31186652895753264,0.2385651867404343,0.04330861384384213,0.24940933280931685,0.15685033764887416
Bulk 370,0.5182802183332936,0.11593921187205636,0.0,0.1563910244667756,0.20938954532787438
Bulk 371,0.5668835202368129,0.19884289245432138,0.0015644066566590591,0.01664673811823801,0.2160624425339685
Bulk 372,0.08112443715668799,0.1999500295149908,0.1286348990031053,0.34245784193963963,0.24783279238557634
Bulk 373,0.14207839439905676,0.2189012431504938,0.0678176252082306,0.3322592654048985,0.23894347183732037
Bulk 374,0.5537444633267169,0.15435244192892691,0.02081325985683729,0.05571087528880971,0.21537895959870926
Bulk 375,0.09931963400046191,0.2308693575979674,0.0,0.2576744749418335,0.4121365334597373
Bulk 376,0.3243705515436862,0.104363781977159,0.3012940492213895,0.18019262321700638,0.08977899404075886
Bulk 377,0.4113105203504432,0.24355561057779276,0.0,0.04698183228637672,0.2981520367853874
Bulk 378,0.23787600806507475,0.25614103791493653,0.09291156209286966,0.022676645740897033,0.3903947461862219
Bulk 379,0.12648871412663518,0.25941318315297895,0.048205717075601444,0.2869786064619668,0.27891377918281757
Bulk 380,0.3957867543754009,0.09493983903928202,0.16824350553644604,0.1389120012597099,0.20211789978916123
Bulk 381,0.5236332804597854,0.19622163825832423,0.0,0.05915283030105917,0.22099225098083136
Bulk 382,0.6076464458836379,0.16395299733721963,0.0,0.09029816132584823,0.13810239545329425
Bulk 383,0.6294631626744178,0.04534514080032312,0.0,0.1689385995021632,0.15625309702309587
Bulk 384,0.0,0.2175897012055581,0.10870265995887325,0.2656795680287025,0.4080280708068661
Bulk 385,0.3885749131294844,0.03846667514256842,0.0,0.356720085226687,0.21623832650126018
Bulk 386,0.23394579629187592,0.22327657175668586,0.059745128147968084,0.17563150318635062,0.3074010006171195
Bulk 387,0.4628910076183597,0.15626172325359672,0.0,0.13295951913851992,0.2478877499895237
Bulk 388,0.2572491464173092,0.2958343742706298,0.0,0.19732473937291417,0.24959173993914674
Bulk 389,0.24703227150774454,0.25210656617062577,0.11727911975014253,0.1723299193587993,0.21125212321268788
Bulk 390,0.4470969658086467,0.1440663354902425,0.0,0.22589086389471644,0.18294583480639431
Bulk 391,0.4729716054084367,0.2274627132930192,0.0,0.11880584963351255,0.18075983166503146
Bulk 392,0.37817012590012405,0.13709659247878558,0.0,0.2684630973038631,0.2162701843172273
Bulk 393,0.1308635225355968,0.27098057817337473,0.01821590230680965,0.2263718301210127,0.35356816686320613
Bulk 394,0.6427132166892244,0.04569262480674044,0.013731296359071696,0.20044979756832262,0.09741306457664084
Bulk 395,0.46526228073723847,0.1828836044206045,0.0,0.058847347343667124,0.29300676749848986
Bulk 396,0.3690576182448218,0.1491106216053621,0.026578569138084797,0.230771087896333,0.22448210311539823
Bulk 397,0.615530753726936,0.06066328022896375,0.16328501618090643,0.12338729924461823,0.037133650618575646
Bulk 398,0.3110332397121884,0.09165874480005014,0.2988205053390801,0.14541037185987055,0.15307713828881073
Bulk 399,0.25342527504743795,0.16863224347152672,0.27704895284025,0.17991085143256277,0.12098267720822269
Bulk 400,0.5542364329596384,0.08690797144422703,0.0,0.2081334012478885,0.150722194348246
Bulk 401,0.33476992484585905,0.1859236306823112,0.16122757342350313,0.22303532999983805,0.09504354104848865
