,Ast,End,Mic,Neu,Oli
Bulk 0,0.15720217982463802,0.18887081639541203,0.09810489623808263,0.2940073098965904,0.261814797645277
Bulk 1,0.41681271370345496,0.1501738572066824,0.0,0.26078055395973404,0.17223287513012853
Bulk 2,0.17390668852822103,0.20173626217491644,0.09686311349347153,0.3515119918860687,0.17598194391732241
Bulk 3,0.14145204267305125,0.22308584048566374,0.09084274523680386,0.28187643441417465,0.2627429371903065
Bulk 4,0.40095735645208885,0.09139883356956206,0.2245064895885541,0.06713835607514586,0.21599896431464902
Bulk 5,0.15156340797260204,0.15354878716615092,0.1267409348772569,0.4175202566441575,0.15062661333983265
Bulk 6,0.3408378054421299,0.20708339768572598,0.0,0.18421665943376106,0.26786213743838316
Bulk 7,0.39484596225451946,0.09489393460821209,0.0,0.26990697907013256,0.24035312406713605
Bulk 8,0.26756237876120387,0.1428418550747848,0.035947144075181084,0.34885057501066036,0.20479804707816987
Bulk 9,0.635584516787874,0.025498930846428746,0.0473408308704176,0.15662027033459816,0.13495545116068158
Bulk 10,0.06052441301047799,0.08329303929206487,0.11996366480309652,0.5005558411527338,0.23566304174162692
Bulk 11,0.6557195522718848,0.0,0.17453433966403387,0.16974610806408122,0.0
Bulk 12,0.3648145133705067,0.11316495596825424,0.08319686701072466,0.27628895051792024,0.16253471313259427
Bulk 13,0.0,0.24034961868027246,0.06940142132609893,0.36621382341265224,0.3240351365809763
Bulk 14,0.2886247809410545,0.07347750249157534,0.22414273878951627,0.22521945683503922,0.18853552094281475
Bulk 15,0.5631120963860184,0.0,0.0020727232195636657,0.39411238077939464,0.04070279961502343
Bulk 16,0.09277191764184703,0.16164752473581193,0.1808546695914868,0.36888119011499676,0.1958446979158575
Bulk 17,0.4291615571702339,0.15978000453862942,0.06902121409324867,0.19494174272366788,0.14709548147422005
Bulk 18,0.6885223325733191,0.14542294050341903,0.0,0.0772189837677273,0.08883574315553465
Bulk 19,0.1784449438616937,0.2251841947800288,0.01528084842228746,0.23266426866346349,0.3484257442725264
Bulk 20,0.05325034041994003,0.16576860810450797,0.06038531016722277,0.45523074584053996,0.2653649954677893
Bulk 21,0.12288725916144766,0.2553844509041176,0.015889640606117125,0.3255592775575071,0.2802793717708106
Bulk 22,0.06092823609936812,0.1047529597794296,0.06272625208911078,0.6084880570587032,0.1631044949733884
Bulk 23,0.14445433338461966,0.11564167956964104,0.02461475318914933,0.4402495841324889,0.27503964972410105
Bulk 24,0.28664217664084923,0.18295703739442765,0.005307185044445831,0.2717664558579972,0.25332714506228016
Bulk 25,0.3260994880843446,0.007751967169814292,0.0,0.498677594372315,0.16747095037352616
Bulk 26,0.13522039613734754,0.24094253667076776,0.006277435490547635,0.28154249303278617,0.336017138668551
Bulk 27,0.432042791281162,0.19966526332945847,0.0,0.1809103748055891,0.18738157058379037
Bulk 28,0.15374399394800825,0.1807336770793437,0.12264583161577916,0.36652314860630775,0.1763533487505612
Bulk 29,0.22454556630625336,0.16114487983841833,0.13646169025949786,0.21687916862718287,0.2609686949686475
Bulk 30,0.27797019718781596,0.1592576945333326,0.011745616170703166,0.2628166018568961,0.28820989025125215
Bulk 31,0.5213193063583251,0.06528839479329424,0.0,0.1524955381338928,0.2608967607144879
Bulk 32,0.369671013884754,0.08045064700349186,0.031016963885272766,0.2572936145714427,0.26156776065503873
Bulk 33,0.08229545308467133,0.1639419751944991,0.05029039251952466,0.4722975162474061,0.23117466295389882
Bulk 34,0.25453652095203566,0.2161346297974134,0.0,0.24778319668618096,0.2815456525643699
Bulk 35,0.6180205010030254,0.10859583055181947,0.0,0.05184090560688311,0.22154276283827204
Bulk 36,0.44259700051360923,0.10739564999977197,0.02188762684212844,0.22086601644757814,0.2072537061969123
Bulk 37,0.25767240877087916,0.1907001036974294,0.09121485142265616,0.217241110719957,0.24317152538907819
Bulk 38,0.42189940907708734,0.1186248898122964,0.12246477736171298,0.2655748872237154,0.07143603652518794
Bulk 39,0.09429028660061817,0.07233619828494064,0.09406084161200537,0.5033086977286803,0.2360039757737557
Bulk 40,0.27251068673787304,0.1440540802652678,0.0,0.3717018052917249,0.21173342770513434
Bulk 41,0.6181221567313366,0.0,0.0,0.2377580541136728,0.14411978915499057
Bulk 42,0.28781008870969893,0.20295720249589944,0.0,0.18744649811998496,0.32178621067441665
Bulk 43,0.07948049464323988,0.11907291918444786,0.16466636937073162,0.4172424100911808,0.21953780671039985
Bulk 44,0.17584087972906484,0.0508177663369571,0.18663846385371952,0.38360249779140504,0.2031003922888536
Bulk 45,0.7307548729213631,0.04664373871486036,0.060002413051519474,0.0,0.1625989753122571
Bulk 46,0.2599766178298091,0.14544638175425098,0.10528604934740408,0.34546861009470553,0.14382234097383037
Bulk 47,0.16191597634252028,0.2390798286314516,0.01924727120502057,0.18416728423686576,0.3955896395841418
Bulk 48,0.4511161195890887,0.06362334979079112,0.027005130700378518,0.28210419575166235,0.17615120416807936
Bulk 49,0.09255777885146477,0.10635973745708402,0.06958848480997287,0.4251291086814497,0.3063648902000286
Bulk 50,0.2420332512112759,0.15966056993086025,0.1198489044941525,0.2755799697190861,0.20287730464462522
Bulk 51,0.3776103045539319,0.11448455611704028,0.0,0.302560079892944,0.20534505943608392
Bulk 52,0.6137901519858914,0.11227608868633356,0.028574906290116654,0.1088004107128827,0.1365584423247756
Bulk 53,0.2522578144041465,0.18047881546306357,0.0,0.38795995181715925,0.17930341831563057
Bulk 54,0.3013694651213649,0.05521386208716326,0.306875974336798,0.304350250860879,0.03219044759379493
Bulk 55,0.48928518912474445,0.0,0.0,0.1805422172324003,0.3301725936428552
Bulk 56,0.34793788214319654,0.17902033118066174,0.0,0.2614887014664101,0.21155308520973162
Bulk 57,0.5043628357114582,0.09135445478430927,0.10172352288364622,0.14988766043022686,0.15267152619035954
Bulk 58,0.7638459617133735,0.032020728937692304,0.0,0.0,0.20413330934893412
Bulk 59,0.2755117115860075,0.13230091081992798,0.0,0.46238747106129535,0.12979990653276915
Bulk 60,0.2258326041006361,0.0952278685144603,0.003935247339661445,0.4628874634513469,0.21211681659389528
Bulk 61,0.42337498982380684,0.07822222442249259,0.0,0.21370582460143747,0.2846969611522632
Bulk 62,0.1700018833680145,0.2282351308752582,0.13450708739057987,0.23720402204460492,0.2300518763215425
Bulk 63,0.4880445176506261,0.12062688452308344,0.0012156474297889354,0.2531713071694658,0.13694164322703567
Bulk 64,0.021833027046284866,0.290804184127455,0.12249003773646337,0.1979552534588163,0.3669174976309805
Bulk 65,0.4124601801254162,0.17778873929741976,0.0,0.12312874937563163,0.2866223312015326
Bulk 66,0.27471820688414966,0.16750618123421251,0.003242666711890836,0.30802015931276994,0.24651278585697695
Bulk 67,0.32932736700185855,0.13298268432948623,0.0,0.11092764435252912,0.42676230431612616
Bulk 68,0.16209463057995302,0.13041069718014892,0.05480164906002204,0.529610741983213,0.12308228119666306
Bulk 69,0.11441773113519342,0.209341271453635,0.10989936344538342,0.2912619134398282,0.27507972052595997
Bulk 70,0.023030658285399835,0.22166945769801014,0.0777714281167275,0.36106396650325834,0.31646448939660426
Bulk 71,0.3391752243889917,0.11612595154609419,0.11463998936957959,0.35455548312519375,0.07550335157014076
Bulk 72,0.07981083041651271,0.15798266320880486,0.09257002304253312,0.40613419654929733,0.26350228678285204
Bulk 73,0.15634785688646352,0.16666494368054063,0.08330633827205,0.35529014801492126,0.23839071314602456
Bulk 74,0.31548038803817235,0.0,0.14897839159749782,0.3859294217772842,0.14961179858704554
Bulk 75,0.7617785935196062,0.012115512190585006,0.0,0.08430382554675585,0.1418020687430529
Bulk 76,0.18228701544501996,0.09408992399220818,0.0,0.5436598130091239,0.17996324755364806
Bulk 77,0.13382552321826116,0.15523583371062477,0.2811267832796092,0.3279804209067912,0.10183143888471367
Bulk 78,0.2408001602327904,0.20892931796186393,0.0507504905751845,0.24562372555011155,0.25389630568004956
Bulk 79,0.3189409724212309,0.16689430920019716,0.0,0.2192496873175622,0.29491503106100964
Bulk 80,0.39289975797834065,0.1942933262040413,0.0,0.12981064795436348,0.28299626786325444
Bulk 81,0.39642042567957836,0.015443677915849508,0.2099635843515305,0.20240557683124938,0.17576673522179218
Bulk 82,0.6306528016180656,0.041043709331388685,0.17722632492176427,0.00289451238288936,0.14818265174589212
Bulk 83,0.31115282414910655,0.20768623243233045,0.04975160300835022,0.17107230988998406,0.2603370305202286
Bulk 84,0.11952022910761632,0.1798096009333121,0.02925327692087507,0.28293252381654344,0.38848436922165314
Bulk 85,0.1631040401986398,0.20842094739626874,0.006485436258119025,0.4020586595302732,0.21993091661669922
Bulk 86,0.004929874463060138,0.23318253380891296,0.02586161900700925,0.3723812855565483,0.36364468716446935
Bulk 87,0.5756015612386872,0.13193402238365173,0.0,0.048330334626055065,0.24413408175160606
Bulk 88,0.03254960963083416,0.1669105484593626,0.12059161130790154,0.4698467963022271,0.21010143429967476
Bulk 89,0.36240205524568775,0.0871761291139009,0.0440767216560621,0.38081372193378465,0.12553137205056458
Bulk 90,0.31984195042891456,0.06913616273909522,0.05043390060210386,0.44270973175043254,0.11787825447945385
Bulk 91,0.1441109150039497,0.12234478959918597,0.13432862792504066,0.357938160200203,0.2412775072716206
Bulk 92,0.4309249625538917,0.1595421988758118,0.016376308566400433,0.12208208847093657,0.27107444153295945
Bulk 93,0.10156346247579331,0.2767056091781951,0.021482715188999437,0.3178965457329289,0.2823516674240833
Bulk 94,0.11593137843722601,0.16084089991564535,0.022684595655572133,0.4638423640387229,0.23670076195283352
Bulk 95,0.08015330988556886,0.1809632924195375,0.0790298390766913,0.42072847941953684,0.23912507919866557
Bulk 96,0.8961497921796828,0.0,0.0,0.0,0.1038502078203171
Bulk 97,0.5096350996431694,0.147651930300742,0.0,0.07960335779746641,0.26310961225862206
Bulk 98,0.522631225059418,0.0,0.3288179172401222,0.06481502333783748,0.08373583436262225
Bulk 99,0.22542605766919988,0.16953241966480082,0.11369110934742226,0.19468070656139105,0.2966697067571859
Bulk 100,0.3365177244896499,0.1633578222310333,0.07076075329876132,0.3445229096080895,0.08484079037246593
Bulk 101,0.34811020279915184,0.10627787509607599,0.17245995618340026,0.27265076727729204,0.10050119864407986
Bulk 102,0.15344581048366598,0.14128930104660986,0.140877944797489,0.3824099256668126,0.18197701800542246
Bulk 103,0.16352648721540294,0.1897024619623675,0.10164235371792212,0.3001745588437008,0.24495413826060672
Bulk 104,0.14442453580524964,0.2753862286958596,0.0,0.2850229201561068,0.295166315342784
Bulk 105,0.3576351143411886,0.17865432552801466,0.012336167497987344,0.277500762339957,0.17387363029285227
Bulk 106,0.2779030261054866,0.12881512496625339,0.22133274873563172,0.16344433923592344,0.20850476095670487
Bulk 107,0.1993404101733341,0.1200206922273328,0.10954523436404594,0.30787572889823256,0.2632179343370546
Bulk 108,0.22706016211227995,0.057767384350382776,0.19433503717209671,0.41809216005409294,0.10274525631114761
Bulk 109,0.22514976994115612,0.19457101680290326,0.04598391483545965,0.2160198286478548,0.3182754697726261
Bulk 110,0.8881712517656029,0.0,0.0,0.0,0.11182874823439717
Bulk 111,0.6330169323589753,0.10314919930491154,0.0,0.035000864782461824,0.22883300355365152
Bulk 112,0.5447265493330338,0.06858814132425528,0.0,0.2367769418618014,0.1499083674809096
Bulk 113,0.6535097211054934,0.028907181170321764,0.0,0.25132490629225346,0.06625819143193135
Bulk 114,0.42724108404682554,0.10308471088902293,0.0,0.18773245776548686,0.2819417472986647
Bulk 115,0.3235806360774761,0.042049577146206385,0.09642192163860412,0.32790096450959555,0.21004690062811798
Bulk 116,0.2513015817365362,0.2313699439756824,0.0,0.24852717353789655,0.26880130074988484
Bulk 117,0.15601581752607466,0.2189217954736418,0.014757423209318318,0.38785405497309167,0.22245090881787363
Bulk 118,0.37105523392118583,0.07843266798061141,0.1171737036115553,0.2915617413728022,0.14177665311384513
Bulk 119,0.35747248159310197,0.16059407175705467,0.07193722423570578,0.3062192487975709,0.10377697361656671
Bulk 120,0.37939843214221664,0.12003938454691679,0.04292351163958569,0.24034330985055052,0.2172953618207304
Bulk 121,0.15052145716430787,0.1703402621269884,0.04518224058915582,0.36542472065525167,0.2685313194642963
Bulk 122,0.6567885251423238,0.0853639713978186,0.0,0.0005899504296587957,0.2572575530301987
Bulk 123,0.5338218273320737,0.06355935835446519,0.10547897891782189,0.2438054483300382,0.05333438706560104
Bulk 124,0.30748705017922645,0.1888551173247345,0.08206847620345867,0.1657867658982168,0.25580259039436376
Bulk 125,0.2300192576393279,0.16606858916754982,0.2309363409988167,0.2500641344141629,0.12291167778014268
Bulk 126,0.010467505330985278,0.18622586208000533,0.12687427628216033,0.43728472290939824,0.2391476333974508
Bulk 127,0.15847501246214002,0.2011462098281202,0.0,0.2548604216711148,0.385518356038625
Bulk 128,0.2754312326743143,0.16959341623507748,0.11122678797104892,0.11822980803583338,0.3255187550837261
Bulk 129,0.21476506042766708,0.12213684502679494,0.33149115411223984,0.18173259372490724,0.1498743467083909
Bulk 130,0.42071351112731836,0.1492860688664953,0.0577083487908044,0.16314292623257193,0.20914914498280984
Bulk 131,0.33624223801892145,0.1681260149525572,0.0,0.31722391141343426,0.1784078356150873
Bulk 132,0.6838531410983061,0.06212434987522471,0.0,0.03576834849417858,0.21825416053229063
Bulk 133,0.5569803706635034,0.018269898786566843,0.14199074034437534,0.18175445206857743,0.101004538136977
Bulk 134,0.2598963176060566,0.12065099856892353,0.06791691981690778,0.38887782548782074,0.1626579385202914
Bulk 135,0.13846446365658022,0.11910627401076183,0.1863164606247156,0.3311730004181561,0.22493980128978605
Bulk 136,0.3978417946966258,0.17069901793752096,0.0,0.20713060464270489,0.22432858272314843
Bulk 137,0.3219029224142066,0.18074677134181225,0.07256201419149666,0.15547354290521734,0.269314749147267
Bulk 138,0.3616216753248779,0.10013216382555469,0.0,0.25459693691705887,0.2836492239325085
Bulk 139,0.5776912207780507,0.1470644146375624,0.0,0.0487359205530223,0.2265084440313647
Bulk 140,0.29378971126451825,0.17832682501142022,0.0,0.2690167501820846,0.2588667135419769
Bulk 141,0.168863765369681,0.19581988854669552,0.09932810650220802,0.3405370320547127,0.19545120752670264
Bulk 142,0.6151699056996179,0.0,0.21986578777593335,0.09372248806657807,0.07124181845787061
Bulk 143,0.5217338171586502,0.0747219836767369,0.1079933434791848,0.141589022222962,0.15396183346246606
Bulk 144,0.2979685502892679,0.0859625407174803,0.15745808075074058,0.3576230717695936,0.10098775647291774
Bulk 145,0.310216353858885,0.18824798896849051,0.08997061313009459,0.1725990165344468,0.23896602750808305
Bulk 146,0.284136967744025,0.062130221481607656,0.08611991306493595,0.4754625100781115,0.09215038763131983
Bulk 147,0.0472356733777384,0.1709125407304951,0.16632985493841015,0.3974531448881746,0.2180687860651817
Bulk 148,0.6406690905807253,0.027082612982330098,0.0,0.1666000824826867,0.16564821395425766
Bulk 149,0.2609513275624518,0.16587641529338026,0.0,0.3852744014181904,0.1878978557259775
Bulk 150,0.19969746905638464,0.04923660762686804,0.12567784118872438,0.3072752163632074,0.3181128657648155
Bulk 151,0.24477920059036898,0.15481029325688853,0.11800715206489984,0.37986754005508006,0.10253581403276261
Bulk 152,0.4638021346234898,0.16562131102720384,0.0,0.09966649762741558,0.2709100567218909
Bulk 153,0.3812288963661941,0.041040439954378616,0.1875017602570272,0.24432839368304646,0.14590050973935353
Bulk 154,0.08536794403637514,0.20528330686093732,0.20930515548868778,0.35912902816533177,0.14091456544866793
Bulk 155,0.3132924789108738,0.08522506630456071,0.1770774382917924,0.2888670381922596,0.13553797830051348
Bulk 156,0.5389537341805865,0.11591483532077354,0.0,0.12142777263427086,0.22370365786436905
Bulk 157,0.1356080693867051,0.1642611958722528,0.11197769166683107,0.34433849703237274,0.24381454604183841
Bulk 158,0.3306227200724658,0.18925713970762353,0.0,0.23641226991565517,0.2437078703042554
Bulk 159,0.5364727891076585,0.045269129148542656,0.0,0.28937015266010546,0.12888792908369354
Bulk 160,0.19570546180513526,0.2415631819883364,0.048548726916736014,0.18110091736866651,0.3330817119211259
Bulk 161,0.49641712406607946,0.10719481281358424,0.0,0.13230368404013562,0.26408437908020055
Bulk 162,0.1398404489175487,0.1879274461743851,0.14968547433374615,0.2530800952538102,0.26946653532050985
Bulk 163,0.39351774514932625,0.17004891929281404,0.11820334813855855,0.08767591740743268,0.2305540700118684
Bulk 164,0.38117843345436153,0.11093467040591638,0.0,0.28774647674418946,0.22014041939553267
Bulk 165,0.8070608777300388,0.0,0.0,0.19293912226996118,0.0
Bulk 166,0.8533278095102415,0.0,0.0,0.014779909893750555,0.13189228059600797
Bulk 167,0.38832845640306224,0.17308551294769509,0.0,0.19329004017246998,0.24529599047677267
Bulk 168,0.0,0.16915331136337552,0.13020469710654856,0.49641522015524625,0.20422677137482959
Bulk 169,0.34636765358259847,0.15458826995799277,0.0,0.22570840376709927,0.2733356726923094
Bulk 170,0.10878410283648202,0.10046977175608894,0.27520771941064887,0.23038036989781305,0.28515803609896706
Bulk 171,0.18741672933953998,0.11910799651762327,0.04439776603852084,0.3766243529007739,0.272453155203542
Bulk 172,0.24928910073685584,0.19877278986122257,0.0,0.31492348271092385,0.23701462669099777
Bulk 173,0.635321837005267,0.09395154774415053,0.0,0.0,0.2707266152505825
Bulk 174,0.7691891336532053,0.008663238565748008,0.0,0.10257600158310141,0.11957162619794542
Bulk 175,0.30955215903954847,0.11335552977339108,0.2059564885666016,0.19709578719185758,0.17404003542860128
Bulk 176,0.09304862569430188,0.21990729588419344,0.08742677693614166,0.2884484214249563,0.31116888006040677
Bulk 177,0.13388272394144932,0.16580070397146984,0.10968059745864767,0.4302985435465954,0.1603374310818379
Bulk 178,0.34162039733998556,0.22392865742253726,0.0,0.13854131333617514,0.2959096319013021
Bulk 179,0.8924197249896728,0.0,0.10758027501032728,0.0,0.0
Bulk 180,0.029899502099061098,0.27272628926910114,0.05770957640286674,0.2970697285445015,0.3425949036844696
Bulk 181,0.297920691804924,0.029577828901996322,0.032395143164583654,0.2473813595636357,0.3927249765648603
Bulk 182,0.17686922704811395,0.23081788585265947,0.07195924696652119,0.25491606980645154,0.26543757032625387
Bulk 183,0.4567073799135484,0.12286616756645809,0.10812676159771309,0.03026248811998575,0.2820372028022947
Bulk 184,0.172850532516827,0.12780346772668788,0.047289890549847134,0.3193806555110726,0.3326754536955652
Bulk 185,0.43619652519062024,0.15763388136224843,0.03752948005749767,0.1587272363448521,0.20991287704478148
Bulk 186,0.49021038271027173,0.09385733884735756,0.05646415681417091,0.13508768456497708,0.22438043706322272
Bulk 187,0.5040934246520996,0.017436996405171632,0.0,0.15611452930621708,0.3223550496365118
Bulk 188,0.2360661877127412,0.12966047087079036,0.07239927012836239,0.2791806340998743,0.28269343718823176
Bulk 189,0.3736206675703275,0.17666391025310466,0.09217003168914915,0.22423004891363763,0.13331534157378097
Bulk 190,0.27042055844289425,0.15080480178052535,0.11312752264405004,0.2134406766751735,0.2522064404573569
Bulk 191,0.6629243135298799,0.008464043457872415,0.0,0.10403880069245848,0.22457284231978927
Bulk 192,0.28944889589408146,0.20087105100792313,0.07776427774669335,0.2203549320701577,0.21156084328114436
Bulk 193,0.38984390129667673,0.10507937263739144,0.36190824763400514,0.0,0.1431684784319266
Bulk 194,0.7500209374107657,0.0,0.0,0.0453175010452826,0.2046615615439517
Bulk 195,0.19908549154100733,0.23629439005999414,0.04347558059108681,0.23275226025593393,0.288392277551978
Bulk 196,0.15752309340047524,0.24246243298029105,0.15724510535093825,0.16850678091110444,0.274262587357191
Bulk 197,0.5833081427612731,0.16762092848847857,0.0,0.08305682682279197,0.1660141019274564
Bulk 198,0.810712735894158,0.0,0.0,0.0,0.18928726410584204
Bulk 199,0.3613668646262219,0.1807671986163294,0.0,0.11834282359780389,0.3395231131596448
Bulk 200,0.24526131244270086,0.038207808735943795,0.17268498070315172,0.3497711383703409,0.19407475974786267
Bulk 201,0.22501155874876586,0.19834334141837578,0.05996093939320463,0.25332882727686645,0.2633553331627872
Bulk 202,0.5983602902972436,0.07703650223816,0.05088326253569323,0.08193247912559246,0.19178746580331074
Bulk 203,0.582578408011724,0.09804102911899659,0.07937729251108333,0.022370220545606445,0.2176330498125896
Bulk 204,0.45491223000858616,0.21971380372714566,0.008573219028023504,0.05390776033821282,0.26289298689803203
Bulk 205,0.4766812064174898,0.047945336587547016,0.179924713780496,0.065429884839421,0.23001885837504615
Bulk 206,0.7538521076666734,0.039765073242320204,0.0,0.033856828657783986,0.17252599043322242
Bulk 207,0.11475416296339,0.2157507899997138,0.15007733272822105,0.30874039054349456,0.2106773237651806
Bulk 208,0.31179517099319926,0.10159448872619396,0.09883847866409852,0.21105429665760791,0.27671756495890043
Bulk 209,0.4965808865278364,0.16282812518849782,0.0,0.1240094040098277,0.21658158427383808
Bulk 210,0.46808493087584435,0.16769383184545392,0.026476146495227552,0.06981291901780981,0.26793217176566425
Bulk 211,0.20215081178078906,0.14105511931105524,0.18328899588029018,0.29809316466667746,0.17541190836118808
Bulk 212,0.5941137480555724,0.07561807742427056,0.058353166763965604,0.0,0.2719150077561913
Bulk 213,0.5367459652394403,0.04155071507735472,0.07367935110462347,0.3480239685785815,0.0
Bulk 214,0.588406636018925,0.09745674441595494,0.026692125161595873,0.07190758155974884,0.21553691284377532
Bulk 215,0.19447593507424976,0.18973454784717778,0.11123744681229866,0.2363511934504252,0.26820087681584864
Bulk 216,0.33453871912245087,0.09895393900094576,0.017234852485472043,0.4066388042763598,0.14263368511477162
Bulk 217,0.46650329892590686,0.0,0.12704940553860225,0.22391043123644255,0.1825368642990483
Bulk 218,0.20441835470464548,0.06822785202641113,0.22895069959164502,0.3866975660134654,0.11170552766383304
Bulk 219,0.6384018750866559,0.08430543385229701,0.0,0.02452199573129584,0.25277069532975116
Bulk 220,0.6876323787988102,0.03379299500370566,0.0,0.0,0.27857462619748413
Bulk 221,0.07554364176170149,0.258155830947902,0.12615574454233192,0.2885316377842081,0.25161314496385656
Bulk 222,0.06687940517610229,0.13512215391828913,0.13510157905679535,0.35737456101912973,0.3055223008296834
Bulk 223,0.5895722549904715,0.06666114692585391,0.2705727923604333,0.0,0.07319380572324129
Bulk 224,0.4441727377159322,0.12225455076899067,0.0,0.2580909759396268,0.17548173557545033
Bulk 225,0.8783473018609683,0.027658983557805092,0.0,0.061848928058446107,0.03214478652278053
Bulk 226,0.60374912801057,0.08487982947687925,0.0,0.1619299337253477,0.14944110878720288
Bulk 227,0.22846552573611792,0.24280348373810673,0.05488049008444553,0.23929470770092487,0.23455579274040486
Bulk 228,0.5195288828139325,0.18163822746079902,0.0,0.052315714102930254,0.24651717562233832
Bulk 229,0.5523011366048537,0.15909119878119957,0.0,0.06961240696837835,0.21899525764556835
Bulk 230,0.0,0.29933342275015556,0.07689591682545759,0.30264969882127934,0.3211209616031076
Bulk 231,0.2902164991711609,0.13912662648101143,0.15056657655083047,0.2714511762497769,0.14863912154722042
Bulk 232,0.0,0.19220652243571423,0.07150764321535337,0.4363028657176776,0.2999829686312549
Bulk 233,0.3514628364946273,0.07543775531988041,0.014611588452578508,0.1565978707005076,0.40188994903240616
Bulk 234,0.3838918163380233,0.09991661873020301,0.06994827381914498,0.0,0.4462432911126288
Bulk 235,0.42336225671877775,0.03175417056914671,0.14465519525543388,0.11780727645141932,0.2824211010052224
Bulk 236,0.0,0.2640395314497744,0.07116772663531805,0.3341957829509184,0.33059695896398916
Bulk 237,0.42937295540116066,0.11739643194748155,0.024765414640004393,0.19710527215536186,0.2313599258559915
Bulk 238,0.2432749965329379,0.20655444478660484,0.05832353807256101,0.1184132153620563,0.3734338052458399
Bulk 239,0.00040464830466656023,0.19934942899897784,0.14701438038748077,0.42832535172998043,0.22490619057889438
Bulk 240,0.3752774799102659,0.1252576250285508,0.0,0.16152874486136817,0.33793615019981516
Bulk 241,0.15280568060592772,0.21719407839593136,0.04645485556064776,0.3570110554691128,0.22653432996838024
Bulk 242,0.8417649999996191,0.0,0.0,0.07478182042749504,0.08345317957288596
Bulk 243,0.280537213725764,0.18320680408586298,0.09597426951657384,0.10020204530251584,0.34007966736928336
Bulk 244,0.5984926769156182,0.04609218225225427,0.06648201085874889,0.045870614539003166,0.24306251543437551
Bulk 245,0.7743736855457931,0.05667722744366486,0.01075897367605944,0.0,0.15819011333448257
Bulk 246,0.22060173846553888,0.18728460823150792,0.031963438720966644,0.35276316070985675,0.2073870538721298
Bulk 247,0.42390722272451187,0.13883717900637332,0.0,0.15075488330723705,0.2865007149618778
Bulk 248,0.4223821964856511,0.1911749724231845,0.10614663512427981,0.1306922954208559,0.14960390054602862
Bulk 249,0.7060325669958664,0.10407383312274683,0.0,0.0,0.18989359988138682
Bulk 250,0.3333139048914718,0.16843775270508837,0.20853525310479598,0.09659899883559948,0.19311409046304442
Bulk 251,0.2664043510711488,0.0,0.0,0.5123590727707442,0.2212365761581069
Bulk 252,0.4399481005892265,0.12465565602628711,0.0,0.19993955368582567,0.23545668969866076
Bulk 253,0.3665193202021586,0.20257029976958263,0.08488919458101402,0.0639047937487221,0.2821163916985227
Bulk 254,0.475991857463709,0.14976642702337564,0.0,0.04021690681407527,0.33402480869884
Bulk 255,0.19525050796377766,0.20443930690559117,0.0,0.27351475883866,0.3267954262919711
Bulk 256,0.16775215189280088,0.18365188322829654,0.0,0.375332856843737,0.2732631080351657
Bulk 257,0.17384390398025235,0.26221286043944786,0.03338486598735612,0.2847731756167741,0.2457851939761695
Bulk 258,0.4099926006886312,0.07625490826855907,0.0,0.22796069225051546,0.2857917987922942
Bulk 259,0.43389303436269444,0.23253925999111666,0.0,0.05204696002373731,0.28152074562245155
Bulk 260,0.08403957144805099,0.19001256280381057,0.07397506324972561,0.4258047574915829,0.2261680450068299
Bulk 261,0.24871979083002743,0.188125169324409,0.17598730349982353,0.25039819540299874,0.1367695409427412
Bulk 262,0.043176192486619885,0.1908085934716803,0.16838495344234836,0.3768466539471597,0.22078360665219168
Bulk 263,0.07457890903385316,0.24751635547530773,0.09782609541340748,0.36608708999895456,0.21399155007847712
Bulk 264,0.24257154381166468,0.14866411069589547,0.034475509433870094,0.40472925407652244,0.16955958198204743
Bulk 265,0.0837030750339505,0.2068483216249503,0.0,0.39412306768832356,0.3153255356527756
Bulk 266,0.614935658873096,0.1416887757072936,0.0,0.08852706850804126,0.15484849691156918
Bulk 267,0.22463453119078788,0.17026342753991097,0.139041942972402,0.17198838220376927,0.29407171609312976
Bulk 268,0.3741252916896086,0.12746499880364326,0.0,0.25287507507658913,0.24553463443015897
Bulk 269,0.11194477013765271,0.17232427650103807,0.14808591729554432,0.3147171375180512,0.2529278985477138
Bulk 270,0.4937871484519066,0.1534097142664174,0.07485864549528524,0.013253938329665342,0.26469055345672543
Bulk 271,0.19340302539900056,0.11697578481209041,0.07149450950383086,0.42415960038969497,0.19396707989538314
Bulk 272,0.550152292979413,0.07340805806354664,0.18655348273717076,0.07317280159695508,0.11671336462291465
Bulk 273,0.9074708340882197,0.0,0.0,0.0391208929117391,0.0534082730000412
Bulk 274,0.3367098732042243,0.1706166059257899,0.0,0.34848649901840417,0.14418702185158172
Bulk 275,0.0,0.2212367707485678,0.08698301296717446,0.40647353648993756,0.2853066797943202
Bulk 276,0.3949062081186217,0.14337875023725055,0.0,0.16939406447262595,0.29232097717150174
Bulk 277,0.29369613714523307,0.16032699850486026,0.22797841387489778,0.2152118986104126,0.10278655186459638
Bulk 278,0.4626485791821275,0.17450212593812126,0.030264279801894653,0.10683918919817051,0.22574582587968609
Bulk 279,0.3455092154790427,0.10730138564187024,0.12448221432236481,0.2723568695619465,0.1503503149947758
Bulk 280,0.5859914890797974,0.08427238421833683,0.0,0.09681472561373076,0.23292140108813503
Bulk 281,0.8536226758189706,0.0,0.0,0.0,0.14637732418102947
Bulk 282,0.32296557817611055,0.18967183651201228,0.0,0.24697300327848026,0.24038958203339697
Bulk 283,0.31901486214148783,0.20477703660959032,0.16750736235333466,0.2228292084657548,0.08587153042983244
Bulk 284,0.683155211006876,0.06256592801316578,0.0,0.13330476663116433,0.12097409434879378
Bulk 285,0.5297514104603397,0.18261720402283135,0.0,0.0,0.287631385516829
Bulk 286,0.26477128719705056,0.23574718347951873,0.156025817404527,0.1251386079330861,0.2183171039858176
Bulk 287,0.08855391751700555,0.16248553244930852,0.05006155039001592,0.4711990389810945,0.2276999606625755
Bulk 288,0.3508492840308992,0.21013637830554896,0.03582079788037964,0.09811750968296686,0.30507603010020534
Bulk 289,0.6291701095327691,0.06235780865891297,0.013071463234191774,0.14211904053026067,0.15328157804386552
Bulk 290,0.2273678477491639,0.2331914198442069,0.13199063110993295,0.259805967692072,0.1476441336046243
Bulk 291,0.5354570516683095,0.17117615960249913,0.0,0.0,0.29336678872919136
Bulk 292,0.5247695004479682,0.16397822444440893,0.06695013285559903,0.04326951670936193,0.20103262554266182
Bulk 293,0.39263865409393184,0.14074307330385583,0.0,0.2755980128804347,0.1910202597217775
Bulk 294,0.35823322774401517,0.2475137294615292,0.0028585615967872784,0.04851258122567126,0.3428818999719972
Bulk 295,0.4696526513888482,0.12384070034255973,0.1337494112147983,0.09072117415529536,0.1820360628984984
Bulk 296,0.7789877768150476,0.03351046712582631,0.02130083337078831,0.0,0.16620092268833775
Bulk 297,0.7339207974900018,0.05569213422854336,0.08266979479319274,0.0,0.12771727348826212
Bulk 298,0.03345813786931995,0.2618849760837424,0.13437742092746957,0.31817538889214686,0.2521040762273211
Bulk 299,0.5642152154254859,0.15134671507826897,0.0,0.0,0.284438069496245
Bulk 300,0.04890573229295648,0.22252666042491806,0.15780829630656956,0.28767965249109495,0.2830796584844609
Bulk 301,0.17512981930334456,0.22951723213530623,0.0,0.29205215744753565,0.3033007911138136
Bulk 302,0.10349229890732344,0.16067657222522957,0.11238882539464054,0.48373009104929887,0.13971221242350743
Bulk 303,0.286369161916748,0.1822480000826266,0.12338888920667354,0.23425831790126,0.17373563089269195
Bulk 304,0.25622833343178836,0.13788350855422862,0.10731300873858376,0.27346793279588844,0.2251072164795107
Bulk 305,0.29082413541452395,0.2458009936539588,0.024805130681376814,0.09089146984008224,0.34767827041005817
Bulk 306,0.4376599668531107,0.14901736040472294,0.0,0.15011817743508749,0.2632044953070789
Bulk 307,0.3325254554911324,0.16338231288516922,0.0,0.3685413981286656,0.1355508334950329
Bulk 308,0.5464320352795555,0.10551236055793974,0.0,0.08965994819272231,0.25839565596978237
Bulk 309,0.7850948706442987,0.0,0.0,0.0,0.21490512935570122
Bulk 310,0.47647897231270236,0.11540616575360678,0.02508505541187851,0.2538729216258373,0.12915688489597502
Bulk 311,0.1356676391753359,0.23352500667899526,0.11868671180528252,0.11061061840477589,0.40151002393561047
Bulk 312,0.6633662864367488,0.051680868359056456,0.0,0.12481292390405963,0.16013992130013516
Bulk 313,0.5382316572531042,0.0,0.0,0.2732288885313892,0.18853945421550672
Bulk 314,0.4672201916614953,0.09756413266377473,0.1571841335445728,0.11611225778222627,0.16191928434793104
Bulk 315,0.44056380088548075,0.12841926206029414,0.0,0.09020011346498308,0.3408168235892421
Bulk 316,0.23172327625506353,0.22057255078798535,0.08167740583399759,0.21449415764410482,0.25153260947884865
Bulk 317,0.19192942454549955,0.2756105332816088,0.1084145773000172,0.17795640541223634,0.2460890594606381
Bulk 318,0.6145390649618416,0.16464720195600305,0.0180905103673241,0.0,0.20272322271483117
Bulk 319,0.12388507177538415,0.1816279489659599,0.050641777952697656,0.3675351016942933,0.27631009961166486
Bulk 320,0.3203325834206496,0.08283196377430943,0.27779498293810756,0.1892821728234436,0.12975829704348985
Bulk 321,0.22954366883964428,0.24726355906221734,0.0,0.1677249628231718,0.3554678092749666
Bulk 322,0.2709977101866134,0.2061919655720318,0.0,0.18089821490332428,0.34191210933803057
Bulk 323,0.3447177187891658,0.2434628113476515,0.06519836861806934,0.12769614179742572,0.21892495944768775
Bulk 324,0.4618773453348829,0.15435651498415057,0.0260121779684587,0.06307712344675538,0.2946768382657524
Bulk 325,0.34428947885445255,0.13262020876106623,0.34167454703617517,0.0,0.18141576534830597
Bulk 326,0.06670545391546535,0.3240256315799911,0.35460763625144354,0.02379711711833701,0.2308641611347631
Bulk 327,0.4392845361183541,0.22565134154529168,0.06862696562612262,0.044820510646225,0.22161664606400652
Bulk 328,0.36166184563560055,0.1754610673496273,0.0,0.23721142615086616,0.22566566086390608
Bulk 329,0.4616030880486025,0.1174289683259183,0.0,0.28537557174111217,0.13559237188436687
Bulk 330,0.3939131289250859,0.2216673745037208,0.0,0.1231669936365695,0.2612525029346239
Bulk 331,0.31829112443765356,0.18477210166743785,0.02080891183205139,0.21115589620254815,0.264971965860309
Bulk 332,0.2580608204053692,0.2530143213530068,0.0,0.20777242541289373,0.28115243282873026
Bulk 333,0.4964997805679879,0.16674162290799432,0.10720887226064635,0.0,0.2295497242633714
Bulk 334,0.0,0.06011630745487019,0.11995884659754137,0.44117405221473227,0.37875079373285614
Bulk 335,0.4484539925560471,0.1686724297883463,0.0,0.17412115134359463,0.2087524263120118
Bulk 336,0.5905886726214711,0.1448605458899184,0.0,0.0,0.26455078148861044
Bulk 337,0.10507716506187535,0.1702586808325869,0.11813902100693821,0.3721579258435893,0.23436720725501023
Bulk 338,0.2211873571412767,0.14747583774349862,0.0,0.44502515170499896,0.18631165341022574
Bulk 339,0.27528605759735564,0.18346768442095207,0.32538427290193833,0.2158619850797539,0.0
Bulk 340,0.16823664243854192,0.1196368907339358,0.1774343210321181,0.28735151512639456,0.2473406306690096
Bulk 341,0.2981736239932178,0.1666004231363317,0.15633278172984466,0.18758719013597563,0.19130598100463023
Bulk 342,0.06068754472625626,0.12999965908546207,0.13778061914049652,0.5089224910819431,0.16260968596584213
Bulk 343,0.27389373949779083,0.19081037395272304,0.09253310956827253,0.1392089949008952,0.3035537820803185
Bulk 344,0.5118941226931071,0.13504387369572585,0.0,0.06795734576453775,0.28510465784662936
Bulk 345,0.24901037300904733,0.19136460241128886,0.2611089108787572,0.18585921716103765,0.11265689653986898
Bulk 346,0.5241022373962498,0.09670948266369463,0.010440068293919856,0.18921313636353135,0.17953507528260432
Bulk 347,0.32969500281355607,0.13136237714168372,0.0,0.24136883169424972,0.2975737883505104
Bulk 348,0.4117964087437164,0.12612586511008672,0.00010745395818206458,0.20653774469769048,0.25543252749032425
Bulk 349,0.3844097583118245,0.212079952241581,0.0,0.10383344191757474,0.2996768475290199
Bulk 350,0.3448062229764749,0.23842400754999793,0.0,0.06558237855819841,0.3511873909153288
Bulk 351,0.5667264411965549,0.022457086162486116,0.26052972798397017,0.15028674465698869,0.0
Bulk 352,0.07905312469020666,0.1750220673077169,0.07335265513866467,0.44626587139798796,0.22630628146542392
Bulk 353,0.13517298279833054,0.25997936877607,0.12362090817322778,0.29367018531025824,0.1875565549421135
Bulk 354,0.48989621020855967,0.1535798797344817,0.07725808022066646,0.10042247573085811,0.1788433541054341
Bulk 355,0.3317909846130274,0.06072114049963361,0.10391050822787477,0.23022230686172124,0.273355059797743
Bulk 356,0.3641547426413621,0.10724118481859814,0.11408619408038562,0.26064153717685157,0.1538763412828025
Bulk 357,0.26877240895325033,0.23264066599899746,0.04373667111785356,0.26121006545112735,0.1936401884787713
Bulk 358,0.4039314610177243,0.15575267231578338,0.05551705979286273,0.15941961243787436,0.2253791944357552
Bulk 359,0.0,0.15663532714613157,0.13864043929264927,0.26602435436791794,0.4386998791933013
Bulk 360,0.36559900593824496,0.2002938489171898,0.0,0.14797674913601938,0.2861303960085458
Bulk 361,0.5321269232528114,0.13645649593885092,0.1316672530070869,0.062334033875578586,0.13741529392567206
Bulk 362,0.12954610237659214,0.2255660195360111,0.0,0.3711546274135438,0.273733250673853
Bulk 363,0.1171769463152401,0.2468285302819389,0.09072260728564208,0.19838881907747802,0.3468830970397008
Bulk 364,0.37528848373141893,0.17948196737384123,0.022114977636675796,0.17064143546472516,0.25247313579333885
Bulk 365,0.4149099086058762,0.22565396535921067,0.0,0.006107165455348546,0.35332896057956453
Bulk 366,0.19783867809273936,0.13656226394392018,0.09165444149554604,0.34164018838984206,0.23230442807795249
Bulk 367,0.36819473596333135,0.18742794985825523,0.0,0.27822263162533134,0.16615468255308208
Bulk 368,0.0421523549800552,0.20720795656390797,0.024204689347925776,0.3328763155272751,0.39355868358083596
Bulk 369,0.7640297654605844,0.0,0.0,0.23597023453941557,0.0
Bulk 370,0.3991332031645219,0.18117023431150556,0.06334618005807764,0.18955816385642746,0.16679221860946758
Bulk 371,0.4308655750942738,0.23194379869088172,0.0,0.0,0.3371906262148445
Bulk 372,0.10687682752786207,0.13350873203068855,0.3043351459089408,0.36010913153943985,0.09517016299306864
Bulk 373,0.10697366674290068,0.18669702077308561,0.13939402237438314,0.3793175086696546,0.18761778143997584
Bulk 374,0.57428341284148,0.1896558899426869,0.0,0.0,0.23606069721583312
Bulk 375,0.3316007903388299,0.15191167614503254,0.0,0.274366923260211,0.24212061025592643
Bulk 376,0.6379227516570241,0.09607971139776782,0.0,0.07860825128055171,0.18738928566465643
Bulk 377,0.4404404833861832,0.17866426212035946,0.0,0.036615698643405574,0.34427955585005177
Bulk 378,0.21735784195639754,0.2693868978123177,0.06608530327446542,0.03632772398976931,0.41084223296704997
Bulk 379,0.3361158268984927,0.15117456437572646,0.12935445075577734,0.19284079445142607,0.1905143635185774
Bulk 380,0.4487891129748772,0.08471224263450969,0.14716136438338787,0.14931216789622143,0.17002511211100388
Bulk 381,0.6745812324707359,0.014997125034964432,0.0,0.007839256170233634,0.3025823863240661
Bulk 382,0.2013986171482567,0.16695749726918524,0.06377861023689006,0.39919792327976417,0.16866735206590383
Bulk 383,0.23806245166606663,0.16166558291058217,0.07622449002793516,0.26004491728880635,0.26400255810660955
Bulk 384,0.15938260143247357,0.20875205273294842,0.0,0.13558900678030186,0.49627633905427615
Bulk 385,0.36699273716088765,0.0873678843394439,0.049989809932440676,0.41277944344776424,0.0828701251194635
Bulk 386,0.2802861836850345,0.09452596340650694,0.13036870707714168,0.2862297725964056,0.20858937323491125
Bulk 387,0.4294691161036529,0.16115078588261386,0.05045631488876028,0.21925936040876115,0.13966442271621177
Bulk 388,0.6064991233640686,0.11035407160430621,0.0,0.0,0.28314680503162504
Bulk 389,0.659682286073753,0.08525352535906024,0.027021714796546636,0.21814597152626256,0.009896502244377492
Bulk 390,0.7356137698342032,0.0002168188559974004,0.0,0.10236955533274011,0.16179985597705918
Bulk 391,0.14735675819648725,0.22244530321396058,0.15368461101267714,0.2336950390053088,0.24281828857156623
Bulk 392,0.2778743168452624,0.11910208892674695,0.03555588280237662,0.2833778016566764,0.2840899097689376
Bulk 393,0.07222840040424448,0.3076846865736994,0.010089540292226322,0.2374824866352176,0.37251488609461225
Bulk 394,0.5391432146012456,0.05919751741505803,0.0,0.24956666747104764,0.15209260051264872
Bulk 395,0.38132800492359326,0.19863621435747925,0.0,0.07213960145567094,0.34789617926325656
Bulk 396,0.3634488557996029,0.20130906668511586,0.0,0.18944391713703368,0.2457981603782476
Bulk 397,0.8639776321253323,0.010372694417620325,0.0,0.0,0.1256496734570473
Bulk 398,0.6102654395650551,0.09974187725686826,0.0,0.026417065854707364,0.2635756173233693
Bulk 399,0.5288086353156873,0.15645460271515776,0.0,0.15587537539106192,0.15886138657809296
Bulk 400,0.3643960943682309,0.13349432159658906,0.19524682403169405,0.1101447651318538,0.1967179948716321
Bulk 401,0.5170170191365221,0.18154809783940376,0.0,0.03011510600318825,0.271319777020886
Bulk 402,0.10810239736521725,0.17109147644536712,0.16002177178449994,0.2817332771699189,0.2790510772349968
