,Ast,End,Mic,Neu,Oli
Bulk 0,0.30289848629178456,0.0629989048733538,0.0,0.48874467013491013,0.14535793869995145
Bulk 1,0.19261858883660626,0.1963893915939756,0.0300197637572939,0.4613204478365613,0.11965180797556313
Bulk 2,0.044738308962424825,0.2278542218831665,0.0555825291718453,0.37443319479028514,0.29739174519227835
Bulk 3,0.018143990754626374,0.1806881193841414,0.13741190162921915,0.36459487044800076,0.29916111778401216
Bulk 4,0.6383500217699,0.13874274838800357,0.0,0.004424844506478978,0.21848238533561756
Bulk 5,0.01616051717508325,0.28181556147112996,0.06414725250352336,0.3298045318656353,0.30807213698462815
Bulk 6,0.32173491515926195,0.13031648559440562,0.09961599574637252,0.22985302072173233,0.21847958277822763
Bulk 7,0.29791684917230116,0.2012379062984589,0.0,0.33362761062959606,0.1672176338996439
Bulk 8,0.13081149920012408,0.20567257160384303,0.11753743571591108,0.3282873505304586,0.21769114294966324
Bulk 9,0.8814924858797653,0.0,0.0,0.0,0.11850751412023472
Bulk 10,0.045109724916098666,0.1301949505438066,0.11858023470541394,0.550535052856731,0.15558003697794984
Bulk 11,0.12228885703003867,0.19926023568611959,0.06367954443025337,0.40930865427645974,0.20546270857712878
Bulk 12,0.2897713252634236,0.0,0.23692575394165816,0.4733029207949182,0.0
Bulk 13,0.13416208498484913,0.21119257637799832,0.14582078346476926,0.26325311272227153,0.2455714424501119
Bulk 14,0.8021570946707945,0.028108882363279714,0.0,0.0009671880248149616,0.16876683494111086
Bulk 15,0.372727102185276,0.0430797411371068,0.15117164564643312,0.3800655853309018,0.052955925700282264
Bulk 16,0.15632369442662572,0.2006751952711728,0.07739037864426782,0.35500072582280623,0.21061000583512743
Bulk 17,0.7588227336778469,0.009008347141241017,0.0,0.0,0.23216891918091206
Bulk 18,0.26206308767138253,0.24648587587801746,0.10335909729744135,0.1387513974606174,0.2493405416925412
Bulk 19,0.04330478071837941,0.20123179348240114,0.17179757126310077,0.2894650416415475,0.2942008128945713
Bulk 20,0.07684237642646721,0.11860094684190499,0.09513872556552323,0.506983384580105,0.20243456658599962
Bulk 21,0.1450756573055851,0.19298957652362694,0.005573874762063508,0.2962706709721572,0.36009022043656724
Bulk 22,0.0,0.24899605091157795,0.07698914140207616,0.38967444641873017,0.28434036126761564
Bulk 23,0.40367397605723454,0.0,0.0,0.41304176508401436,0.1832842588587511
Bulk 24,0.3142608090542582,0.1680254315097288,0.0,0.3066653070339688,0.2110484524020442
Bulk 25,0.1309331499404059,0.17976658697049192,0.0,0.3881641404007204,0.30113612268838164
Bulk 26,0.3693131986466612,0.08450276777456373,0.0,0.22923185625334525,0.31695217732542985
Bulk 27,0.3809276517923991,0.1264382817491262,0.11323455968380113,0.2448036205182183,0.1345958862564553
Bulk 28,0.27088918031723114,0.19244824410745565,0.0,0.27746557533223754,0.25919700024307574
Bulk 29,0.28818163063306407,0.14555759601738213,0.11546752401819901,0.3563589556011455,0.09443429373020922
Bulk 30,0.3201157108011013,0.10747905601480043,0.09668551465366484,0.3280773250675691,0.14764239346286442
Bulk 31,0.675399940901609,0.07797244195031888,0.0,0.061311621875240176,0.1853159952728318
Bulk 32,0.10627418592347748,0.20760601894336123,0.121224871421728,0.31904746783165355,0.2458474558797798
Bulk 33,0.05622294642404163,0.25966266232685264,0.043373906625149526,0.33579204393670203,0.3049484406872541
Bulk 34,0.11493021727888272,0.16230465463656302,0.1772192269895364,0.3357573018474245,0.20978859924759338
Bulk 35,0.45758267851085155,0.16634819814288437,0.004953573748932839,0.1772139188648583,0.19390163073247296
Bulk 36,0.19607674928454277,0.17670787783025463,0.23554515752789326,0.2347712061974277,0.1568990091598816
Bulk 37,0.6075978088196778,0.11295683469412571,0.0,0.04180817110618491,0.23763718538001163
Bulk 38,0.2519362452173596,0.16290249472200216,0.09123281213319699,0.3028474659366448,0.19108098199079643
Bulk 39,0.3019132626223231,0.18066529659441768,0.037580232228249834,0.4161030011015027,0.06373820745350676
Bulk 40,0.38876399927169747,0.011862556598846235,0.0,0.39481490876225744,0.20455853536719887
Bulk 41,0.47031298420208917,0.019749224547842528,0.0,0.2790195127709321,0.23091827847913624
Bulk 42,0.2641057765372248,0.18368980737795634,0.06638787245010587,0.20892083283203944,0.2768957108026735
Bulk 43,0.35672585576622756,0.09388637877545059,0.04641855438015978,0.3847341086552636,0.11823510242289849
Bulk 44,0.31735649046302283,0.0,0.23034811968493518,0.452295389852042,0.0
Bulk 45,0.2945170095733261,0.09223279651150948,0.33169348031278734,0.23903967902509676,0.04251703457728029
Bulk 46,0.3934832746878132,0.17724903818136895,0.0,0.16648992791540765,0.2627777592154102
Bulk 47,0.29357948662077477,0.18345671087346138,0.12517721742156238,0.22551890998402369,0.17226767510017774
Bulk 48,0.5053023059200773,0.12090378908521984,0.0,0.1521812919610669,0.22161261303363608
Bulk 49,0.031528742933326935,0.2007148614720498,0.06905107611342494,0.36345683209656926,0.335248487384629
Bulk 50,0.314181656029889,0.13087358240203487,0.09293899515359055,0.2888957176481748,0.17311004876631067
Bulk 51,0.7242326407377702,0.0,0.0,0.0710525502374796,0.20471480902475037
Bulk 52,0.23163041218369043,0.03991709126865604,0.06691676415814389,0.4462947574736462,0.21524097491586341
Bulk 53,0.297151628673067,0.20154557830196712,0.0,0.21112700761514755,0.2901757854098183
Bulk 54,0.3347751624519455,0.11736958356198712,0.01274893886858462,0.40223127362719996,0.13287504149028284
Bulk 55,0.43609944739012807,0.09871763200481593,0.0,0.3195146852236684,0.1456682353813877
Bulk 56,0.586958169370577,0.025746317114695563,0.03611480673433212,0.30674576034018947,0.04443494644020591
Bulk 57,0.6414341416572495,0.0944887210983622,0.0,0.003881655080094105,0.26019548216429417
Bulk 58,0.36927525531162175,0.11848923524028467,0.22734622466894022,0.084536024612312,0.20035326016684135
Bulk 59,0.29318920253047714,0.1135405166791074,0.0436797268175188,0.33966021025498777,0.20993034371790892
Bulk 60,0.15598693271015557,0.23709664358297922,0.0872313900180785,0.25866897076118234,0.26101606292760443
Bulk 61,0.17383340859876378,0.17722158566092155,0.0,0.3454699799270594,0.30347502581325514
Bulk 62,0.3899620861299606,0.1820310271887198,0.09121813951389822,0.23595793770889772,0.10083080945852355
Bulk 63,0.6446670977379597,0.07714609095478514,0.0,0.13223720003531383,0.14594961127194125
Bulk 64,0.17605716938549204,0.1327253385772939,0.30543733407539625,0.2204046880371589,0.16537546992465899
Bulk 65,0.17678772842481227,0.19969117347099227,0.08938136901060492,0.22373067169804997,0.3104090573955405
Bulk 66,0.2479654375980026,0.17713289929789802,0.12957882756600506,0.33338308866715927,0.11193974687093507
Bulk 67,0.2269486280331104,0.20272514883367238,0.0,0.16388332008423695,0.4064429030489802
Bulk 68,0.20303336019314958,0.1844855919004066,0.08931328438445608,0.34147987353995657,0.18168788998203114
Bulk 69,0.2991924174706554,0.04244032583632648,0.04611663553219069,0.51553743500137,0.09671318615945751
Bulk 70,0.03729533803125987,0.32256384468478544,0.02956213417781884,0.23345847867904326,0.3771202044270925
Bulk 71,0.6364321713661898,0.0,0.0,0.2690916621709193,0.09447616646289092
Bulk 72,0.037933177816963634,0.17751827875770076,0.08301838769033812,0.45730598316464416,0.2442241725703534
Bulk 73,0.32190468047274895,0.19777108321855852,0.0,0.14633466396467917,0.3339895723440132
Bulk 74,0.1892683823845303,0.1278228196254487,0.21726450480803222,0.2896407042841645,0.17600358889782425
Bulk 75,0.3986132849043859,0.19560083898277716,0.06158093291801903,0.050280274682462156,0.2939246685123557
Bulk 76,0.019677579236890414,0.24294394131467717,0.0,0.39103061030383707,0.34634786914459537
Bulk 77,0.5874697350915322,0.02934689225020493,0.0,0.09210682171965576,0.29107655093860707
Bulk 78,0.10692256333764563,0.15609257311750696,0.12644107075539895,0.37793512022123704,0.23260867256821144
Bulk 79,0.47308518490112783,0.08077063627524005,0.0,0.2929233940675732,0.1532207847560591
Bulk 80,0.4971356896257732,0.15079517442606413,0.0,0.06429769664669079,0.2877714393014719
Bulk 81,0.3539046578065262,0.152486535496421,0.0,0.2902388352320122,0.20336997146504066
Bulk 82,0.6012077622835333,0.1285859933202457,0.0,0.18155336141131687,0.08865288298490409
Bulk 83,0.2271980355721973,0.15739125912399088,0.0,0.3171742337663809,0.2982364715374309
Bulk 84,0.3156188899337843,0.14379452250034358,0.0,0.23771577318205944,0.3028708143838127
Bulk 85,0.011405537299747071,0.13171955709710315,0.21513557433555905,0.40656239025408014,0.2351769410135106
Bulk 86,0.24075430916259571,0.16583508583228018,0.0,0.4418929714887975,0.1515176335163266
Bulk 87,0.47744165287604606,0.133907476234821,0.03158289910508721,0.09419129950529691,0.26287667227874895
Bulk 88,0.039359420288507814,0.23441760896967614,0.11823231327402356,0.3550447881938218,0.2529458692739706
Bulk 89,0.41286211500843867,0.08321216337992846,0.0,0.3068400805756086,0.19708564103602427
Bulk 90,0.1365327757604086,0.14061317636159706,0.1384247036502341,0.3795116931242207,0.20491765110353954
Bulk 91,0.3932776629599659,0.03500376249589763,0.0,0.35758210199355883,0.21413647255057755
Bulk 92,0.3705363143001033,0.1224969613754836,0.0,0.2540023973529679,0.2529643269714453
Bulk 93,0.15637462686608267,0.201581324112572,0.13052806481891127,0.3271447389429045,0.18437124525952953
Bulk 94,0.3930505312811416,0.07412266508537381,0.07785947918224077,0.3307095497959428,0.1242577746553011
Bulk 95,0.3175781362487509,0.04568086367816244,0.06670273828114154,0.5002552308727971,0.06978303091914807
Bulk 96,0.5376591459599206,0.08768107072263016,0.2350666754809307,0.11284706507053033,0.0267460427659882
Bulk 97,0.7212286938168555,0.0,0.0,0.13777709941651584,0.14099420676662872
Bulk 98,0.3378642034062322,0.06756578103721461,0.2779078425890397,0.19247754730981084,0.1241846256577025
Bulk 99,0.13060076076991647,0.2501103095663292,0.0,0.3300154199208405,0.28927350974291377
Bulk 100,0.10570463734328263,0.25794335384123984,0.054449855271944646,0.30224789347719305,0.2796542600663399
Bulk 101,0.3561250143619011,0.14160409171893523,0.05988455315703026,0.24785572250476126,0.19453061825737225
Bulk 102,0.14423645331618798,0.215792037931244,0.04082961873295061,0.3785815356553006,0.22056035436431665
Bulk 103,0.08502854540695977,0.23572139246985074,0.03199328564605669,0.38970003916667584,0.2575567373104569
Bulk 104,0.3011434979280183,0.15638926879055798,0.0,0.2792290347249634,0.26323819855646036
Bulk 105,0.47915741362942343,0.02160739573094561,0.13948637449292214,0.30530760870867124,0.05444120743803755
Bulk 106,0.25731114652852616,0.18210075636630385,0.10586928748459878,0.17727312294487543,0.2774456866756957
Bulk 107,0.306112246890549,0.14444416969664725,0.03954087755727913,0.33947900297632605,0.1704237028791986
Bulk 108,0.11166594808443552,0.23467762992567917,0.02335665890640419,0.3548440917566058,0.27545567132687526
Bulk 109,0.27747283175007337,0.1007543196090986,0.14581044380656605,0.30649891835278553,0.16946348648147652
Bulk 110,0.7555308432096334,0.06855728295259339,0.09243857849312138,0.0,0.08347329534465185
Bulk 111,0.5505043507401574,0.1190775162040686,0.1736039517604721,0.0,0.15681418129530186
Bulk 112,0.4184677602229401,0.08008594528546994,0.16723057801222088,0.3107552484821837,0.023460467997185427
Bulk 113,0.47024000391813314,0.07036008446529624,0.09284338549677243,0.3255725785700593,0.04098394754973883
Bulk 114,0.41053957845027306,0.12336141083912167,0.1016027842494637,0.21649440240490334,0.14800182405623824
Bulk 115,0.18051432088376357,0.2015073146049739,0.18222186051216135,0.2805155952122789,0.15524090878682217
Bulk 116,0.2231758389989196,0.20785792347266346,0.0,0.28443562586400295,0.28453061166441396
Bulk 117,0.05467154960595045,0.23874586536200618,0.022333386651168352,0.3599347126270881,0.32431448575378696
Bulk 118,0.2836730620934844,0.15096112627629998,0.0473821616869813,0.25106392270579186,0.26691972723744234
Bulk 119,0.15450457009182325,0.2057746425467796,0.07588021646180135,0.33725072617197993,0.22658984472761579
Bulk 120,0.35326968484243726,0.14417403502952764,0.10288295695126413,0.30559063586146656,0.09408268731530445
Bulk 121,0.26891922886471764,0.18502068715711478,0.03537059546719873,0.36577854680277455,0.14491094170819435
Bulk 122,0.6403651941531001,0.07996998669714853,0.08094845055068534,0.0365359547943717,0.16218041380469433
Bulk 123,0.20120917761327123,0.06453635964599541,0.3427793536737778,0.34032298247900905,0.05115212658794649
Bulk 124,0.4152643770866749,0.1583080313537411,0.05198019778903155,0.2809095694719189,0.09353782429863351
Bulk 125,0.5095183399735426,0.13007739243556005,0.0,0.023684102126445266,0.3367201654644521
Bulk 126,0.003427445442200804,0.2060274675563071,0.08253196732233188,0.4664155588073761,0.24159756087178422
Bulk 127,0.22006287617988457,0.18933632038212675,0.0,0.267315347060396,0.3232854563775929
Bulk 128,0.2442242052382436,0.10459197844789832,0.14258147788314662,0.23450590799580687,0.2740964304349048
Bulk 129,0.6578774818988707,0.03592815350813086,0.0,0.3061943645929983,0.0
Bulk 130,0.6637671065987373,0.0388458400077038,0.0,0.14767987522672504,0.14970717816683382
Bulk 131,0.22665836225562314,0.1381979920307891,0.0,0.31062896221675446,0.32451468349683327
Bulk 132,0.81754823657254,0.0,0.0,0.0,0.18245176342745986
Bulk 133,0.28805648963995945,0.08830353288025278,0.3223837391263351,0.25265751533774716,0.04859872301570548
Bulk 134,0.28916668359109715,0.17253878313609933,0.018611957177170565,0.27542612595341787,0.2442564501422151
Bulk 135,0.22026372530169153,0.12494002841406165,0.1843003452168807,0.2615467489066355,0.20894915216073057
Bulk 136,0.3616381540630325,0.0726531070141824,0.08837859029924415,0.27061344470396437,0.20671670391957642
Bulk 137,0.29092942430245566,0.13962969396585875,0.13514467083603257,0.20543264859046545,0.22886356230518762
Bulk 138,0.20448619489465228,0.19671034754814845,0.045752127152336494,0.2937848076531738,0.2592665227516891
Bulk 139,0.5066260625912455,0.17029202462213955,0.0,0.06285489784315902,0.2602270149434559
Bulk 140,0.21821010602666946,0.11952602109304848,0.1245325172072616,0.4057855470754846,0.13194580859753596
Bulk 141,0.4331433364559519,0.03253136535572456,0.12243759218006509,0.32251430164573425,0.08937340436252418
Bulk 142,0.5527781133755285,0.0,0.24864861483372197,0.056009149552591495,0.1425641222381581
Bulk 143,0.6343580358085165,0.09681307995970163,0.0,0.0,0.2688288842317819
Bulk 144,0.18137431773754317,0.10564291993138884,0.2686238287471809,0.2179025688963183,0.22645636468756877
Bulk 145,0.5290232005500571,0.16426974875973924,0.0,0.12973221042251482,0.17697484026768875
Bulk 146,0.14774754905720214,0.22504177929727467,0.07325723626334374,0.3020837908863632,0.2518696444958162
Bulk 147,0.059020579992686804,0.3162544312077819,0.03840458229146442,0.3402818879430519,0.24603851856501494
Bulk 148,0.3280900085760258,0.1025033556822098,0.10765566370076857,0.277577009579643,0.1841739624613529
Bulk 149,0.306836665475667,0.19829585334253721,0.06993830047183577,0.23646828513779314,0.188460895572167
Bulk 150,0.10134931759681778,0.22166602261365656,0.052778812889346195,0.3366385171179245,0.287567329782255
Bulk 151,0.2751161371058355,0.21431894684173386,0.0,0.2897378534027844,0.2208270626496462
Bulk 152,0.292581798658844,0.22736798946675904,0.0,0.11637695186152194,0.3636732600128751
Bulk 153,0.6356146376361048,0.05020867814096147,0.0,0.0,0.3141766842229337
Bulk 154,0.2626382595371683,0.16363941249232986,0.12475647208413428,0.1964163098890941,0.2525495459972734
Bulk 155,0.42214028611358606,0.0,0.08176029930972692,0.3659805753122137,0.1301188392644733
Bulk 156,0.4729401140548482,0.09742555828424364,0.14529981724540694,0.1409475149572302,0.14338699545827097
Bulk 157,0.2832009617950519,0.10054854750747601,0.16550593959196297,0.26897113285971463,0.18177341824579435
Bulk 158,0.18860382691701813,0.171322583330591,0.1607881006647869,0.27155008669992065,0.20773540238768345
Bulk 159,0.4467495023426265,0.09443906103632867,0.0,0.1801482775099577,0.2786631591110872
Bulk 160,0.24098980598228725,0.2144446013653912,0.08280185366528314,0.18691827880912107,0.2748454601779172
Bulk 161,0.15725300114523189,0.20212648184959756,0.09629426505208948,0.3177852678200956,0.22654098413298548
Bulk 162,0.14466225745943673,0.22471916344312035,0.13745259257538822,0.21437707435123285,0.2787889121708218
Bulk 163,0.3673810576384792,0.11941511784437225,0.015749440994730697,0.32270789816936013,0.17474648535305773
Bulk 164,0.3171251083663966,0.23240685472922823,0.10054938744046751,0.0,0.34991864946390755
Bulk 165,0.2547450914337123,0.14630355055484764,0.05460067987511259,0.44483021868498857,0.09952045945133886
Bulk 166,0.40838437487224516,0.19483295050262114,0.093152768191086,0.12282368202212594,0.18080622441192168
Bulk 167,0.33997484972269104,0.22446873161299985,0.0,0.2004137375783041,0.23514268108600495
Bulk 168,0.031841618515918525,0.0,0.13583203946669214,0.6387372044097545,0.19358913760763477
Bulk 169,0.3424758727701702,0.1786415768493574,0.10643245111775092,0.14284449972616411,0.22960559953655746
Bulk 170,0.08740061066007312,0.2520098107732548,0.12615114105006195,0.22455656116013886,0.3098818763564713
Bulk 171,0.11166130489089167,0.12625776179988463,0.15794403510459,0.3862968564705157,0.21784004173411797
Bulk 172,0.12080380316514738,0.23806628631905993,0.047896932861174815,0.2679100173181425,0.3253229603364753
Bulk 173,0.6606012007234261,0.06411343208626484,0.0,0.0,0.2752853671903091
Bulk 174,0.9119364749723095,0.0,0.0,0.003602842039176777,0.08446068298851375
Bulk 175,0.537143445176133,0.0,0.20934748693744976,0.24368802048156826,0.009821047404848985
Bulk 176,0.28291468567546385,0.12987053691159936,0.111052454820266,0.28899201480525516,0.18717030778741567
Bulk 177,0.26945690551854645,0.0,0.31120614042204814,0.3883279835668316,0.031008970492573826
Bulk 178,0.671572880597035,0.04087921550708287,0.0,0.13856263901382676,0.14898526488205532
Bulk 179,0.43722539373626457,0.12368589329645252,0.0,0.21767774732985756,0.2214109656374252
Bulk 180,0.1652955791229532,0.0926494401978501,0.1652037829030799,0.38742160883254184,0.1894295889435749
Bulk 181,0.3704534542513332,0.1844128683279464,0.0,0.13230440403789076,0.3128292733828297
Bulk 182,0.13562035096486835,0.239421906062961,0.022945934365383485,0.2794379979762799,0.32257381063050733
Bulk 183,0.11178587857173139,0.11801471936054818,0.27850624567648147,0.29960024762159604,0.19209290876964294
Bulk 184,0.30585353347919597,0.1440131857781541,0.07368540019153955,0.2446616197728876,0.23178626077822267
Bulk 185,0.2431876255325252,0.15015436078458308,0.08430949400288212,0.2375034746770071,0.2848450450030025
Bulk 186,0.3461340290782783,0.08986077337758623,0.15646745135413118,0.20168157018869687,0.2058561760013075
Bulk 187,0.693447261046323,0.015885624314537272,0.0,0.06027221620271642,0.23039489843642327
Bulk 188,0.23360567875339933,0.15594064701300597,0.13794176044032078,0.23356617549397654,0.23894573829929736
Bulk 189,0.2905287263155417,0.08805469727233778,0.19819189695442055,0.2746435470306392,0.14858113242706075
Bulk 190,0.3738300084798777,0.15611125677190896,0.06569652216388917,0.17957921131399066,0.22478300127033363
Bulk 191,0.16899585026999664,0.14504990702317472,0.24776034553423026,0.3212276543166485,0.11696624285594981
Bulk 192,0.29280107154078433,0.09627186561018644,0.30504774071052154,0.2714409669864907,0.03443835515201706
Bulk 193,0.8828418364765539,0.0,0.0,0.0,0.11715816352344602
Bulk 194,0.4550567598631207,0.04446758723780448,0.2692318766346999,0.12867890188940767,0.10256487437496714
Bulk 195,0.4172358047104832,0.059902333616480674,0.059146242566349955,0.20105047684485325,0.26266514226183285
Bulk 196,0.553031628005106,0.07691708050949735,0.0,0.10501704559650865,0.26503424588888813
Bulk 197,0.024816920840767403,0.26113879557843617,0.11149978367017133,0.3034692726907313,0.2990752272198938
Bulk 198,0.9030918929944501,0.0,0.0,0.06392398146860002,0.03298412553694984
Bulk 199,0.286305776071535,0.15430653677281456,0.09963420616766781,0.21724485001640687,0.24250863097157557
Bulk 200,0.1388103392313139,0.024679902365873283,0.15879673301742753,0.49521099975871197,0.1825020256266734
Bulk 201,0.2914749137104311,0.05762915892831385,0.10476753675460686,0.43379178820232067,0.11233660240432745
Bulk 202,0.4290165933714841,0.08235414063000092,0.0,0.3220174861963696,0.16661177980214542
Bulk 203,0.676768438093536,0.04306466819970741,0.0,0.15747799146884453,0.12268890223791191
Bulk 204,0.37265048914143134,0.22994506313185856,0.0,0.04421201267061769,0.35319243505609227
Bulk 205,0.6290577506288857,0.0,0.17085316837691433,0.10968405101241901,0.09040502998178106
Bulk 206,0.7185068216282118,0.07378513325498545,0.0,0.04631319154429345,0.1613948535725093
Bulk 207,0.1541960984158963,0.14935190722303704,0.14912546497416143,0.31507333951180183,0.23225318987510343
Bulk 208,0.4694086228869837,0.15317237438527861,0.0,0.03869710831080523,0.33872189441693257
Bulk 209,0.41316992805559893,0.0835686853612259,0.1785430358521297,0.11395877847884842,0.210759572252197
Bulk 210,0.32493137984683174,0.2197727248103689,0.0,0.13502959651852067,0.3202662988242787
Bulk 211,0.10592467906097978,0.19726533117354483,0.04037083272536252,0.3447505190580984,0.31168863798201435
Bulk 212,0.8151298950105758,0.024053548640160568,0.0,0.05274353900081582,0.10807301734844794
Bulk 213,0.5360952195736972,0.1657583242713392,0.011841019443998464,0.009024520491261692,0.27728091621970347
Bulk 214,0.5826401739736279,0.1389214673464376,0.049326676367918966,0.0,0.22911168231201565
Bulk 215,0.2650802953959639,0.2101260620690175,0.02246366210533818,0.2220277602650964,0.2803022201645839
Bulk 216,0.21538702250637579,0.20010119691912887,0.015706277143598155,0.1243707197144302,0.44443478371646683
Bulk 217,0.4096580196307129,0.17561877871641668,0.0,0.1441081043245762,0.2706150973282942
Bulk 218,0.20658989134817188,0.16229261679745152,0.15119560931516465,0.3235998430629158,0.15632203947629617
Bulk 219,0.30603958408691306,0.17425678600752464,0.036814592922786306,0.3054749983155018,0.17741403866727418
Bulk 220,0.4125732652136488,0.17304232709544085,0.034557349684456375,0.0935233602016343,0.2863036978048195
Bulk 221,0.19736242527188552,0.1672918589417026,0.10501379973472653,0.2660854981070493,0.2642464179446362
Bulk 222,0.08309769216434536,0.09774007419003887,0.14787633371599276,0.3684431091743124,0.3028427907553105
Bulk 223,0.39293259489733057,0.1632038943456454,0.073985522921793,0.2367392588745133,0.1331387289607178
Bulk 224,0.5920780770965166,0.10815563602927288,0.0,0.10096686316654391,0.19879942370766662
Bulk 225,0.7488772937134665,0.10075131981012977,0.0,0.0,0.15037138647640375
Bulk 226,0.4311557899609832,0.14467763588927318,0.05755054869181065,0.2004511939408955,0.16616483151703743
Bulk 227,0.06868482811217329,0.29881365497822115,0.01746093668102458,0.2718822566659753,0.3431583235626057
Bulk 228,0.26065724486168984,0.23386414919207082,0.0,0.16312238776567625,0.34235621818056305
Bulk 229,0.46882329560640373,0.11809645339344192,0.05763890943438034,0.116213332230488,0.23922800933528604
Bulk 230,0.2885666558431119,0.0,0.21710423594721467,0.49432910820967346,0.0
Bulk 231,0.7009954422618644,0.04552553313267853,0.0,0.0,0.2534790246054572
Bulk 232,0.05050070933106601,0.10361063920246716,0.12752624282198882,0.4385673211445307,0.2797950874999473
Bulk 233,0.1474292099989767,0.30248619912782987,0.0,0.1773863005998888,0.37269829027330464
Bulk 234,0.22159439558494762,0.1924873038956082,0.05097502214222138,0.297376102817686,0.23756717555953671
Bulk 235,0.22252099912282702,0.2352144841019558,0.11043093956020227,0.2736725780448783,0.15816099917013648
Bulk 236,0.18892696548645196,0.24618392660531996,0.08696060729449076,0.18771111675347027,0.2902173838602669
Bulk 237,0.2376931955727831,0.18339464545107012,0.2272015997556482,0.10679107628392943,0.24491948293656912
Bulk 238,0.43013674754502607,0.04538532380702534,0.033102225812571814,0.23621922063662534,0.25515648219875153
Bulk 239,0.00823994640691971,0.2667301512010623,0.12892751746933437,0.3798794379559282,0.21622294696675531
Bulk 240,0.04796350390447968,0.2621359260945232,0.14132433281470957,0.28488502867684623,0.2636912085094412
Bulk 241,0.15895055951698295,0.11049286803921055,0.08740575368896276,0.5120854028792727,0.131065415875571
Bulk 242,0.6512662277767317,0.07784642083666232,0.050354960127045684,0.0,0.22053239125956026
Bulk 243,0.2780730482678831,0.17918587591061708,0.014791538023385413,0.21375862098275739,0.31419091681535694
Bulk 244,0.48142516479021946,0.11670982595903008,0.0,0.19846050002188426,0.20340450922886633
Bulk 245,0.8885696450501711,0.03445071144805262,0.0,0.0,0.07697964350177633
Bulk 246,0.30964574339254397,0.19786596320924357,0.05899013310128924,0.15694800236548154,0.27655015793144166
Bulk 247,0.37649014462987074,0.19919636974164504,0.19973921890427637,0.029704951428282625,0.19486931529592527
Bulk 248,0.6772061461461402,0.0920983399348689,0.0,0.1212469382281061,0.10944857569088476
Bulk 249,0.5548534965815703,0.10668181351813785,0.14367261535397713,0.0,0.19479207454631473
Bulk 250,0.455699063004999,0.1671236701243933,0.0,0.2535769219085732,0.1236003449620344
Bulk 251,0.39776536702304327,0.1343445917786963,0.0,0.2599149453703234,0.20797509582793708
Bulk 252,0.49596510294949364,0.11550582301091092,0.0,0.10960221976746866,0.2789268542721268
Bulk 253,0.15871629224641864,0.25784593540769074,0.08122742777570287,0.20529309178276506,0.29691725278742254
Bulk 254,0.6177989000679381,0.037460572138096296,0.0,0.0,0.3447405277939656
Bulk 255,0.3845346832025406,0.10065509076650948,0.0,0.3038303452433023,0.2109798807876477
Bulk 256,0.0,0.2132636830916711,0.052348053867535556,0.4820312945453522,0.25235696849544104
Bulk 257,0.0333841443919569,0.2891218554138828,0.06254945157212552,0.24761045195249246,0.3673340966695423
Bulk 258,0.3478519060789612,0.10144650886817401,0.0,0.1407455510014493,0.4099560340514156
Bulk 259,0.20959101366906546,0.3038139277229015,0.030746456081377587,0.1777836205116297,0.2780649820150258
Bulk 260,0.07434600027605141,0.21757007409881798,0.12539000361890323,0.33525719519783287,0.24743672680839449
Bulk 261,0.08523860136147379,0.26476643104211856,0.209563157486186,0.18599469357403195,0.2544371165361899
Bulk 262,0.30356211094300606,0.1271092666918252,0.12854453402919502,0.16866988944484917,0.2721141988911246
Bulk 263,0.3532874102515321,0.21844691541924202,0.0,0.25542278638417854,0.1728428879450473
Bulk 264,0.3561001415432915,0.1373977587059632,0.0,0.2652881288217876,0.24121397092895777
Bulk 265,0.2408564516989913,0.1354218142942701,0.05474106691169194,0.4399371283627869,0.1290435387322597
Bulk 266,0.12206189061147453,0.25964478601043206,0.19068987949653274,0.25685620818598315,0.1707472356955775
Bulk 267,0.03466237010421967,0.22823626379586462,0.06837250714039185,0.3612464063065587,0.30748245265296514
Bulk 268,0.46960372539389167,0.08526853319414363,0.0,0.16534937370436006,0.2797783677076046
Bulk 269,0.45157035104119136,0.1138196972032136,0.0,0.29278664343135824,0.14182330832423676
Bulk 270,0.30716568295160046,0.18435737873272232,0.05508702011425036,0.30432891301419157,0.1490610051872353
Bulk 271,0.4860219961550221,0.036238400433834674,0.09468166341463616,0.24107327387191993,0.141984666124587
Bulk 272,0.33542649508488087,0.15426763988276776,0.017825045223859942,0.19700924634287614,0.2954715734656153
Bulk 273,0.26358381444833084,0.14445802225374232,0.17428211352962178,0.2846798085248435,0.1329962412434616
Bulk 274,0.48946980048662647,0.1385616391459197,0.0774203246526322,0.26247378726843207,0.0320744484463896
Bulk 275,0.03636575026718933,0.22624518061893445,0.0536730819744125,0.3106353938000631,0.3730805933394006
Bulk 276,0.25504742443707956,0.22762744068167254,0.0,0.2732040848727703,0.24412105000847767
Bulk 277,0.6684989860155361,0.09848174086246407,0.03189735970270522,0.0,0.20112191341929456
Bulk 278,0.26344411756108,0.14129791406525402,0.0498684241522922,0.33672338167272425,0.20866616254864956
Bulk 279,0.5640514822781989,0.14760905582710251,0.0,0.22395504647894598,0.06438441541575268
Bulk 280,0.5951524694646111,0.13252452280446195,0.0,0.0,0.27232300773092705
Bulk 281,0.7106733035695937,0.09236288769855024,0.1007285357859236,0.0,0.0962352729459324
Bulk 282,0.7701957436001126,0.0,0.0,0.10695202420264723,0.12285223219724034
Bulk 283,0.3807624689016905,0.17801808410879036,0.017676989252025595,0.23260310903820813,0.19093934869928547
Bulk 284,0.8574775835997607,0.022204956500450866,0.0,0.05542352830095949,0.06489393159882907
Bulk 285,0.3033223414016786,0.2848811211513311,0.0,0.13486211163443138,0.27693442581255906
Bulk 286,0.11613505838254307,0.2226220322092996,0.23420697188192904,0.20321385262993766,0.22382208489629063
Bulk 287,0.1275016427078147,0.10974486782957725,0.06303411513527034,0.45380453537875803,0.24591483894857968
Bulk 288,0.5902277426350626,0.05009921960870946,0.0,0.15424006443668034,0.20543297331954755
Bulk 289,0.2654208005922701,0.15160880842941485,0.32039520502742275,0.07295392079551506,0.18962126515537728
Bulk 290,0.1448356392809736,0.23889530254805408,0.08219989476067033,0.24451164383173588,0.2895575195785662
Bulk 291,0.4033290397123431,0.18650428216668935,0.09230459525274215,0.0,0.3178620828682255
Bulk 292,0.3247114317754601,0.12512727916068772,0.3108901042009208,0.046566400364939725,0.19270478449799147
Bulk 293,0.3006208638559779,0.19739123488977092,0.0,0.2792972534981363,0.2226906477561149
Bulk 294,0.6263826295339519,0.100105665511636,0.0,0.0,0.2735117049544122
Bulk 295,0.5184226222459429,0.20932204618097563,0.029831348085849668,0.0010174394016215001,0.24140654408561021
Bulk 296,0.261825772801724,0.21260002158529936,0.19136173187491232,0.10320918649993364,0.23100328723813077
Bulk 297,0.7086650170985421,0.04534127865534613,0.16054549175342014,0.04974064417296777,0.03570756831972384
Bulk 298,0.3649639845225561,0.155939092375098,0.03405791543391309,0.29764034963086966,0.14739865803756316
Bulk 299,0.5023173686476398,0.11457346486021669,0.07325451495377151,0.0,0.30985465153837205
Bulk 300,0.05812348807503853,0.24953106202318345,0.04695253141101066,0.29909726008814513,0.34629565840262216
Bulk 301,0.01620496629895319,0.24786243866772792,0.0,0.43342459132312267,0.3025080037101962
Bulk 302,0.08249302604407065,0.24881473022937428,0.0,0.388832337810739,0.27985990591581605
Bulk 303,0.05554999796164777,0.2155192863944967,0.2292212342132587,0.3151487955913682,0.18456068583922855
Bulk 304,0.26192222916935937,0.25162570222106756,0.09373899794490323,0.16774167179033014,0.22497139887433973
Bulk 305,0.5662450566726919,0.0765040499603679,0.0,0.10228904636680823,0.2549618470001321
Bulk 306,0.4887357874392854,0.17264902854496425,0.0,0.10564981165466798,0.23296537236108236
Bulk 307,0.4725359870936101,0.2005107032744713,0.042138077706778264,0.018135665368661364,0.26667956655647906
Bulk 308,0.3797992685542156,0.1481500004251674,0.01567286319309849,0.1901311771617405,0.266246690665778
Bulk 309,0.5191818416545684,0.13289403311888368,0.0,0.0,0.347924125226548
Bulk 310,0.3900109127642826,0.17248618254764633,0.018486559353243472,0.1820005205830101,0.23701582475181737
Bulk 311,0.22982907365868457,0.15768533118274133,0.10052717820186854,0.2773257492477341,0.23463266770897143
Bulk 312,0.1606025973955793,0.2608166163642719,0.10608382282962693,0.1999799925863962,0.2725169708241257
Bulk 313,0.368255931141473,0.21139295208894027,0.0,0.10578551167877986,0.31456560509080683
Bulk 314,0.5341037555695638,0.191910989284427,0.0,0.0537849847033301,0.22020027044267912
Bulk 315,0.15023954922938298,0.20002881663322028,0.20505790120681566,0.1491717247863886,0.2955020081441925
Bulk 316,0.25441323124975446,0.2022005818395763,0.0,0.25920927468402477,0.2841769122266445
Bulk 317,0.26324113830044205,0.1752848024746012,0.061750709070680136,0.22163329580743363,0.2780900543468429
Bulk 318,0.2193855350580239,0.21820650449292822,0.04216798283138114,0.16119419559963089,0.3590457820180359
Bulk 319,0.14107004078300808,0.2660982570859729,0.07292960945714586,0.28913145885426805,0.2307706338196051
Bulk 320,0.7545351620693341,0.0,0.0,0.0,0.24546483793066584
Bulk 321,0.5134894142201681,0.1398694920816086,0.08113667984055707,0.027351388691483156,0.23815302516618297
Bulk 322,0.15471045785739654,0.22086472109558608,0.016651131195429526,0.3494670339783804,0.25830665587320734
Bulk 323,0.2544708549833678,0.19491423087675241,0.15033215626438232,0.13700697913331678,0.2632757787421806
Bulk 324,0.2146424690977526,0.1856440816802718,0.19832947847928342,0.23107367896461253,0.1703102917780796
Bulk 325,0.21442505628465894,0.1758967682965681,0.3816424167601657,0.0,0.22803575865860723
Bulk 326,0.0,0.31191302376788055,0.15472845619224088,0.2934680974320413,0.23989042260783724
Bulk 327,0.3766962222587839,0.18788278541576448,0.025617673274470797,0.17892811221516242,0.23087520683581841
Bulk 328,0.39533866693080544,0.0,0.28013227594418133,0.14325781878356156,0.18127123834145173
Bulk 329,0.345850906392697,0.1515881972564005,0.15353800976900286,0.17339192467749742,0.17563096190440233
Bulk 330,0.06227954930271297,0.2730476487200851,0.17643880514853783,0.2254259051549091,0.26280809167375496
Bulk 331,0.3457045421311316,0.0031887502602528893,0.24213559671716317,0.40897111089145227,0.0
Bulk 332,0.5831174307603358,0.1589376700013214,0.0,0.0,0.25794489923834285
Bulk 333,0.587137673832819,0.1254272111656398,0.0,0.0,0.2874351150015412
Bulk 334,0.09529670890886564,0.15790335898613803,0.02280824259440889,0.4460331082910046,0.27795858121958283
Bulk 335,0.6018693337872323,0.09447243375033985,0.0,0.06874650542629668,0.2349117270361313
Bulk 336,0.1848667070331291,0.2355764703660297,0.08258473580875117,0.13084153474203275,0.3661305520500574
Bulk 337,0.0710315254454461,0.13634292010172383,0.06761292890670968,0.39377791334230433,0.3312347122038161
Bulk 338,0.0,0.21365470933974057,0.05924583511146487,0.40267292484578093,0.3244265307030137
Bulk 339,0.7908536357753797,0.015783587170202958,0.1052153140477078,0.0,0.08814746300670949
Bulk 340,0.09263042085896403,0.2165540938697979,0.10930260196607453,0.28839607482765517,0.29311680847750815
Bulk 341,0.46113513613839235,0.14515192037369903,0.16240878783542842,0.10182225359286279,0.1294819020596175
Bulk 342,0.021180178584621793,0.2266939259989117,0.0815739686666937,0.42283384933593726,0.24771807741383553
Bulk 343,0.3824005618417003,0.07361468560902537,0.008407698750328983,0.30315885030654083,0.2324182034924045
Bulk 344,0.40646572925754204,0.1470230136726021,0.0,0.17226930252034142,0.2742419545495145
Bulk 345,0.5519589208243122,0.1688587079159733,0.03555905109080229,0.06752651544689053,0.17609680472202188
Bulk 346,0.2575826178176719,0.14174620293558224,0.08231418737881854,0.33100177852912377,0.18735521333880362
Bulk 347,0.476009963852087,0.16103876202583084,0.0,0.12416189391736347,0.23878938020471863
Bulk 348,0.3141470198997308,0.22974179842877118,0.06130315156582256,0.06651479304520745,0.3282932370604681
Bulk 349,0.4961586122162314,0.08328032957287096,0.20643596042196394,0.044778667661837246,0.1693464301270965
Bulk 350,0.27522836390939537,0.18794152700202124,0.1442840543361127,0.1219095970100042,0.2706364577424664
Bulk 351,0.34803474704698073,0.05408575010950849,0.44838788171964017,0.1494916211238706,0.0
Bulk 352,0.007826099626926618,0.15713499400157613,0.11668732776263643,0.5100135128222724,0.2083380657865885
Bulk 353,0.6272875280157446,0.1328853146263716,0.0,0.0,0.2398271573578837
Bulk 354,0.4842394792509615,0.13667852104446013,0.11544830215228637,0.0,0.26363369755229193
Bulk 355,0.3083037163288679,0.15524150724593427,0.038792299388954295,0.2764714206963407,0.22119105633990302
Bulk 356,0.3674489574798403,0.10061579023901308,0.197820275973797,0.22605504160912676,0.1080599346982227
Bulk 357,0.2230281150803937,0.2830505132295159,0.10341290292253982,0.12543376857077085,0.26507470019678
Bulk 358,0.6574718380865147,0.07310801933402164,0.0,0.0,0.2694201425794637
Bulk 359,0.2462869239194039,0.22952109893912495,0.05133785703853285,0.21152199768672225,0.26133212241621606
Bulk 360,0.4285923937358342,0.16578163731260512,0.0,0.0713970511896899,0.33422891776187097
Bulk 361,0.3997767128798656,0.1452938868101958,0.18022171755914823,0.08786823164657322,0.18683945110421712
Bulk 362,0.08975396061299326,0.2439137040625165,0.05353591720622172,0.37106387023947346,0.24173254787879503
Bulk 363,0.24182831764829205,0.16187399008004216,0.1618599385981828,0.2558826608863615,0.1785550927871216
Bulk 364,0.4337824025809912,0.0,0.0898133945680082,0.3278795599261351,0.14852464292486534
Bulk 365,0.29311690318133854,0.13604805849618068,0.0,0.34952817255313917,0.22130686576934172
Bulk 366,0.14301390308547593,0.23226434498960488,0.08609600548974042,0.26100063248473493,0.27762511395044387
Bulk 367,0.5536576513005762,0.11596015191201568,0.0,0.0979897716774279,0.23239242510998015
Bulk 368,0.18024366228324623,0.21749406722351564,0.0,0.14833641176837437,0.4539258587248637
Bulk 369,0.31097730294412596,0.22931743380547648,0.0,0.26307003041255234,0.19663523283784531
Bulk 370,0.34164061438098026,0.19246338830153778,0.0,0.19436830573165026,0.2715276915858318
Bulk 371,0.4394627389388659,0.2522590428695545,0.06732818401342622,0.020519899635477894,0.22043013454267552
Bulk 372,0.18760472948733004,0.23022995418229342,0.13622434713403772,0.16741037946416557,0.2785305897321734
Bulk 373,0.04852497318049141,0.22216498844735705,0.05285170571946837,0.37074923553240735,0.3057090971202757
Bulk 374,0.5730781356846755,0.07192939660242613,0.16062551776768813,0.04088265341629557,0.15348429652891474
Bulk 375,0.08169753965311183,0.2890948614024394,0.04584129700788095,0.32355134536381586,0.259814956572752
Bulk 376,0.44891723048251264,0.1597075210124663,0.0,0.19557626402353315,0.1957989844814879
Bulk 377,0.16597289811890845,0.28251194031920157,0.09326356972643655,0.2812447126149206,0.17700687922053282
Bulk 378,0.09930539913665938,0.31867350519486737,0.03699031965390492,0.21372804267707163,0.3313027333374967
Bulk 379,0.7527642643507081,0.0,0.0,0.19542469771898371,0.05181103793030834
Bulk 380,0.5838559746026872,0.058423750613118816,0.0,0.1936627359616534,0.16405753882254062
Bulk 381,0.7932965160426526,0.0,0.0,0.0,0.20670348395734742
Bulk 382,0.3294576359393346,0.1391257861901091,0.0,0.25491987140296035,0.27649670646759605
Bulk 383,0.43387123597227945,0.14384999192066095,0.0,0.24023368140455093,0.1820450907025086
Bulk 384,0.042531715473201975,0.2842066467142785,0.10125254609720172,0.23567953655844345,0.3363295551568744
Bulk 385,0.257577113729983,0.1380114048421721,0.0,0.4357783195360912,0.16863316189175373
Bulk 386,0.5596511117584498,0.08612107558306792,0.06761468822953778,0.0,0.28661312442894443
Bulk 387,0.2754561067515169,0.22360794205668572,0.06160179405259941,0.1564354009509217,0.28289875618827626
Bulk 388,0.3139905484741256,0.22524697395916388,0.09185025738097292,0.13913988217870002,0.2297723380070376
Bulk 389,0.26013978349051375,0.271032465768068,0.06339216430670604,0.1574854630178007,0.2479501234169114
Bulk 390,0.21996959111588968,0.1512844933872797,0.2604677274492801,0.22899963786082975,0.13927855018672086
Bulk 391,0.13446511658658386,0.25094097433264634,0.0,0.33662122195720195,0.2779726871235679
Bulk 392,0.39560079724162556,0.13163716615982834,0.0,0.2272089687289065,0.24555306786963965
Bulk 393,0.1630445373444566,0.17180327680641658,0.056389134493208176,0.16435660183946849,0.4444064495164501
Bulk 394,0.4614755320740349,0.09349157650980695,0.0374718451547755,0.14332378741749383,0.2642372588438889
Bulk 395,0.37291138086462927,0.2228797392621906,0.0020910239737554673,0.0,0.4021178558994248
Bulk 396,0.4307119853404409,0.23233539276853102,0.0,0.08922139468722501,0.24773122720380306
Bulk 397,0.7423010330639538,0.026821289016081974,0.0,0.029298678678736284,0.20157899924122796
Bulk 398,0.5317834929727889,0.10518860842799549,0.0,0.26669193293594534,0.09633596566327021
Bulk 399,0.6646153769180346,0.10169260245443955,0.08255519099943563,0.0,0.15113682962809022
Bulk 400,0.6621452989256587,0.0,0.0,0.13749899823302952,0.20035570284131182
Bulk 401,0.2518069483796473,0.2533291027689598,0.0,0.1779402910920451,0.3169236577593478
Bulk 402,0.27411026462938903,0.13015794405696066,0.03726754014263484,0.2802631246470712,0.27820112652394435
Bulk 403,0.26318998650955155,0.20651985909350057,0.10464590637393166,0.121522100761182,0.30412214726183423
