,Ast,End,Mic,Neu,Oli
Bulk 0,0.12567677148592152,0.10895387951545844,0.15940994630167227,0.44827278732538384,0.157686615371564
Bulk 1,0.35359848737276856,0.1467673474425995,0.0,0.2516836170245553,0.2479505481600766
Bulk 2,0.054435551391526144,0.1754307995357128,0.17668300913434667,0.36805058730999807,0.22540005262841625
Bulk 3,0.038761730072905905,0.2856504146750223,0.11301617819992195,0.24670889865327944,0.3158627783988705
Bulk 4,0.5228400063527866,0.07010002182135137,0.05477206903172672,0.20335495138992682,0.14893295140420856
Bulk 5,0.0,0.2352478284870965,0.02548969904002998,0.4337722219187948,0.30549025055407875
Bulk 6,0.15168339372490408,0.21121656229043273,0.1660814471186969,0.24615847823752882,0.22486011862843752
Bulk 7,0.45127097400698635,0.09540072136531003,0.0,0.32020372909351813,0.1331245755341855
Bulk 8,0.14693958808014004,0.17386589702643476,0.08832185966309128,0.3125475484607708,0.2783251067695632
Bulk 9,0.15387943389268505,0.22267201095947878,0.1600601692998748,0.14965528990083354,0.31373309594712784
Bulk 10,0.04284800046723114,0.2005462841744832,0.06521428163197167,0.36899498260854935,0.3223964511177647
Bulk 11,0.33654992355755214,0.20808001130984013,0.01169767655003506,0.18906514743306332,0.2546072411495094
Bulk 12,0.4318408126456809,0.18109163861036282,0.0,0.15723314398238833,0.22983440476156805
Bulk 13,0.17165395483479615,0.1349802694654242,0.14471435551504183,0.3796546740853799,0.168996746099358
Bulk 14,0.8572762227001913,0.0,0.0,0.017404445109416074,0.12531933219039265
Bulk 15,0.4341737005352526,0.1553978157598508,0.0,0.11669822723280619,0.29373025647209033
Bulk 16,0.3513039918884702,0.1896660847881279,0.0,0.1395750799870952,0.31945484333630664
Bulk 17,0.4343789696267804,0.0898090846052421,0.13847291148655563,0.33733903428142176,0.0
Bulk 18,0.33963456343446696,0.06782124544636815,0.03949611499821275,0.39684057107640786,0.1562075050445444
Bulk 19,0.20506872965386702,0.26733380981052063,0.0,0.2604109272090767,0.2671865333265357
Bulk 20,0.0,0.19298036674340197,0.05235483050048317,0.41312122769231535,0.34154357506379956
Bulk 21,0.27981884988605243,0.12128806338659755,0.08783148388561829,0.36664515592064256,0.1444164469210892
Bulk 22,0.12963724758691594,0.1188498905873976,0.10541204029675509,0.5229606766367952,0.12314014489213605
Bulk 23,0.2410041537787773,0.17741132851057656,0.11436145989598409,0.2658214760127829,0.20140158180187917
Bulk 24,0.28451628878040375,0.10811353829433377,0.0,0.32355784552031386,0.28381232740494877
Bulk 25,0.2101088603380427,0.11346216857209489,0.08768866249740474,0.41660961595751406,0.1721306926349435
Bulk 26,0.4813209474115185,0.0,0.0,0.30966261320874733,0.2090164393797342
Bulk 27,0.7092354833867539,0.01374295056879713,0.0,0.1263975736558875,0.15062399238856156
Bulk 28,0.10421042168530201,0.23897752397421868,0.1121995005650058,0.29325938046208283,0.2513531733133908
Bulk 29,0.2203372553532505,0.22269721709834508,0.07841462696578046,0.17222146485064724,0.3063294357319767
Bulk 30,0.48881849113235537,0.03786040170479857,0.0,0.2358692492751519,0.23745185788769413
Bulk 31,0.4698949659419596,0.09227744871836764,0.0,0.19263341410507312,0.24519417123459958
Bulk 32,0.06858962741819655,0.2226218791569665,0.06262333471101648,0.28813169368481484,0.35803346502900574
Bulk 33,0.07343300020598505,0.18936814588092737,0.1075200690420441,0.45762114611927285,0.17205763875177063
Bulk 34,0.21910635606524084,0.18340644149764282,0.0,0.3427115129739932,0.2547756894631232
Bulk 35,0.48623979116928434,0.15440641734033794,0.0,0.15894665759349258,0.20040713389688505
Bulk 36,0.3472373763951623,0.1990453308214942,0.0,0.1666697659177963,0.28704752686554724
Bulk 37,0.17350621440332278,0.22296281514458355,0.1161302667223633,0.24260073280338512,0.2447999709263453
Bulk 38,0.48144841257406684,0.07052037055027251,0.0,0.2825269327663644,0.16550428410929618
Bulk 39,0.15737587263688557,0.08452116733899848,0.1623453476960105,0.5308210827662742,0.06493652956183131
Bulk 40,0.3619604906143321,0.13758457538095345,0.0,0.30714007776499236,0.19331485623972217
Bulk 41,0.4954524390227621,0.14891755984535732,0.0,0.13830424006443884,0.21732576106744178
Bulk 42,0.19090752131617203,0.27357057782760946,0.025756231418172362,0.2246408731142389,0.2851247963238072
Bulk 43,0.0,0.12138227517722461,0.1367011278805593,0.5073547545403942,0.23456184240182193
Bulk 44,0.050604390121748534,0.21109811189332145,0.048262161277972226,0.3413665235489392,0.34866881315801856
Bulk 45,0.6300849491178526,0.01512091056273813,0.03187218790039229,0.24543814678579845,0.07748380563321851
Bulk 46,0.46631365472087966,0.11360341588109217,0.05283154379747474,0.23228634464368392,0.13496504095686954
Bulk 47,0.3891992493528794,0.14373187612133992,0.02609601012545107,0.2662264724687983,0.17474639193153121
Bulk 48,0.32718913955489576,0.1776927926121252,0.12469449526344803,0.14928874092564823,0.22113483164388284
Bulk 49,0.18156779797416972,0.1531912638237439,0.029605742896414444,0.4820379799677781,0.1535972153378938
Bulk 50,0.3474305784862677,0.10554319315438532,0.0,0.3435034011375015,0.20352282722184553
Bulk 51,0.0756941476895309,0.23487157880521414,0.1807753981962844,0.2998013643847411,0.20885751092422952
Bulk 52,0.11313783382234849,0.15227892175530536,0.14707928401963155,0.2672041863018107,0.320299774100904
Bulk 53,0.1508180565216883,0.23024989443947447,0.12182561857775187,0.325294063887163,0.1718123665739223
Bulk 54,0.25425757851060804,0.15913956787589148,0.08247546745286305,0.34182396571189366,0.16230342044874393
Bulk 55,0.2847141283334724,0.20212729866763354,0.0,0.3419178678922984,0.1712407051065957
Bulk 56,0.3984553514398748,0.1431377244685489,0.028180576674690264,0.24500071431522402,0.18522563310166212
Bulk 57,0.7253409738205773,0.07709750734197336,0.0,0.0,0.1975615188374494
Bulk 58,0.24666594733286948,0.141059263648091,0.3448723641045203,0.13502432907046616,0.1323780958440531
Bulk 59,0.2519321554027058,0.1775893964474357,0.06223800261988551,0.3357701898834517,0.17247025564652113
Bulk 60,0.22072152250470034,0.19373855618937663,0.0,0.337211326068569,0.24832859523735393
Bulk 61,0.45404143206895303,0.07581092953322092,0.0,0.3032941177835597,0.16685352061426625
Bulk 62,0.3888443321997701,0.03900882540291289,0.01113786267904717,0.35125132254042296,0.2097576571778469
Bulk 63,0.7882387588524692,0.0,0.0,0.0,0.2117612411475309
Bulk 64,0.3339427511022672,0.009567156484116204,0.07248961350650772,0.5218977960048582,0.06210268290225067
Bulk 65,0.2542650862337397,0.17676874371871393,0.0600612662096533,0.36561737669253314,0.14328752714535997
Bulk 66,0.3005263222876905,0.08841232149387285,0.0184094031989271,0.45654350967445584,0.13610844334505373
Bulk 67,0.3816611809913679,0.14673122677850065,0.0,0.19407950733854687,0.27752808489158454
Bulk 68,0.25726682134333073,0.09990120952345843,0.0,0.46652036495973476,0.17631160417347622
Bulk 69,0.11231341768071153,0.15316344747895125,0.1070091610797537,0.4024443889476028,0.22506958481298073
Bulk 70,0.1344312725199284,0.07838001491731098,0.0520394482449681,0.5945837308757513,0.14056553344204112
Bulk 71,0.3648917701558924,0.06505735964796418,0.0,0.30304448558830527,0.267006384607838
Bulk 72,0.10388539260794447,0.0,0.10025611574490764,0.6524771362475362,0.1433813553996116
Bulk 73,0.31008184421649054,0.19404835042533405,0.038523184637059865,0.33537453291864966,0.12197208780246582
Bulk 74,0.2855461472625714,0.0894243899486762,0.32214140478587044,0.2211971289598764,0.08169092904300562
Bulk 75,0.7790841453846599,0.0,0.0,0.11429315798363295,0.10662269663170727
Bulk 76,0.045033841674067064,0.24047530529604852,0.03184624546487035,0.4544060610821949,0.2282385464828192
Bulk 77,0.44883157673677254,0.08983388030940441,0.04159961051383383,0.23866154659150682,0.18107338584848237
Bulk 78,0.40788996762258667,0.17080955237964915,0.02430409741477801,0.2074996027481248,0.18949677983486138
Bulk 79,0.14964890671622116,0.17979172247466957,0.06250884204778788,0.4662384698683473,0.14181205889297405
Bulk 80,0.41876596682875833,0.22634000646438876,0.0,0.0,0.35489402670685294
Bulk 81,0.22262750626591415,0.22118322616717434,0.0,0.19900837108923417,0.35718089647767726
Bulk 82,0.6826793592134183,0.06305144174983635,0.0,0.0,0.2542691990367454
Bulk 83,0.22315678319923005,0.1315180364274354,0.0,0.33056467509980236,0.31476050527353217
Bulk 84,0.14339576516436534,0.14684719065748394,0.08104447832441555,0.38002478187760524,0.24868778397612992
Bulk 85,0.15236062712631973,0.20346535028511667,0.037953640862571685,0.40606662909856306,0.2001537526274289
Bulk 86,0.08165578416498946,0.1865066120058988,0.05936559858695786,0.41893067145179724,0.25354133379035665
Bulk 87,0.3350740808187055,0.0947301956096567,0.23171310595535785,0.28590957083822566,0.05257304677805429
Bulk 88,0.3523001851895408,0.09834998386543747,0.10320666607085938,0.3774231761100324,0.06871998876413
Bulk 89,0.3797603911302632,0.11291319077107875,0.0,0.286256774987207,0.22106964311145097
Bulk 90,0.26026602691634665,0.13189000016225416,0.07266810703535517,0.2583958624119479,0.2767800034740961
Bulk 91,0.28475819374724853,0.11118394819654001,0.13572441226818163,0.35730118756496076,0.11103225822306904
Bulk 92,0.3978961171424918,0.16084401086193928,0.0,0.17873407166134653,0.2625258003342224
Bulk 93,0.4019973759537326,0.01605335641241567,0.11048325072258428,0.47140108740032144,6.492951094601204e-05
Bulk 94,0.27461721688951835,0.10566306631827045,0.0507268641159933,0.3812310082844663,0.18776184439175161
Bulk 95,0.15152283850761544,0.17823243682780154,0.08291878844240916,0.35711535547684947,0.23021058074532444
Bulk 96,0.7729860694841253,0.11175146125436954,0.0,0.0189578011639907,0.0963046680975145
Bulk 97,0.7367505591092804,0.0,0.0,0.11722369245049445,0.146025748440225
Bulk 98,0.26548300154433174,0.06662923782266669,0.1734178708461673,0.3443264274132723,0.1501434623735621
Bulk 99,0.1751497701174852,0.16148504986902135,0.0,0.38613902605130035,0.27722615396219324
Bulk 100,0.19673255614980897,0.23020049292287229,0.07843134543262022,0.22270383562630808,0.27193176986839046
Bulk 101,0.46347326196810357,0.1384281186803588,0.0,0.20029428668672283,0.19780433266481473
Bulk 102,0.23011143324079472,0.0,0.1437779654675779,0.5922564662797648,0.03385413501186254
Bulk 103,0.10959272603344133,0.06318075443140161,0.18547489028749845,0.35775956328379677,0.28399206596386184
Bulk 104,0.38247942473335994,0.11341579219409686,0.0,0.30139075524465186,0.2027140278278913
Bulk 105,0.49551578032840804,0.1572281222318102,0.0,0.14943756699444338,0.1978185304453383
Bulk 106,0.18071967766142155,0.22192668924204453,0.0,0.27801431026504553,0.31933932283148836
Bulk 107,0.5581904396164135,0.0,0.0,0.18330784451224127,0.2585017158713453
Bulk 108,0.4779105901459946,0.05191648535819722,0.0,0.15131218371062422,0.31886074078518395
Bulk 109,0.022103150045709837,0.22549939829324403,0.10999421165087273,0.36169874288807324,0.2807044971221002
Bulk 110,0.9819867178396128,0.009552457388968738,0.0,0.0,0.00846082477141867
Bulk 111,0.8357526938330007,0.0072287225549669595,0.0,0.0,0.15701858361203233
Bulk 112,0.4135100105919213,0.09036309322047402,0.0,0.30623330510312896,0.18989359108447587
Bulk 113,0.519568345888316,0.10148904963021198,0.0,0.19291066229740478,0.1860319421840671
Bulk 114,0.13246572508055043,0.22500832770528031,0.09617156935386428,0.28317884697825085,0.2631755308820542
Bulk 115,0.3972243529649771,0.17739434141522564,0.05593490548994773,0.13245970708116248,0.2369866930486871
Bulk 116,0.3349879677279928,0.15714671085785992,0.08586113865355426,0.32313477271224883,0.09886941004834422
Bulk 117,0.05354585701279679,0.20695744371136288,0.06485360592441317,0.4262195475915758,0.24842354575985146
Bulk 118,0.2851598627852646,0.15224129445279438,0.0,0.2789909851789451,0.28360785758299584
Bulk 119,0.39757891509867704,0.10270315524578433,0.0,0.28983336167361945,0.20988456798191923
Bulk 120,0.29757067039268614,0.22188412865026083,0.012994792002754553,0.2609207747271729,0.20662963422712569
Bulk 121,0.29333675351132893,0.147655760803871,0.23023098168641448,0.19808077839977045,0.1306957255986151
Bulk 122,0.6896345212444891,0.03430162400246343,0.04408642097613565,0.0,0.23197743377691185
Bulk 123,0.41474635332277493,0.15163266756248922,0.0,0.17407537808175153,0.25954560103298424
Bulk 124,0.20224991574491297,0.18978561963703372,0.10396039635665821,0.18493219970344274,0.3190718685579524
Bulk 125,0.7930467183442693,0.0,0.0,0.00905936009314399,0.1978939215625867
Bulk 126,0.14364870284831122,0.16883527124503298,0.054042896147127324,0.3748976576127224,0.25857547214680593
Bulk 127,0.5831376312702519,0.009358297612449485,0.0,0.30580745756028666,0.10169661355701201
Bulk 128,0.35440233648180935,0.18007335728421062,0.08050712617152637,0.13463507944396105,0.2503821006184926
Bulk 129,0.2900829500110427,0.1472932046365347,0.12964099687980862,0.27877033213075975,0.15421251634185415
Bulk 130,0.44255405581058194,0.14715260345191247,0.0,0.07294382505886551,0.3373495156786401
Bulk 131,0.7462330430304924,0.013898050053839952,0.0,0.18184920251755415,0.0580197043981135
Bulk 132,0.4139030312036176,0.18500738957419607,0.10573915960635935,0.1388029264408981,0.15654749317492886
Bulk 133,0.40448303448204254,0.10867231520046707,0.21197676240959323,0.1396473201717727,0.13522056773612437
Bulk 134,0.3482569068114499,0.0737547897145274,0.16703386899445738,0.24652865095163842,0.16442578352792686
Bulk 135,0.5054584806789136,0.0,0.0,0.4945415193210863,0.0
Bulk 136,0.2881580663840194,0.14116272986643724,0.05783363510383418,0.34706770675028364,0.16577786189542554
Bulk 137,0.7131236935788456,0.09682671086438863,0.0,0.18214599981579938,0.00790359574096626
Bulk 138,0.2290813144427006,0.1435692257590771,0.08588019304860922,0.31549735773276955,0.22597190901684344
Bulk 139,0.5542400577985536,0.09977400343405433,0.09988370733902227,0.1257115497107253,0.12039068171764462
Bulk 140,0.3730017419524866,0.16909154108209065,0.0,0.23978076371230983,0.21812595325311285
Bulk 141,0.026655777923064422,0.16518092916161548,0.1816627334767367,0.3304565405919431,0.2960440188466403
Bulk 142,0.6743345238469637,0.0,0.18658267608566645,0.0,0.13908280006736995
Bulk 143,0.6405476251922181,0.10823150805362025,0.029196983919741386,0.08365706303927233,0.13836681979514795
Bulk 144,0.3944447894898614,0.0840395022489821,0.0,0.3197040144116101,0.2018116938495463
Bulk 145,0.2984403881083669,0.1373253893573185,0.0,0.3046405531724089,0.2595936693619057
Bulk 146,0.0,0.14842299353532884,0.19802512309692505,0.42053848720765263,0.23301339616009342
Bulk 147,0.16749563975078083,0.13096607672767752,0.07374988035343395,0.31229407811394005,0.3154943250541677
Bulk 148,0.30469151288246465,0.13722194999716658,0.10094928391548372,0.2611195024414079,0.19601775076347708
Bulk 149,0.20200811809989197,0.15553335020479725,0.0,0.39453328144712463,0.24792525024818615
Bulk 150,0.07138476550962916,0.22062008409074182,0.021768139545990724,0.39157104333717474,0.2946559675164635
Bulk 151,0.5455634717843597,0.08827398653185682,0.0,0.24366129490941407,0.12250124677436951
Bulk 152,0.2669781021963234,0.2639395621426163,0.1328797833841402,0.0893781805483795,0.2468243717285407
Bulk 153,0.1863216827735013,0.12831338760394134,0.21677436088833543,0.24984752746337108,0.21874304127085084
Bulk 154,0.1535997078545937,0.05567227501383443,0.2784934843896184,0.3864675076317789,0.12576702511017454
Bulk 155,0.18392754463171992,0.14777558685661843,0.10397782450106752,0.26592507546734534,0.29839396854324873
Bulk 156,0.41147082629196186,0.10550081509550312,0.15950129625931134,0.10373423674591936,0.21979282560730432
Bulk 157,0.3833211516376782,0.02837606059568052,0.19389262590019468,0.3479215167413526,0.04648864512509391
Bulk 158,0.3984471561322262,0.07815464499516435,0.0,0.3048704836693358,0.21852771520327383
Bulk 159,0.28344577553692324,0.12159926806024805,0.2298408019691044,0.19783847701977222,0.16727567741395208
Bulk 160,0.5364838050637567,0.1623832718536106,0.0,0.04589565769580738,0.2552372653868254
Bulk 161,0.3193493750311368,0.17686602010839703,0.04721710329858609,0.24931710507552982,0.2072503964863503
Bulk 162,0.2053416630696134,0.23734109750503493,0.05832866650738454,0.19498314392665134,0.3040054289913158
Bulk 163,0.20194223910199308,0.21988390197663582,0.0,0.2716908427279617,0.30648301619340945
Bulk 164,0.3276433197481767,0.1689487018984362,0.0,0.24137772612577343,0.2620302522276137
Bulk 165,0.14867413989543898,0.21679866502564676,0.12804502774550214,0.24425574528497118,0.2622264220484408
Bulk 166,0.45894663900072913,0.11287556115223252,0.12305393913809319,0.18341242442587305,0.12171143628307213
Bulk 167,0.850139796100577,0.0,0.0,0.01264530098982687,0.13721490290959612
Bulk 168,0.30542940293995063,0.053971964354937195,0.0870221913868311,0.4111110909921685,0.14246535032611254
Bulk 169,0.6715482905424784,0.0993011400005299,0.0,0.0,0.22915056945699167
Bulk 170,0.11941478007048877,0.21016132142160104,0.1425476539654312,0.08952812482801602,0.4383481197144629
Bulk 171,0.2799659532351617,0.0,0.0,0.5978468705686519,0.12218717619618638
Bulk 172,0.2956494789609489,0.12364431254714542,0.0,0.2802148130429187,0.300491395448987
Bulk 173,0.4386612525030597,0.16644537459568737,0.09448026553874864,0.11091515688489129,0.18949795047761314
Bulk 174,0.37804049308122306,0.06292540293489625,0.3094649127608629,0.14474307751168244,0.1048261137113353
Bulk 175,0.3224173022882932,0.11329597939359913,0.02903997139305417,0.33607580479242666,0.1991709421326269
Bulk 176,0.07295649044130499,0.1997130249676201,0.11940479208770707,0.32892017578569205,0.2790055167176757
Bulk 177,0.06851915862646138,0.1693184615782174,0.11941360955141657,0.43614493527945586,0.2066038349644488
Bulk 178,0.3621270677156139,0.15646736291959307,0.007470750465956681,0.2095922231396778,0.2643425957591585
Bulk 179,0.3021469836522821,0.06419721098707258,0.0,0.3935251436462431,0.2401306617144022
Bulk 180,0.3003070309065586,0.0,0.11022994897972836,0.5108885592318642,0.0785744608818489
Bulk 181,0.2377095020080255,0.12724675116700665,0.07059193351710664,0.33554435291262,0.22890746039524112
Bulk 182,0.6017352406266673,0.0,0.3200542427897346,0.07821051658359812,0.0
Bulk 183,0.4647561022607999,0.0,0.24387869022224798,0.148504179311995,0.1428610282049569
Bulk 184,0.09741271018140915,0.16633925350840878,0.24531699036981802,0.2670818561582477,0.22384918978211632
Bulk 185,0.4379843992097504,0.10380438616029952,0.0,0.20738187649495204,0.25082933813499797
Bulk 186,0.7019649504470795,0.0,0.0,0.29803504955292054,0.0
Bulk 187,0.29478350386918206,0.20318518448623893,7.053097568040736e-05,0.19612387004084347,0.3058369106280551
Bulk 188,0.20401641227140624,0.11040991213028732,0.20837636692383016,0.3650284345259089,0.11216887414856734
Bulk 189,0.7348780531667503,0.0,0.0,0.18585090581358713,0.07927104101966265
Bulk 190,0.33026648538571246,0.1551285658297249,0.03870412737160748,0.275286138300682,0.20061468311227326
Bulk 191,0.5691973031009219,0.08634437822229607,0.0,0.1603499054657805,0.1841084132110017
Bulk 192,0.5808546614959302,0.040788281984695876,0.0,0.1822406065136142,0.19611645000575953
Bulk 193,0.7763445368973125,0.07636155247725396,0.0,0.0,0.14729391062543343
Bulk 194,0.5421721615201909,0.0,0.14700479345155157,0.28333189831671446,0.02749114671154308
Bulk 195,0.3385939347075459,0.172842267954642,0.022763908951406068,0.13462496698917453,0.33117492139723154
Bulk 196,0.25444203481843813,0.10585512368284321,0.0939777487103806,0.2607103043989727,0.28501478838936534
Bulk 197,0.3080112954370181,0.10469328768438663,0.29286226348061195,0.1499405646460198,0.1444925887519637
Bulk 198,0.6166066379444228,0.06737829579727667,0.13189258226841097,0.0,0.18412248398988953
Bulk 199,0.24212388653250633,0.2485143226289341,0.010662047463677106,0.24757100372670607,0.25112873964817634
Bulk 200,0.06210908758735626,0.14379192657564,0.21229823496539868,0.3827772523719802,0.19902349849962486
Bulk 201,0.13834004549735815,0.1401361063718486,0.09984265155513354,0.4426765581435824,0.1790046384320772
Bulk 202,0.20283078305157637,0.22129431545127345,0.09435476236890067,0.2906761899383802,0.19084394918986924
Bulk 203,0.7213387760633471,0.11974579678625917,0.0,0.06792868678846509,0.09098674036192865
Bulk 204,0.48377559501623185,0.1463235670999724,0.07950971305975324,0.09874650041872239,0.19164462440532007
Bulk 205,0.44106833119837324,0.18998911956798753,0.0,0.14991931072896222,0.21902323850467703
Bulk 206,0.5665233085021667,0.13351604804800796,0.0,0.2358806681645439,0.06407997528528148
Bulk 207,0.1633982902243866,0.2270921631474402,0.22429390221938703,0.10418228710217824,0.28103335730660806
Bulk 208,0.23156474712846606,0.22063656463870726,0.10455935032366366,0.23924213981715944,0.2039971980920037
Bulk 209,0.6149963752093122,0.07990934448666932,0.0,0.11264098079417433,0.1924532995098443
Bulk 210,0.2925309191239307,0.15192647894296538,0.16058569736920617,0.17108925494422358,0.22386764961967415
Bulk 211,0.13889034753163018,0.10674767237296946,0.4410362110763244,0.166863491189957,0.14646227782911897
Bulk 212,0.2472880680049495,0.10029325277160073,0.2785067062469997,0.37391197297645007,0.0
Bulk 213,0.4756013000825959,0.14166240697246948,0.0,0.0825657739889866,0.30017051895594804
Bulk 214,0.28129263203215565,0.11016511143169165,0.29500396759208225,0.1481337867955187,0.16540450214855174
Bulk 215,0.3037636811499586,0.10033763625025094,0.06733900768881228,0.3423437672758496,0.18621590763512866
Bulk 216,0.3500872735570248,0.1457189817628296,0.07998445628188722,0.2687807706004291,0.15542851779782937
Bulk 217,0.5497992832813976,0.07426922631967069,0.0,0.06102725063459272,0.314904239764339
Bulk 218,0.135620143282125,0.10125753738092345,0.25124579672648495,0.4140517195963496,0.09782480301411701
Bulk 219,0.5473699725112127,0.1695738408655238,0.0,0.0012720181502617516,0.28178416847300175
Bulk 220,0.4369127080939468,0.1417563877241496,0.0,0.14869717355629974,0.27263373062560403
Bulk 221,0.27945074996307584,0.13461358272370746,0.10254410243474155,0.350071546813872,0.13332001806460334
Bulk 222,0.06644845230114202,0.16188419532666357,0.15601257898354906,0.29889277007560294,0.3167620033130425
Bulk 223,0.2044434539898058,0.14897620138569487,0.0,0.385780746873521,0.2607995977509784
Bulk 224,0.44857074521942836,0.1259937293422025,0.15395459561767644,0.11297538521407686,0.15850554460661592
Bulk 225,0.5118609521931503,0.09791585231950647,0.16263289561457075,0.18682679986550113,0.04076350000727144
Bulk 226,0.6565947757362887,0.012185729236474218,0.11210041123680234,0.21911908379043488,0.0
Bulk 227,0.19432653209814754,0.13457364095454663,0.002000416753275166,0.3862213249267976,0.28287808526723296
Bulk 228,0.2481724052540814,0.14545251761581565,0.2964950535388481,0.14475907006258715,0.16512095352866765
Bulk 229,0.7861457616237051,0.0,0.21385423837629486,0.0,0.0
Bulk 230,0.06587574454004559,0.2413053133660615,0.0417743092999628,0.37961936734746227,0.2714252654464678
Bulk 231,0.5199953903649231,0.1541088282190378,0.0,0.15677278475232354,0.16912299666371555
Bulk 232,0.10319831121172483,0.08176097789595714,0.052381186045295555,0.5546736833949365,0.20798584145208593
Bulk 233,0.2307794768285535,0.14273405189336455,0.0,0.37415671584904925,0.2523297554290327
Bulk 234,0.46068279731075307,0.14896911306559135,0.0,0.015890272547238883,0.3744578170764168
Bulk 235,0.2637988264163894,0.11455776211208765,0.048851296378977824,0.26926075688296613,0.303531358209579
Bulk 236,0.0,0.25541650887073186,0.08085477272019685,0.36237797735416355,0.30135074105490767
Bulk 237,0.31038119523033475,0.1424145506354342,0.02024240590769861,0.23673119532591932,0.2902306529006131
Bulk 238,0.14619671105905996,0.1790619896449216,0.18618056350478013,0.22166339659301354,0.2668973391982248
Bulk 239,0.04048015711508889,0.21532491820722416,0.06178823303886896,0.4421894814257799,0.24021721021303816
Bulk 240,0.3026919615107345,0.12714003645954117,0.031067072795510377,0.27677603097951353,0.26232489825470046
Bulk 241,0.518878177825784,0.02109958730477676,0.0,0.30995003674620025,0.15007219812323885
Bulk 242,0.800318809454722,0.0,0.0,0.0,0.1996811905452781
Bulk 243,0.3601058149711578,0.20567005880684996,0.027802481438119107,0.06866667086358774,0.3377549739202854
Bulk 244,0.48932852053066345,0.0,0.24370706726349103,0.18271606188164488,0.08424835032420076
Bulk 245,0.2712284539529001,0.1422676828269365,0.2883566868107525,0.2425002665514108,0.055646909858000325
Bulk 246,0.3341161130205444,0.17542071971395645,0.17637448577267123,0.2352584539873648,0.078830227505463
Bulk 247,0.35562970436624103,0.2186215078162979,0.12264929432348538,0.07167046839594518,0.23142902509803046
Bulk 248,0.22406451498003932,0.14070998033462603,0.23366064136537779,0.3222605514815523,0.07930431183840453
Bulk 249,0.8213282116472699,0.017085747088320377,0.0,0.0,0.1615860412644098
Bulk 250,0.692242736128052,0.05942835767054971,0.0,0.0,0.24832890620139836
Bulk 251,0.2674444942219105,0.20846977689033708,0.0,0.26943132874401327,0.2546544001437392
Bulk 252,0.38453598903961445,0.2152271247572223,0.0,0.06996560007347807,0.3302712861296852
Bulk 253,0.4200005157235504,0.21182501122976446,0.0,0.10487200956433892,0.2633024634823463
Bulk 254,0.6396514543234307,0.015364910320097229,0.0,0.012614125262226751,0.33236951009424537
Bulk 255,0.09324696150868776,0.31759886173386415,0.00823301635499675,0.23150673961565982,0.3494144207867914
Bulk 256,0.08854531962501729,0.22075495361176495,0.02424240053972556,0.30738969853350134,0.3590676276899908
Bulk 257,0.0,0.3057686831221592,0.138882186875324,0.20633057825798404,0.3490185517445329
Bulk 258,0.44017226822273986,0.06618171023440021,0.0,0.24900597482479508,0.24464004671806483
Bulk 259,0.8274917603157737,0.0,0.0,0.017127306206681618,0.15538093347754486
Bulk 260,0.14687631814996527,0.12371226666482414,0.1336906475450835,0.46674848924638085,0.1289722783937462
Bulk 261,0.10408073098740432,0.26343523616145853,0.018039879799040787,0.2398286043927085,0.374615548659388
Bulk 262,0.19027249375554292,0.20041797324686145,0.0,0.291883148493697,0.31742638450389876
Bulk 263,0.18479736767077926,0.18412784846826843,0.0583350550808571,0.31142909412940106,0.2613106346506941
Bulk 264,0.42963793834951747,0.09292133399200722,0.0,0.22662421408109895,0.2508165135773764
Bulk 265,0.15155412677502572,0.23417224897359176,0.0,0.3068668219813667,0.3074068022700159
Bulk 266,0.5984643219130777,0.12887206604436838,0.0,0.08056688751106691,0.19209672453148693
Bulk 267,0.1445089742806108,0.2322781676714399,0.0032797038020139484,0.2905162130587764,0.3294169411871589
Bulk 268,0.4218024259694064,0.044987138493330525,0.0039665504338169556,0.47276477257513966,0.0564791125283063
Bulk 269,0.31064798085539064,0.22191094445702247,0.13834079476958666,0.07127042365198304,0.25782985626601734
Bulk 270,0.2916099181212472,0.16329991737519325,0.22746074876117217,0.15456890404292398,0.16306051169946334
Bulk 271,0.07262585224861037,0.23924113820565843,0.03822661607523948,0.3644379465784665,0.2854684468920253
Bulk 272,0.3567846473091889,0.17962179700904793,0.0,0.18315716626299083,0.2804363894187723
Bulk 273,0.4422628315075453,0.13400954520699973,0.008441134986077277,0.19994877396264085,0.2153377143367368
Bulk 274,0.3466045673473558,0.1229144693342302,0.01930543615286753,0.3836250159306712,0.12755051123487518
Bulk 275,0.1623997912739051,0.19426563808291686,0.016499058244431347,0.3930213534031375,0.2338141589956093
Bulk 276,0.45782583506172214,0.09494154275546672,0.0,0.23136960563422473,0.2158630165485864
Bulk 277,0.5272531957313797,0.07621265453372371,0.32004721656737883,0.013326552845915255,0.06316038032160244
Bulk 278,0.4003456392518247,0.11785463198267829,0.06426651040307882,0.29364904261275987,0.12388417574965822
Bulk 279,0.6990553700401306,0.0,0.17819330590406512,0.12275132405580422,0.0
Bulk 280,0.6689512131351554,0.08676433725635695,0.0,0.0,0.2442844496084877
Bulk 281,0.6114915111532923,0.11419913660571172,0.0011238852004072345,0.2542507133522128,0.01893475368837617
Bulk 282,0.3550922634058564,0.15510262689728102,0.13995306745861372,0.23522074992095177,0.11463129231729713
Bulk 283,0.4258341346212736,0.15424642324776378,0.16036607044604745,0.1035896724403061,0.15596369924460904
Bulk 284,0.6957047898656693,0.06650737564735687,0.04769586270523869,0.0,0.19009197178173515
Bulk 285,0.10874924055588335,0.19646275662256424,0.1493162622005237,0.23378614519690358,0.311685595424125
Bulk 286,0.23446538949850115,0.23861331023055232,0.09617634226229052,0.168852214562799,0.26189274344585695
Bulk 287,0.19932707961253948,0.20241049741848732,0.06795869113075328,0.22755679258283987,0.3027469392553801
Bulk 288,0.11041734927050013,0.23091150432479302,0.2110423391209249,0.19966564554845354,0.2479631617353285
Bulk 289,0.4179431293929732,0.11934636794068361,0.14125258229037602,0.23310822758973068,0.08834969278623657
Bulk 290,0.3220036097577623,0.12288808422920369,0.0,0.19653218038303774,0.3585761256299963
Bulk 291,0.6635855827046389,0.07828841318792108,0.007517490144227264,0.050456500133489304,0.20015201382972353
Bulk 292,0.6685931785964117,0.14056940319168723,0.054962383282226066,0.0,0.1358750349296751
Bulk 293,0.20931975019830487,0.23205967495704147,0.017583471472791972,0.21253401671669397,0.32850308665516764
Bulk 294,0.5964206233720617,0.06373324978384531,0.0,0.09736335010142916,0.24248277674266366
Bulk 295,0.7209198592225267,0.0,0.05545006979690359,0.07617450348519234,0.1474555674953773
Bulk 296,0.46365417663827546,0.11662080047240106,0.15861789617848873,0.0,0.2611071267108348
Bulk 297,0.8344810427809464,0.0,0.0,0.0,0.16551895721905371
Bulk 298,0.18023809307607544,0.20620371971527074,0.05994207776981423,0.27471455995775934,0.27890154948108026
Bulk 299,0.6691145613896936,0.05075710421256207,0.0,0.0,0.2801283343977443
Bulk 300,0.1477566291339017,0.15143634193727093,0.06152917006624974,0.4868746862201727,0.1524031726424049
Bulk 301,0.20465535446865057,0.2544267634667621,0.0,0.2783630127735845,0.2625548692910028
Bulk 302,0.06407784967804495,0.21497424482939287,0.05149148179123086,0.3611782466044339,0.30827817709689737
Bulk 303,0.5448969277930016,0.047212234366989035,0.0,0.28326094564079746,0.12462989219921201
Bulk 304,0.3742776499660906,0.2294456151147201,0.05718685680609168,0.0,0.3390898781130976
Bulk 305,0.6966639096200127,0.09275470675720447,0.0,0.12532544562226144,0.08525593800052131
Bulk 306,0.49922449203531627,0.2228812123843913,0.0,0.0,0.2778942955802924
Bulk 307,0.5568421165480745,0.15943582495890532,0.02956035260986065,0.08847539256944378,0.16568631331371564
Bulk 308,0.9548226835844502,0.0,0.0,0.0,0.04517731641554976
Bulk 309,0.47408853345418867,0.13250914020799984,0.0,0.055846487951211804,0.33755583838659964
Bulk 310,0.5438182320999538,0.19641944189633162,0.0,0.0,0.25976232600371457
Bulk 311,0.2564629355020283,0.2745196339832017,0.10226757113310282,0.0832783312490022,0.28347152813266496
Bulk 312,0.2586022319872633,0.15447102430587145,0.13186972065899413,0.2820907887393739,0.17296623430849714
Bulk 313,0.21114969765472438,0.1741844181682552,0.03668108129571538,0.33665399135336244,0.24133081152794256
Bulk 314,0.5064574984322462,0.040940739887848625,0.10124345695838824,0.137574954813422,0.21378334990809508
Bulk 315,0.30590490480540566,0.13070704506114758,0.085667014906591,0.2910341448007706,0.1866868904260852
Bulk 316,0.36463257720174097,0.1580700490195541,0.0,0.18919360838283167,0.28810376539587323
Bulk 317,0.4034027685902205,0.1139807401414221,0.0,0.31327783681588384,0.16933865445247348
Bulk 318,0.4935240339953469,0.19903172517668352,0.0,0.0,0.3074442408279696
Bulk 319,0.29750398632428976,0.3229120549048733,0.0,0.0008997032497898554,0.37868425552104706
Bulk 320,0.639537887883982,0.0,0.0,0.0,0.3604621121160179
Bulk 321,0.2831290028191615,0.2380786180816905,0.0295639029053629,0.17848696504001962,0.27074151115376555
Bulk 322,0.17846278641815388,0.2346588460683633,0.0,0.28291050746329605,0.3039678600501868
Bulk 323,0.45859736634021675,0.22406631835580457,0.0,0.00596578104828581,0.3113705342556929
Bulk 324,0.4906251234383595,0.17939391135239435,0.0,0.0,0.32998096520924614
Bulk 325,0.20587894563858394,0.214050387999223,0.24546320245239425,0.07109766060168804,0.2635098033081107
Bulk 326,0.19446974082096224,0.0,0.5637316874159949,0.24179857176304284,0.0
Bulk 327,0.6026960607621296,0.12831785932717346,0.0,0.034340496134744936,0.23464558377595202
Bulk 328,0.7002606963499067,0.0,0.0,0.0,0.2997393036500933
Bulk 329,0.42498992858024437,0.11972768396378954,0.2164754177775881,0.11454688035137563,0.12426008932700237
Bulk 330,0.5223694568403343,0.1110348458011655,0.0,0.14328734987532835,0.2233083474831719
Bulk 331,0.7364685714895925,0.0,0.0,0.13617575155998726,0.12735567695042008
Bulk 332,0.2715830792685855,0.1772472976537689,0.0,0.24407152580052652,0.30709809727711923
Bulk 333,0.7397543578525405,0.047427224138137,0.0,0.0,0.21281841800932258
Bulk 334,0.14750834620416062,0.0,0.026956828659492237,0.824088509574806,0.0014463155615412734
Bulk 335,0.47994717720708663,0.14390334333217297,0.026782901797962656,0.17655757369451613,0.17280900396826152
Bulk 336,0.5748771923548135,0.14189635808820902,0.0,0.0,0.2832264495569775
Bulk 337,0.15010614519465876,0.09049064729327001,0.0,0.4892321011558819,0.27017110635618924
Bulk 338,0.13601287124976544,0.19656029115250703,0.0,0.40984035665635105,0.25758648094137643
Bulk 339,0.8138733348256982,0.02598292868540892,0.0,0.0,0.16014373648889293
Bulk 340,0.14137693603336937,0.19849736604688953,0.1340631069722015,0.3191340214410666,0.20692856950647298
Bulk 341,0.24837015931144638,0.14338101881568147,0.18490896094154322,0.18795070589309254,0.23538915503823646
Bulk 342,0.040273906899659796,0.1478020608712411,0.13120332611530097,0.3888554928179464,0.2918652132958517
Bulk 343,0.25652284796948327,0.18069148341404098,0.0,0.26040205708973874,0.302383611526737
Bulk 344,0.47222742207244023,0.1663371390375577,0.01547797105462557,0.0,0.3459574678353764
Bulk 345,0.248666922411829,0.17970333860371612,0.2727203451567127,0.14513498013410087,0.15377441369364125
Bulk 346,0.3185427288305918,0.14149602252031468,0.07384172495836697,0.2775408520227579,0.18857867166796857
Bulk 347,0.5492863293207871,0.0529883656569144,0.0,0.19517976332428819,0.20254554169801015
Bulk 348,0.27542852628274067,0.13943895693325523,0.32219173543704777,0.08038660945941764,0.18255417188753875
Bulk 349,0.23919319590755253,0.2474285377049923,0.059318940576208144,0.2540433603628434,0.20001596544840364
Bulk 350,0.18112270727508395,0.2992432700814315,0.12516597019662873,0.10626015314360897,0.2882078993032468
Bulk 351,0.8555142864088229,0.0,0.11764393630142754,0.0,0.02684177728974953
Bulk 352,0.0,0.2475189290804839,0.15563279659210585,0.33279019231273854,0.2640580820146717
Bulk 353,0.44870557861400046,0.15349564407395663,0.0,0.09271554947200475,0.3050832278400383
Bulk 354,0.4838119023453636,0.16858297650032936,0.13938331500791856,0.12028704850947532,0.08793475763691316
Bulk 355,0.23445531949767823,0.14109113970228856,0.11006197673349423,0.2914639759181914,0.22292758814834773
Bulk 356,0.5173062317812731,0.18238996899861953,0.11303704611538735,0.10968790952301809,0.07757884358170189
Bulk 357,0.3428684140145038,0.23338431095071074,0.0,0.12529096984070195,0.29845630519408356
Bulk 358,0.6315040945800502,0.0,0.0,0.09875041105647807,0.2697454943634717
Bulk 359,0.26176067575485845,0.196909093300397,0.12602483617700022,0.17457944365200223,0.24072595111574197
Bulk 360,0.4652104211118562,0.21098786870341135,0.0,0.007688936223245245,0.3161127739614872
Bulk 361,0.46302218589636557,0.2654461292348706,0.06596212198353915,0.0,0.2055695628852246
Bulk 362,0.030067538557116223,0.2628473302704852,0.016439222953247137,0.29806886113136516,0.3925770470877862
Bulk 363,0.19370574823737244,0.14908534033406518,0.1347116912010972,0.3063798427557537,0.21611737747171153
Bulk 364,0.2004072309397843,0.15113398255241495,0.13363955831300411,0.28247104520245814,0.23234818299233845
Bulk 365,0.1939460330191682,0.17239284746408723,0.1534978867711692,0.17934615382936095,0.30081707891621445
Bulk 366,0.28077712336152283,0.12457002968711815,0.0,0.30634198899409665,0.2883108579572623
Bulk 367,0.6444965523537772,0.0780276409640151,0.031749761883277286,0.0,0.24572604479893032
Bulk 368,0.29829384400287756,0.23350253030879436,0.0,0.19585017820856215,0.272353447479766
Bulk 369,0.26301035723145133,0.23061328982020843,0.02642250987722518,0.27729083068026045,0.2026630123908547
Bulk 370,0.5069388236061447,0.15342333061404842,0.0,0.12228666212198164,0.21735118365782524
Bulk 371,0.4633826853651423,0.22158253846147918,0.0,0.0,0.31503477617337844
Bulk 372,0.345163580658784,0.1666815510875249,0.058814180727863166,0.2157947631358835,0.21354592438994444
Bulk 373,0.06995172701372711,0.1773056522787776,0.17558190143678487,0.3802501629175864,0.19691055635312404
Bulk 374,0.6335289900420552,0.12151978627271744,0.029678010743322183,0.031063298196525965,0.1842099147453793
Bulk 375,0.13041689231859566,0.20190726195669412,0.0,0.2947280701063569,0.37294777561835324
Bulk 376,0.2890640999710567,0.18326205084599018,0.19589059387836935,0.19696269000233674,0.13482056530224712
Bulk 377,0.16641709795546022,0.25643409019611957,0.043383814927418884,0.2921169544134995,0.2416480425075018
Bulk 378,0.06598167016711433,0.2798075435519319,0.15719454172918945,0.16025495624445318,0.33676128830731134
Bulk 379,0.14344887318643817,0.2443773772727297,0.03136885904568264,0.2618371361228053,0.31896775437234426
Bulk 380,0.6160514310977011,0.04519016899546048,0.0,0.13176474014729403,0.2069936597595444
Bulk 381,0.38423261326513974,0.18960823681797126,0.0,0.10395845747163078,0.3222006924452583
Bulk 382,0.2237962181898003,0.2349783877236162,0.12101376862895528,0.18288525928184873,0.23732636617577949
Bulk 383,0.4496085050075074,0.08517051529673905,0.13120561520779353,0.1801636976923827,0.1538516667955773
Bulk 384,0.0,0.24887406975761944,0.042615109046632293,0.23835257589999387,0.47015824529575445
Bulk 385,0.3383816168659645,0.007457184914899527,0.04510657164050464,0.5091992109292546,0.0998554156493768
Bulk 386,0.16284983513889048,0.16709801358153506,0.240133825478395,0.12978525928992096,0.30013306651125843
Bulk 387,0.2891741351165654,0.19178869070146937,0.09748105322343541,0.18361501638480252,0.23794110457372739
Bulk 388,0.4344184495755217,0.331064581130228,0.0,0.015151552023771494,0.21936541727047879
Bulk 389,0.2883364298721304,0.17926267139031293,0.0,0.20236911099595997,0.33003178774159686
Bulk 390,0.3814504865313051,0.21489874885279936,0.08928280918342729,0.02420420145699972,0.29016375397546856
Bulk 391,0.3037970054200895,0.07252906114194976,0.08605922608418853,0.4159862648599682,0.12162844249380404
Bulk 392,0.16683053110592092,0.24132665932941197,0.03297350239970792,0.2472064978606683,0.3116628093042909
Bulk 393,0.26715898692478623,0.1636353236472484,0.0,0.29020962027734437,0.278996069150621
Bulk 394,0.20382070533756638,0.08765945448233005,0.2752901435074064,0.34847821555578934,0.08475148111690786
Bulk 395,0.33301452627582845,0.20793523622385388,0.03255522373275212,0.17838287450266874,0.2481121392648969
Bulk 396,0.35798950669567914,0.20624465564264993,0.0,0.16930370848130238,0.26646212918036855
Bulk 397,0.7871314949838346,0.0,0.0,0.0,0.2128685050161653
Bulk 398,0.6782998601828494,0.07758418297514233,0.0,0.0,0.24411595684200837
Bulk 399,0.41242682466410896,0.0766453542752269,0.23985495982019228,0.01728371526603894,0.2537891459744331
Bulk 400,0.6235823173459774,0.10221180164089623,0.0,0.08853011705479769,0.18567576395832877
Bulk 401,0.3897811419545555,0.17777337035941818,0.04616787087928533,0.08419861325766372,0.30207900354907724
Bulk 402,0.3348304428553116,0.21800541377816351,0.055004486271336514,0.1181774627595762,0.27398219433561216
Bulk 403,0.5833521715580071,0.030459964712012517,0.13519878356997764,0.0704536080231353,0.18053547213686755
Bulk 404,0.2201217105970554,0.19223657226704507,0.13402086567873864,0.26904959295987085,0.18457125849729
Bulk 405,0.4740820358019757,0.18265304988902464,0.1823273305441357,0.008234821697435462,0.15270276206742853
Bulk 406,0.3083049163155066,0.17856679263131864,0.22059404177255004,0.13465780035096744,0.15787644892965733
Bulk 407,0.17978813281661313,0.24688449289432782,0.06427961658598533,0.2324782889414855,0.27656946876158817
Bulk 408,0.09569809594349814,0.29045625663040364,0.020583140367268514,0.25284296577053117,0.3404195412882986
