,Ast,End,Mic,Neu,Oli
Bulk 0,0.03383134460966141,0.279582419896599,0.07296099371631552,0.2720324484952363,0.3415927932821879
Bulk 1,0.26280523441513715,0.15718084366975954,0.11712929500046838,0.2127784089078525,0.25010621800678245
Bulk 2,0.13342721268986135,0.19903904531242175,0.1086776108320652,0.35224842586074895,0.20660770530490266
Bulk 3,0.019774929958634793,0.21382458050737932,0.16190271545590196,0.28467098087754744,0.3198267932005365
Bulk 4,0.1775035123958585,0.12245533148131732,0.3757838504775401,0.2211373093979263,0.10311999624735783
Bulk 5,0.24808016855040496,0.0,0.0,0.6580646818493351,0.0938551496002599
Bulk 6,0.5714429398046474,0.0944027849256666,0.03557025879452001,0.127518201517787,0.17106581495737905
Bulk 7,0.6457443794324284,0.02472330022240602,0.0,0.09489944742202461,0.2346328729231409
Bulk 8,0.1757464163297504,0.15540334436279066,0.10532867469311528,0.41668870475784237,0.14683285985650127
Bulk 9,0.42277923045032517,0.19758746844475822,0.0,0.13334257672278058,0.2462907243821361
Bulk 10,0.03945357361484977,0.2903556613418834,0.06308736988835692,0.35135256389060826,0.2557508312643017
Bulk 11,0.37329733785714475,0.10020635448568782,0.02417413552917313,0.26606345650342084,0.23625871562457335
Bulk 12,0.2056452679394582,0.23815290798294483,0.0,0.24469660063037305,0.31150522344722387
Bulk 13,0.4170525967861695,0.0,0.23749082760628165,0.3454565756075489,0.0
Bulk 14,0.5753185062841714,0.11125698161375164,0.0,0.05729174301150499,0.2561327690905719
Bulk 15,0.5949002067623944,0.031037035307839498,0.0,0.2541334562357478,0.11992930169401836
Bulk 16,0.23835544481123175,0.07868281393073884,0.10100970939094149,0.4678679494933442,0.11408408237374378
Bulk 17,0.7137119888879103,0.024128853403919567,0.0,0.09987865303393274,0.16228050467423724
Bulk 18,0.25950970972045306,0.21750487740610897,0.04425179740117584,0.18166474302159621,0.297068872450666
Bulk 19,0.24785159215969174,0.210364595644407,0.07953687877037717,0.329258912690516,0.13298802073500812
Bulk 20,0.1663683689744998,0.2184207678901984,0.08413835955183319,0.40435226568085625,0.12672023790261241
Bulk 21,0.22961818160584488,0.18882166014955215,0.0,0.3245462469537728,0.2570139112908302
Bulk 22,0.019827506243293522,0.23320024894189714,0.060887905685388065,0.550991380120695,0.13509295900872625
Bulk 23,0.10859123102516423,0.15300641312791727,0.0466096054879435,0.35255271839349817,0.3392400319654769
Bulk 24,0.2341599949446241,0.1458447548162979,0.0,0.2767183869279748,0.3432768633111033
Bulk 25,0.397938838829828,0.0,0.07239549505295668,0.5146117271579725,0.015053938959242784
Bulk 26,0.056889369495064096,0.1518251781284569,0.29185917307833825,0.22958790656909436,0.2698383727290464
Bulk 27,0.2765582898266451,0.11122093153296532,0.17471869131103812,0.38814241105747577,0.049359676271875624
Bulk 28,0.24008785569808946,0.1466440538882724,0.3048818789761745,0.18872441740592075,0.1196617940315429
Bulk 29,0.2906879542577812,0.15426576179349957,0.06601639005202607,0.18309468866164527,0.3059352052350479
Bulk 30,0.555369540796504,0.0,0.0,0.3411864428701899,0.10344401633330598
Bulk 31,0.3046838448211798,0.19991908119582047,0.18823004639720242,0.11453724048939659,0.19262978709640063
Bulk 32,0.318337602223062,0.02700441749514315,0.11730900181756686,0.3255272210813543,0.2118217573828737
Bulk 33,0.09638776571594405,0.0,0.1580098048350087,0.6467076261272251,0.09889480332182217
Bulk 34,0.26296378830085054,0.18842404881305447,0.0,0.32670228639537113,0.22190987649072397
Bulk 35,0.5827261604483805,0.0,0.022247390397287688,0.2239447603700716,0.17108168878426028
Bulk 36,0.36291104063326846,0.07485230334392114,0.17084596757533024,0.332515919651944,0.05887476879553624
Bulk 37,0.5086464827577531,0.14643990030269846,0.06302283414998622,0.050330934887461924,0.23155984790210024
Bulk 38,0.6307005914228792,0.10618417064293934,0.0,0.012760918053925105,0.25035431988025647
Bulk 39,0.15038424574888562,0.11545296835994984,0.04843200344253699,0.5290802338665528,0.1566505485820747
Bulk 40,0.13006427257487474,0.20540059370079675,0.052735947565465284,0.3978934728534657,0.21390571330539754
Bulk 41,0.5793026736811623,0.0,0.0,0.22832325036558523,0.1923740759532523
Bulk 42,0.22684024745211198,0.19969851232550492,0.04802913973273516,0.2657831332544607,0.2596489672351872
Bulk 43,0.025096473517073545,0.16382439108425983,0.07907257916248661,0.43139268234697814,0.30061387388920197
Bulk 44,0.18060504811999772,0.16822447378929184,0.061651955115370416,0.3033795345117533,0.28613898846358676
Bulk 45,0.8637946049439031,0.0,0.0,0.0,0.13620539505609688
Bulk 46,0.6234508703421056,0.12114037449885613,0.0,0.06471998616455435,0.19068876899448392
Bulk 47,0.25573533364340556,0.06482622955218541,0.2538556137177047,0.12770181598105756,0.2978810071056468
Bulk 48,0.26326041421219304,0.152637357770975,0.13561669503384813,0.2483237770894645,0.2001617558935194
Bulk 49,0.16691993621397336,0.19585694475689555,0.0,0.3246726157908946,0.31255050323823647
Bulk 50,0.27834826588629674,0.1675318318581941,0.05605427125837595,0.27383811818717285,0.22422751280996048
Bulk 51,0.23016870485800833,0.14912401742887008,0.07828590049638175,0.2868908055047261,0.2555305717120137
Bulk 52,0.23832384842677257,0.2130429224105051,0.027332186783355687,0.3153414501623187,0.20595959221704807
Bulk 53,0.1288468792155604,0.255564116409972,0.006014779885451152,0.28327275004324737,0.3263014744457691
Bulk 54,0.3936120528533963,0.1036765179468771,0.14997174123234697,0.2820419217670302,0.07069776620034945
Bulk 55,0.06829248460742836,0.2785233357927453,0.006882391206750784,0.27059379715959525,0.3757079912334805
Bulk 56,0.5161128205860421,0.10872209373766792,0.0,0.12251175546314866,0.2526533302131411
Bulk 57,0.5373435709376972,0.1395681676461911,0.04656928326862202,0.026465283390108812,0.2500536947573809
Bulk 58,0.706792189154312,0.048163903801792286,0.0,0.03846393284667303,0.2065799741972227
Bulk 59,0.2568922719106591,0.11516913199759346,0.1103119999474065,0.36161735568986625,0.15600924045447462
Bulk 60,0.05805397917404337,0.23815879002068988,0.10251621235738381,0.34973652763088314,0.2515344908169998
Bulk 61,0.39791608137248097,0.06852478733699707,0.0,0.34214779406509693,0.1914113372254249
Bulk 62,0.30741193420021834,0.18100665916281253,0.04092439156674769,0.2979648650366431,0.1726921500335783
Bulk 63,0.2671176611133574,0.13037655750705263,0.16955688532727725,0.22800587494855276,0.20494302110376
Bulk 64,0.03298739735458269,0.2217364858563532,0.08948545937653068,0.40354832679531816,0.2522423306172153
Bulk 65,0.2927921428959844,0.1927945290243377,0.0,0.19662842763781962,0.3177849004418582
Bulk 66,0.11056499083507758,0.13958279746583946,0.248599868111391,0.2823426780447349,0.218909665542957
Bulk 67,0.38628728769882464,0.11164730382181857,0.05400865899982223,0.07064212331315292,0.3774146261663816
Bulk 68,0.18764358997727518,0.21265766138002895,0.05899923922449426,0.27486314996303823,0.26583635945516343
Bulk 69,0.2346034625692998,0.11420378067379058,0.0,0.40713247899336336,0.24406027776354633
Bulk 70,0.2001535222961014,0.2256099260640305,0.0883968699805574,0.36654629595259963,0.11929338570671101
Bulk 71,0.7613872295494891,0.0,0.0,0.23861277045051085,0.0
Bulk 72,0.07627717711953315,0.13990843743663609,0.06149211950159164,0.5062568100356478,0.2160654559065913
Bulk 73,0.3022987520818114,0.07757087523151197,0.06478677748175726,0.3000264653111152,0.2553171298938041
Bulk 74,0.17257306674710401,0.273187973472133,0.06050665500192425,0.17870231463445269,0.3150299901443862
Bulk 75,0.4900773598620663,0.17144764869335427,0.0,0.13027654278316025,0.20819844866141912
Bulk 76,0.03311770425613373,0.04216334465679492,0.10590580838642859,0.6358827997299303,0.1829303429707124
Bulk 77,0.4917287275501705,0.15323234378305534,0.0,0.09385976528390623,0.261179163382868
Bulk 78,0.2915336486124856,0.15352679515816264,0.003955257638237187,0.33976497516031506,0.2112193234307996
Bulk 79,0.2133248746683442,0.19403177877948644,0.0086890833159281,0.40072862871397963,0.18322563452226168
Bulk 80,0.41775038950880233,0.0,0.25087491661447847,0.3027779316436075,0.02859676223311181
Bulk 81,0.34011500944363743,0.20904179308584075,0.0,0.2378619259364268,0.21298127153409505
Bulk 82,0.7832059967111872,0.02706469817987125,0.0,0.0,0.18972930510894162
Bulk 83,0.8346310188519871,0.08878052715122758,0.0,0.07658845399678531,0.0
Bulk 84,0.24597835051197542,0.0974245624593018,0.0415358124835326,0.45558292405498574,0.15947835049020442
Bulk 85,0.2618063459674006,0.0,0.08373134220967822,0.4911435966508823,0.1633187151720388
Bulk 86,0.08730844933906949,0.28901067608618336,0.003579830639274852,0.31201039579880696,0.3080906481366653
Bulk 87,0.47442844104149434,0.15522147361494804,0.0,0.15718387132276956,0.2131662140207882
Bulk 88,0.20350778775971617,0.07754065055827397,0.17666434961330538,0.4820196630217365,0.06026754904696797
Bulk 89,0.1534543042925553,0.20888574638118002,0.03810118382421811,0.34558698962376405,0.25397177587828246
Bulk 90,0.4507049770827365,0.012171419881477942,0.16722538510739526,0.29106337650375236,0.07883484142463795
Bulk 91,0.25420126806109394,0.12556989157329188,0.03530032275752677,0.32981924937097823,0.2551092682371094
Bulk 92,0.42984369434032427,0.09168712672658474,0.09279996503474738,0.19868903820170922,0.1869801756966344
Bulk 93,0.06609976034427915,0.2774386290453549,0.12195894470289678,0.2751202238633896,0.2593824420440796
Bulk 94,0.2826276206438069,0.0,0.2748246355773405,0.44254774377885253,0.0
Bulk 95,0.1817323706107971,0.1533638451022037,0.03072699217112183,0.46282136835883003,0.17135542375704732
Bulk 96,0.851621117983991,0.0,0.0,0.0,0.14837888201600904
Bulk 97,0.5116757568185947,0.11736067856629753,0.0,0.1322741970645284,0.23868936755057935
Bulk 98,0.23436868118891935,0.0887122662301041,0.3905898112825658,0.2537310264587683,0.032598214839642314
Bulk 99,0.32542627297628124,0.044870013290611854,0.07221954059711742,0.4057083548372617,0.1517758182987277
Bulk 100,0.14095170301126844,0.14753522086438944,0.11707971565840826,0.3765358663449631,0.21789749412097084
Bulk 101,0.45982090172708157,0.07939088016840258,0.0,0.25421992144514655,0.20656829665936924
Bulk 102,0.0007852208642843035,0.19083902073650844,0.10402526503744249,0.396880907574112,0.30746958578765277
Bulk 103,0.047353702727098934,0.26576508695487505,0.1270128179247397,0.30513533859534475,0.25473305379794164
Bulk 104,0.19052143024991988,0.1860016994393995,0.04612828767486056,0.36388682252193877,0.21346176011388146
Bulk 105,0.542567612861667,0.09549008989785177,0.08818328232971281,0.07281330179886278,0.20094571311190576
Bulk 106,0.1984340794448246,0.15966984779978644,0.038969159707769124,0.373532662769647,0.22939425027797272
Bulk 107,0.16910853835386103,0.14579355272555644,0.24593434281273197,0.3186096225997819,0.1205539435080686
Bulk 108,0.12963198812909352,0.23902653563045065,0.096049527637917,0.2679486047740586,0.26734334382848024
Bulk 109,0.11948449595793738,0.22155947728901107,0.09484174825102602,0.31617310447285807,0.24794117402916752
Bulk 110,0.8812833374400334,0.008821024854736365,0.0,0.0,0.10989563770523028
Bulk 111,0.6830968121463844,0.06717007687784682,0.08681816251600825,0.0,0.16291494845976046
Bulk 112,0.44786710054558987,0.02657802112061356,0.11344992269576577,0.25619963021098796,0.15590532542704302
Bulk 113,0.3602612318623163,0.1174389626007746,0.2097028021546522,0.15857247298658564,0.15402453039567124
Bulk 114,0.21211543367994276,0.19343635801475867,0.1255288516933184,0.2387250343267305,0.23019432228524966
Bulk 115,0.5712046186894608,0.08039209081856458,0.0,0.02542242191744863,0.32298086857452607
Bulk 116,0.3964812099229183,0.17320575994041007,0.0,0.22371009600145697,0.20660293413521474
Bulk 117,0.034675333405003554,0.20178737309326528,0.04502191899374093,0.4650311756551273,0.25348419885286283
Bulk 118,0.5814238344867898,0.023085737327682602,0.0,0.21542508117565579,0.18006534700987167
Bulk 119,0.4280979919418677,0.0,0.0,0.41351453313262143,0.15838747492551078
Bulk 120,0.31602041636430805,0.1071139741806042,0.02266082803409109,0.4389482987891883,0.11525648263180827
Bulk 121,0.6161269007581391,0.006070990930970032,0.0,0.200802763919031,0.17699934439185985
Bulk 122,0.28512537811749344,0.1352611546014739,0.27754335922003215,0.2994464382222471,0.0026236698387534906
Bulk 123,0.17447428484344255,0.2020364297809317,0.15026656393498472,0.17417556899393863,0.29904715244670244
Bulk 124,0.2264095911004818,0.08477381735265838,0.25929438750378037,0.2648074757591489,0.16471472828393058
Bulk 125,0.4067362218809601,0.0977892575100204,0.21043793650965478,0.14936445422299824,0.13567212987636643
Bulk 126,0.004931474824742451,0.19868619776613256,0.07748889928882331,0.4452933499680694,0.27360007815223225
Bulk 127,0.20473687303545507,0.2367085769944731,0.016828159995069154,0.2514821634940752,0.2902442264809274
Bulk 128,0.280685338120122,0.22148266695427,0.0,0.13741365446873618,0.3604183404568718
Bulk 129,0.2934989668705517,0.16882921289337474,0.13487255848353408,0.08702884457854479,0.3157704171739946
Bulk 130,0.3149011056551029,0.11325990959405972,0.13619688462211094,0.2389739848139892,0.19666811531473724
Bulk 131,0.2177695395434758,0.24937531639230803,0.0,0.2853310658797359,0.24752407818448013
Bulk 132,0.37368829714881674,0.15966226159104188,0.01828903062963248,0.20265477115849068,0.24570563947201815
Bulk 133,0.8630517535398899,0.0076286121710987635,0.0,0.05363253013130554,0.07568710415770577
Bulk 134,0.41818908855139514,0.096417649021488,0.0,0.34831558328787565,0.1370776791392411
Bulk 135,0.6206618540122538,0.0,0.0,0.24913557126329414,0.13020257472445204
Bulk 136,0.4506639975928195,0.10694146238047171,0.0,0.14694781266847765,0.29544672735823124
Bulk 137,0.32230125584450064,0.15760426668360386,0.0,0.2388987180232614,0.28119575944863406
Bulk 138,0.39287735171749694,0.0,0.20190817513687503,0.3379918265657311,0.06722264657989699
Bulk 139,0.5740711803729013,0.12914469320949257,0.0,0.07696392852647217,0.219820197891134
Bulk 140,0.40003918956160844,0.08058178803306748,0.1634327775374881,0.12654106950471986,0.22940517536311622
Bulk 141,0.5862283228797384,0.0,0.19220908460754377,0.13565258043298317,0.08591001207973482
Bulk 142,0.7511914394251571,0.0,0.051278976086612096,0.19752958448823082,0.0
Bulk 143,0.517169327739963,0.1386957881773488,0.02210427098036572,0.0,0.3220306131023225
Bulk 144,0.377938311272787,0.1843235139515682,0.0,0.15074857671539083,0.286989598060254
Bulk 145,0.5559338724901483,0.0,0.1232925536277955,0.29271668426056113,0.028056889621495155
Bulk 146,0.4993673908975479,0.004027908429023801,0.0,0.38453084677085847,0.11207385390256966
Bulk 147,0.24525444222815299,0.20884270741570862,0.13585840105778785,0.25485170808333224,0.15519274121501833
Bulk 148,0.3949283134458294,0.0,0.35547893449636525,0.2495927520578053,0.0
Bulk 149,0.08207340544831702,0.16053590491120034,0.1288362520795163,0.3181815641097922,0.31037287345117415
Bulk 150,0.1657617142939852,0.183813716661195,0.0,0.3465169769982833,0.3039075920465364
Bulk 151,0.280558304659352,0.11901291551892292,0.0,0.3680855473084936,0.23234323251323147
Bulk 152,0.5262245275340247,0.2066296817355711,0.0945006390009605,0.0,0.17264515172944375
Bulk 153,0.4649208593450745,0.13933358425930847,0.0,0.13244198929733608,0.26330356709828096
Bulk 154,0.3922846851606739,0.12786283772115237,0.0,0.23231708323197087,0.24753539388620288
Bulk 155,0.14966446860662347,0.16243748523621204,0.14626771741654807,0.36570404700854847,0.17592628173206798
Bulk 156,0.7790428271723122,0.03534499559772748,0.0,0.0,0.18561217722996032
Bulk 157,0.5829921448272466,0.05892942289092863,0.0,0.21090225027241252,0.14717618200941218
Bulk 158,0.4651941460083961,0.0,0.009649865153439649,0.4219080705844887,0.1032479182536756
Bulk 159,0.39943785066031107,0.07994678387022255,0.1293279221481872,0.2723559225076892,0.11893152081358993
Bulk 160,0.47766532266229533,0.1997978661120963,0.0,0.10932685657425857,0.21320995465134987
Bulk 161,0.4421166872628183,0.11832934646998537,0.08034849922803619,0.17883300609783298,0.18037246094132722
Bulk 162,0.18759100939208265,0.17261166707658032,0.10032130010870055,0.3472810236125196,0.19219499981011695
Bulk 163,0.3964746536514247,0.11299091873318216,0.1140933000635479,0.278124654120551,0.0983164734312941
Bulk 164,0.42585906454475675,0.0,0.02852783186368522,0.4176199372095373,0.12799316638202077
Bulk 165,0.320249814787438,0.15868549156160952,0.13385387292758777,0.1166249936177548,0.27058582710560986
Bulk 166,0.6664733129558312,0.07656489541150692,0.0,0.0548403053019727,0.2021214863306891
Bulk 167,0.45978714190609427,0.0914026868295101,0.17580222279638869,0.13818760539430872,0.13482034307369822
Bulk 168,0.029407964475776864,0.23601821667887496,0.14373260877307412,0.3629365761154421,0.22790463395683205
Bulk 169,0.4758001115541779,0.05585239809098901,0.09171194819994274,0.25506084503377113,0.12157469712111911
Bulk 170,0.24894623699877116,0.2591517644471728,0.14014901148918232,0.0,0.35175298706487357
Bulk 171,0.35642544756398736,0.050396778889920585,0.0,0.44194912963922334,0.15122864390686874
Bulk 172,0.28452787914226274,0.17369534031874825,0.07446231439553319,0.18148500500662335,0.2858294611368325
Bulk 173,0.4143535085829442,0.16633776395406266,0.0,0.11731809365681065,0.30199063380618246
Bulk 174,0.5782280702841952,0.048526833022928484,0.0,0.0887489673328502,0.2844961293600261
Bulk 175,0.36489353157181686,0.04979180685897147,0.30851747434290233,0.12325964797131173,0.15353753925499766
Bulk 176,0.1278515967054168,0.2343227939643859,0.07081163854316484,0.22930661705820743,0.3377073537288249
Bulk 177,0.13602332968690803,0.18990459459158213,0.1309702852950457,0.3749792511351885,0.16812253929127566
Bulk 178,0.16978447189487933,0.22115589966203114,0.07564348886412608,0.28659093962377385,0.24682519995518962
Bulk 179,0.16850776770920556,0.1196328720750315,0.2454507242291535,0.4165916497509963,0.04981698623561309
Bulk 180,0.12104890027171981,0.1933620124336537,0.05600422658790779,0.3982726193792854,0.23131224132743344
Bulk 181,0.29272503055626137,0.1794366426861135,0.06153561219924136,0.19007264507011096,0.2762300694882728
Bulk 182,0.37786553438261355,0.0,0.04668540940126923,0.3567680573778129,0.2186809988383043
Bulk 183,0.1517923516914934,0.2786889330058998,0.10729675569156834,0.1928462330130322,0.26937572659800635
Bulk 184,0.35897970245059213,0.1517968033206464,0.0,0.21937786010686466,0.2698456341218967
Bulk 185,0.21121109453260525,0.19520537112887354,0.14453990242716647,0.2324002957643319,0.21664333614702277
Bulk 186,0.2739971634750068,0.13237661005800982,0.2632570849203585,0.24055930691427024,0.0898098346323547
Bulk 187,0.6732577803315667,0.0,0.0,0.08289494019908199,0.24384727946935125
Bulk 188,0.42021036177604637,0.010170378284972727,0.10893344782059285,0.30573949260923894,0.15494631950914906
Bulk 189,0.435620848007594,0.12579210369284893,0.0,0.18218236914875552,0.2564046791508015
Bulk 190,0.43515403133376035,0.16265013063604508,0.0,0.176000999253857,0.2261948387763376
Bulk 191,0.3135788780653395,0.07437019822679311,0.21701213688718698,0.2478447704074715,0.14719401641320898
Bulk 192,0.44264195641009263,0.14894669508575772,0.0,0.21149371841771286,0.19691763008643695
Bulk 193,0.6464923918921065,0.05546313133201712,0.1461323846867593,0.0,0.15191209208911716
Bulk 194,0.609245154973068,0.05609371370809629,0.053211485122904585,0.17326718140304015,0.10818246479289122
Bulk 195,0.46813534370478377,0.18838851147141306,0.0,0.0,0.3434761448238031
Bulk 196,0.5632843743633629,0.0493206562214131,0.0,0.09448684992114724,0.29290811949407664
Bulk 197,0.3471991445788186,0.19392280562527847,0.09638269176427505,0.17014694241924083,0.1923484156123869
Bulk 198,0.680617430010888,0.11549631504943478,0.0754825778045242,0.11705918373785389,0.011344493397299009
Bulk 199,0.38833819224971655,0.14705873274817371,0.10366961882385166,0.19316657737830378,0.16776687879995425
Bulk 200,0.2815857638086011,0.057246611217914356,0.1365476566418657,0.43056680008897275,0.09405316824264602
Bulk 201,0.10329409420927943,0.13491415055281503,0.12112623360268923,0.41424122213234443,0.22642429950287196
Bulk 202,0.3292750572272749,0.1706370391660802,0.0,0.26541350497085964,0.23467439863578526
Bulk 203,0.5763601868316152,0.1269345631492696,0.017524017143996064,0.0010316998857834263,0.27814953298933576
Bulk 204,0.5727694145002288,0.12217696327249492,0.0,0.1683516824150617,0.13670193981221448
Bulk 205,0.4629771006759691,0.20583408347364918,0.0,0.08744113434719553,0.2437476815031863
Bulk 206,0.7812169239056921,0.0,0.0,0.12345183446436975,0.09533124162993807
Bulk 207,0.37873929402026385,0.16327005352707022,0.0,0.19198578185790194,0.26600487059476385
Bulk 208,0.14725327971834473,0.11956699522107335,0.011375602127924156,0.4091895297037409,0.3126145932289169
Bulk 209,0.5050718251563627,0.0744347525710252,0.15997522206643247,0.07144058223648429,0.18907761796969536
Bulk 210,0.5087077629145561,0.1645581216727612,0.06093756394689701,0.09093981644136946,0.1748567350244162
Bulk 211,0.0,0.20694791890731587,0.16582313006965896,0.3109664207003507,0.31626253032267465
Bulk 212,0.28743013884062335,0.11353234607831608,0.30094171698564004,0.21500118217741182,0.08309461591800867
Bulk 213,0.3557822162125058,0.12565854572054627,0.0,0.21671092161399552,0.30184831645295235
Bulk 214,0.23101771149608108,0.15849529208256577,0.18169754336792338,0.2144199850858632,0.21436946796756653
Bulk 215,0.3698238895642509,0.13044943961689737,0.0,0.23565732673537912,0.26406934408347266
Bulk 216,0.21437388342392377,0.1880887684680992,0.0,0.3532444569452345,0.24429289116274255
Bulk 217,0.7068720007790928,0.0,0.0,0.09419090200215324,0.19893709721875386
Bulk 218,0.3131343093867869,0.0,0.28589142497467146,0.40097426563854166,0.0
Bulk 219,0.3601803886589289,0.21692325874937718,0.0169531958902347,0.1778669403410268,0.22807621636043252
Bulk 220,0.6087084768877019,0.07210104110297663,0.0768507331091993,0.07627558290642576,0.1660641659936964
Bulk 221,0.12963139687515524,0.25587236011778125,0.03782856450597551,0.2907463884322023,0.2859212900688856
Bulk 222,0.13269576600158572,0.11608224917605985,0.025432330124646983,0.4745124988506832,0.2512771558470243
Bulk 223,0.3118705465379357,0.24193336419192446,0.1323087203009424,0.1902963594711346,0.12359100949806287
Bulk 224,0.15601993598655448,0.21044369060636992,0.1474266628322553,0.261430094969823,0.22467961560499738
Bulk 225,0.6894152782688254,0.08152295422618708,0.0,0.0,0.22906176750498744
Bulk 226,0.6187867914556461,0.05534777754612435,0.0,0.08019724593233044,0.24566818506589924
Bulk 227,0.10458013421651075,0.2393065595626459,0.0702422855460013,0.290760406203582,0.29511061447126014
Bulk 228,0.44939150344215484,0.11539836658008974,0.08410214707213598,0.23119248183806887,0.11991550106755049
Bulk 229,0.21477137193904097,0.21214111094219493,0.08132471919430466,0.2804811484585181,0.21128164946594127
Bulk 230,0.20975743362847848,0.016903270184392905,0.0674265767155858,0.6547869553067853,0.05112576416475746
Bulk 231,0.7036091398186426,0.01582741361744755,0.0,0.16226362740991426,0.11829981915399554
Bulk 232,0.025953240531867917,0.1884623350309477,0.0813854962806408,0.46941374540571207,0.2347851827508314
Bulk 233,0.17622278489333038,0.18684217743249681,0.0,0.3551104960994494,0.28182454157472353
Bulk 234,0.5293808318137585,0.10383204087115584,0.0,0.009187671845004918,0.3575994554700808
Bulk 235,0.4195717824363565,0.16633850631246624,0.030187248667441886,0.1557268742168469,0.22817558836688834
Bulk 236,0.1014508562704762,0.18711284165860115,0.013528453074521387,0.4169763630034593,0.28093148599294193
Bulk 237,0.49678232585778254,0.15012295141808366,0.0,0.06492355723042091,0.2881711654937129
Bulk 238,0.28766432673229014,0.15792386955014398,0.028173920187582944,0.22894038680488168,0.29729749672510125
Bulk 239,0.0,0.1918125223720743,0.11384111183814076,0.38513209332947135,0.30921427246031363
Bulk 240,0.1478442707443555,0.20208822232457604,0.0,0.34574938942193373,0.30431811750913473
Bulk 241,0.20170504570865302,0.05273249998469955,0.10767746928371265,0.47787410201859387,0.1600108830043409
Bulk 242,0.6295915719132411,0.08158132153854575,0.0,0.2023915045934052,0.08643560195480796
Bulk 243,0.5184557494080609,0.17264983263533676,0.0,0.0,0.3088944179566023
Bulk 244,0.2925035307108095,0.1883163586196049,0.07304162505792464,0.1315479102998318,0.3145905753118292
Bulk 245,0.8170198780738861,0.0,0.0,0.0,0.18298012192611388
Bulk 246,0.334948855580993,0.13824912747268422,0.0,0.10289993391888028,0.4239020830274425
Bulk 247,0.550803681831611,0.09454719983172162,0.0,0.20134832200322092,0.15330079633344645
Bulk 248,0.8038835857007596,0.0,0.0,0.1961164142992404,0.0
Bulk 249,0.7275651167449372,0.10190129802170635,0.0,0.0,0.17053358523335652
Bulk 250,0.6249372094216239,0.11190469124193439,0.0,0.0,0.2631580993364417
Bulk 251,0.2886674544651067,0.14221216670790413,0.0,0.366145932288436,0.2029744465385532
Bulk 252,0.25465317742915494,0.17022239691690355,0.05134751607509032,0.2991830306795475,0.22459387889930374
Bulk 253,0.15457414979450482,0.17082320171653378,0.07805428125992259,0.34910778087853656,0.2474405863505022
Bulk 254,0.5317752381053632,0.11233608769260416,0.0,0.07318805768870744,0.28270061651332523
Bulk 255,0.21746573840822467,0.09981407221527548,0.1802022279053447,0.3123201291841723,0.1901978322869828
Bulk 256,0.08670978613734849,0.3212855157619895,0.08827920856713847,0.19416785921465282,0.3095576303188707
Bulk 257,0.07805381866476344,0.3313343338596117,0.05065535641374424,0.25194188340895735,0.2880146076529233
Bulk 258,0.5700182125288976,0.07769289044679185,0.0,0.0,0.35228889702431043
Bulk 259,0.5466562097701486,0.1276652155285344,0.0,0.11490729564607743,0.21077127905523954
Bulk 260,0.05334700511447478,0.16410863516301238,0.08103801717346054,0.43517554539368186,0.26633079715537045
Bulk 261,0.1739834491164316,0.21493218412051968,0.1132338984043098,0.30115116542366643,0.19669930293507246
Bulk 262,0.31738137069997796,0.20987010244159235,0.026921124846424897,0.18079003573446942,0.2650373662775353
Bulk 263,0.20352275169898976,0.19988561201292615,0.20306657938995662,0.2426010183822111,0.15092403851591632
Bulk 264,0.28258499203946424,0.16446806755868174,0.0,0.17977699841727265,0.37316994198458137
Bulk 265,0.23096097160457288,0.1669392701558722,0.0,0.31746898398195234,0.2846307742576024
Bulk 266,0.2047145537604779,0.14753700021733981,0.26580688313087963,0.24560451340681064,0.1363370494844919
Bulk 267,0.10256760441108788,0.1376966827226197,0.1057965136257016,0.5066898948722584,0.1472493043683324
Bulk 268,0.651714342092163,0.07946516597975434,0.0,0.17483473663881305,0.09398575528926957
Bulk 269,0.296521012845916,0.16015184066829835,0.10012912098259255,0.24769730051891947,0.19550072498427373
Bulk 270,0.30136780157860055,0.14216341338180685,0.16335664363080962,0.20016638345820567,0.19294575795057742
Bulk 271,0.19996564692240054,0.12471993754710473,0.09117095649086918,0.43234980930785116,0.1517936497317743
Bulk 272,0.2119586375364927,0.22969125542030974,0.09648087739542024,0.188616078365076,0.27325315128270145
Bulk 273,0.5487755086674033,0.11902310701242913,0.0,0.09856391998188853,0.23363746433827895
Bulk 274,0.33458554770617316,0.10144396796347394,0.0,0.3577616746134774,0.20620880971687558
Bulk 275,0.30625772247170335,0.0,0.12318628438801477,0.2713493198949946,0.2992066732452873
Bulk 276,0.1989956219409215,0.2253213727970533,0.052082737287391226,0.3309198307779243,0.1926804371967097
Bulk 277,0.42048837713187626,0.10716072644735443,0.2033662501686368,0.17311258795690787,0.09587205829522473
Bulk 278,0.24332281477642717,0.19052812148227904,0.004821706235413301,0.2947748049317281,0.2665525525741524
Bulk 279,0.3744823262557108,0.09304765166517778,0.09091439567661691,0.3110124038013716,0.13054322260112286
Bulk 280,0.3923960249697583,0.16048893920909987,0.0,0.21715814004528428,0.22995689577585762
Bulk 281,0.7478512392180005,0.031693693050385975,0.05818704387741872,0.0,0.16226802385419473
Bulk 282,0.41796324484356984,0.1197694011629642,0.14704469424285613,0.1976099404357039,0.11761271931490594
Bulk 283,0.4112782016761374,0.15554849398901524,0.18757970402255938,0.061041131170423396,0.18455246914186474
Bulk 284,0.6023748117814932,0.14492375773933425,0.056272529833240444,0.06432226535105717,0.13210663529487499
Bulk 285,0.3002246240485355,0.27386665384767533,0.0,0.14547696485709372,0.2804317572466955
Bulk 286,0.2847559534464184,0.14763373002849633,0.2774054462510006,0.11896643357676664,0.17123843669731806
Bulk 287,0.08369153044934288,0.037380123276000043,0.09396741980015336,0.5192170770963443,0.2657438493781594
Bulk 288,0.738920735272061,0.0,0.0,0.13595833080303796,0.12512093392490095
Bulk 289,0.7750662816536686,0.07148429870765367,0.0,0.0,0.15344941963867756
Bulk 290,0.26128874385811846,0.10582390860659278,0.0,0.3221630154435188,0.3107243320917701
Bulk 291,0.5487501276124273,0.19336808625903623,0.0,0.0,0.2578817861285365
Bulk 292,0.20207869127580821,0.2689427190681655,0.08143836710133745,0.15705985588286378,0.29048036667182503
Bulk 293,0.323348642478543,0.09225724280964273,0.14934877057303492,0.3258557587562575,0.10918958538252184
Bulk 294,0.5417253019608171,0.1581284020921073,0.0,0.0,0.3001462959470755
Bulk 295,0.6235166576056672,0.0962415085898212,0.0,0.20397796270714588,0.07626387109736553
Bulk 296,0.6101248188889853,0.1213313617821325,0.03161799267838939,0.012754320578829272,0.22417150607166358
Bulk 297,0.7883272061239219,0.06842678089094711,0.0,0.0,0.14324601298513115
Bulk 298,0.38172481755467774,0.07263096880877536,0.1557417661484922,0.21219030508469736,0.1777121424033574
Bulk 299,0.33737407666883296,0.18642927905541387,0.14157766542633812,0.10423642429231955,0.23038255455709541
Bulk 300,0.04914460721724164,0.19440222489035183,0.15894472231592488,0.3820693011037508,0.2154391444727308
Bulk 301,0.1673282862189624,0.20657687857580434,0.06662011286503813,0.3642248001834055,0.19524992215678982
Bulk 302,0.11372315042737184,0.14475120263675773,0.0,0.3639542276251347,0.37757141931073573
Bulk 303,0.3045451362599475,0.2076593004847771,0.10642056395787092,0.25048105467014753,0.1308939446272569
Bulk 304,0.38143111609058444,0.27749551360306246,0.030772257619528644,0.01786309775467777,0.29243801493214666
Bulk 305,0.5282445885578866,0.15712052209024782,0.0,0.0,0.31463488935186557
Bulk 306,0.5489789022956554,0.13968369218968163,0.0,0.1287704121752437,0.18256699333941942
Bulk 307,0.9441401994192036,0.0,0.013517460357801993,0.04234234022299433,0.0
Bulk 308,0.6042721219434787,0.0948640575560287,0.0,0.18923068486246994,0.11163313563802271
Bulk 309,0.2948332778517063,0.10540428840208092,0.17551632182410679,0.16358292137333863,0.2606631905487674
Bulk 310,0.039330081080551096,0.24014792398448237,0.1896195657164319,0.2779364932156218,0.25296593600291273
Bulk 311,0.1256141848288918,0.2531039220088652,0.06676504951844413,0.33490489272952695,0.21961195091427183
Bulk 312,0.40918903124508527,0.06954026435370425,0.0,0.3886480603897237,0.13262264401148677
Bulk 313,0.3989990389006363,0.09064652948980248,0.0,0.19715958583396553,0.3131948457755956
Bulk 314,0.3726100375205306,0.21297405366094377,0.292960990893862,0.04046624159417168,0.08098867633049193
Bulk 315,0.3538422072646954,0.21148906062726397,0.014275695317235442,0.11965569881754136,0.3007373379732639
Bulk 316,0.5340785482257541,0.15261991423982763,0.0,0.10843654094240254,0.20486499659201568
Bulk 317,0.47960374924638244,0.18012823792740798,0.0,0.09963833327991262,0.24062967954629705
Bulk 318,0.08411713326850682,0.15264071265493045,0.35613965849088347,0.21763628276915262,0.1894662128165266
Bulk 319,0.3681771989917471,0.19547675422585895,0.0,0.3653014169854455,0.07104462979694852
Bulk 320,0.43146071637231515,0.1470072021579305,0.0,0.203765938064449,0.2177661434053054
Bulk 321,0.4060074175164973,0.15099185724937317,0.10633550863250313,0.0,0.3366652166016263
Bulk 322,0.19835827701555725,0.08687612703662985,0.2359381776295157,0.34348718574930825,0.13534023256898903
Bulk 323,0.4102381009559994,0.2620909613729023,0.06109377945022815,0.011020532358522236,0.2555566258623479
Bulk 324,0.18682125289995874,0.26832024532105353,0.28524483405039525,0.13915031028870942,0.12046335743988303
Bulk 325,0.22267406349369964,0.1440264878123317,0.332585931896323,0.16656843864939228,0.13414507814825335
Bulk 326,0.0,0.11456442456649284,0.3655198717998138,0.28055179933005814,0.23936390430363522
Bulk 327,0.48830979840597344,0.18050764920612386,0.0,0.02000578172708668,0.31117677066081606
Bulk 328,0.5259500628196365,0.023037232764547288,0.0,0.41820630853652846,0.03280639587928784
Bulk 329,0.48781433873198393,0.16976037730385352,0.0,0.0,0.3424252839641626
Bulk 330,0.29267415116397255,0.2966165444390385,0.07470709279024985,0.12279629662736895,0.2132059149793701
Bulk 331,0.4651300106483309,0.1608789991160348,0.004460987579747513,0.07851053046240737,0.29101947219347946
Bulk 332,0.16696956408054672,0.2885893151089927,0.1047557560253424,0.17758805282663978,0.26209731195847835
Bulk 333,0.36222270049100147,0.1629994657046892,0.17404748757921681,0.16539400524622275,0.13533634097886976
Bulk 334,0.021038782622253484,0.1145442934548414,0.06943547144812703,0.5236970135586606,0.2712844389161176
Bulk 335,0.32672176965591515,0.12701815078335096,0.37114204907305465,0.041334420521508215,0.13378360996617103
Bulk 336,0.4537928149218318,0.09021228628834052,0.14799410339027477,0.07129560006114194,0.2367051953384111
Bulk 337,0.14992603706283333,0.05351026710988265,0.14156042172848388,0.4201804674458588,0.23482280665294133
Bulk 338,0.19600293604039074,0.1995300986349484,0.0029333588365574336,0.36927980274459626,0.23225380374350726
Bulk 339,0.5766864459314702,0.009915891866224344,0.34307972737667475,0.06362393544552727,0.006693999380103354
Bulk 340,0.050780786454257675,0.2006706195520477,0.19519201124793156,0.3143603748779712,0.23899620786779197
Bulk 341,0.3314271695122393,0.16009733623253225,0.1404167759963753,0.16104410905898914,0.20701460919986403
Bulk 342,0.0703038211148829,0.19294555618965828,0.05594530552187941,0.3898449711298428,0.2909603460437367
Bulk 343,0.6318301041971863,0.060001073366526894,0.0,0.06974796659173234,0.2384208558445544
Bulk 344,0.2858279068141495,0.08855103500056939,0.3170344039991479,0.17249662965176482,0.13609002453436847
Bulk 345,0.6784996466767116,0.07195343784445715,0.0,0.0,0.2495469154788313
Bulk 346,0.2641424173627036,0.0,0.2553836794704066,0.4804739031668899,0.0
Bulk 347,0.30154584206495066,0.18859109792852335,0.13851515889637364,0.2250913502793359,0.14625655083081646
Bulk 348,0.21958994826525205,0.18388656771704406,0.14189253949572392,0.20673047858713983,0.24790046593484014
Bulk 349,0.13821114012678942,0.19277754264323974,0.2439865097513699,0.17203603677465606,0.252988770703945
Bulk 350,0.4681593320552398,0.20499833876757748,0.09418722124997583,0.0278172740449893,0.20483783388221766
Bulk 351,0.9919930102872043,0.0,0.0,0.008006989712795731,0.0
Bulk 352,0.06018896620315178,0.14664176357413256,0.10074960100372572,0.48251588840257176,0.20990378081641822
Bulk 353,0.3453377811078914,0.23179526788447852,0.0,0.20220277196019937,0.22066417904743083
Bulk 354,0.4135395050815184,0.1407567549940541,0.2283844498012968,0.05947425458298045,0.1578450355401503
Bulk 355,0.6119380162431346,0.0,0.0031434120531392408,0.27333105149619885,0.11158752020752738
Bulk 356,0.259067941145535,0.22997515783871775,0.08240416347072008,0.19372159193722407,0.23483114560780305
Bulk 357,0.28197589281351537,0.22023894312962378,0.10575903106825725,0.15037014912272822,0.2416559838658753
Bulk 358,0.33774472653915144,0.19036030977245097,0.04244667315326567,0.14896080106786722,0.28048748946726476
Bulk 359,0.01899732583864577,0.1999989273981112,0.1650664228300513,0.3348970444217097,0.2810402795114821
Bulk 360,0.2193428606384428,0.2656992477886015,0.03161492323122484,0.14767211012418663,0.33567085821754433
Bulk 361,0.6732146419447079,0.06051251420398653,0.0,0.04167587262197841,0.22459697122932715
Bulk 362,0.15058577561297665,0.19348809053203178,0.05121277133730062,0.32738684101756094,0.27732652150012993
Bulk 363,0.36324042496949255,0.11037474700672152,0.09306156054823633,0.3953435189631528,0.03797974851239688
Bulk 364,0.7605444635379465,0.0,0.0,0.2394555364620535,0.0
Bulk 365,0.2820789406849863,0.21608188010444748,0.0,0.2792276892672215,0.22261148994334468
Bulk 366,0.30949286291673944,0.20313700835071535,0.0,0.22481255385366966,0.26255757487887554
Bulk 367,0.5432395746009357,0.08904614317031383,0.08094126144687365,0.0,0.2867730207818766
Bulk 368,0.31276536165718266,0.20073893298153855,0.0,0.0,0.4864957053612789
Bulk 369,0.5750371380696101,0.1751709714901628,0.0,0.09314474873984407,0.156647141700383
Bulk 370,0.3513155717417338,0.18016519110216828,0.0,0.20592515629006855,0.2625940808660295
Bulk 371,0.4260984825982406,0.24252196072550686,0.0,0.06019095404575554,0.2711886026304968
Bulk 372,0.09495551103352506,0.2120700484969818,0.18417578511973848,0.19460508643499108,0.31419356891476363
Bulk 373,0.2749169221991142,0.06925381306229125,0.14794120435131586,0.43967369294994846,0.06821436743733038
Bulk 374,0.4211656149904213,0.11310713678473812,0.21570507627995492,0.034937732368707314,0.21508443957617834
Bulk 375,0.17525535710472204,0.2258577639943985,0.0,0.27075324351234087,0.3281336353885387
Bulk 376,0.7247581247864312,0.013285195874819997,0.0,0.13775214640422537,0.12420453293452322
Bulk 377,0.3627535293189981,0.32322513620704857,0.00355165317795196,0.0,0.3104696812960013
Bulk 378,0.18222275673469449,0.1942475703633102,0.0,0.333431792291194,0.2900978806108013
Bulk 379,0.1922081331385896,0.28212070646503656,0.0,0.19285292243415944,0.3328182379622145
Bulk 380,0.4571494149377982,0.11247779237377602,0.005909436484151321,0.1582155997146406,0.2662477564896337
Bulk 381,0.39231725785091365,0.15563168051534945,0.16565509773957446,0.0,0.2863959638941625
Bulk 382,0.36600850869235724,0.15342721785357627,0.07893962032182467,0.09423284360079746,0.3073918095314445
Bulk 383,0.3328659035622876,0.1895874271579985,0.0,0.17281333695222556,0.3047333323274884
Bulk 384,0.012862301951841302,0.27727295289189074,0.05948292499385959,0.29223201949123334,0.358149800671175
Bulk 385,0.39441655603886566,0.000791453938518458,0.02467118900597816,0.4694037158950921,0.11071708512154567
Bulk 386,0.3720638361406524,0.16752868186267825,0.07309295433594881,0.03811063222190662,0.3492038954388139
Bulk 387,0.46325890267683556,0.150805641136636,0.07024775453014301,0.31027261877165346,0.005415082884731923
Bulk 388,0.3291588950194361,0.2986425450743476,0.04471651487777018,0.0,0.327482045028446
Bulk 389,0.4076563118675258,0.2273588787079795,0.0,0.1411890222678791,0.22379578715661563
Bulk 390,0.6374996847058126,0.00399176233835711,0.09248766006862343,0.14097583734464592,0.1250450555425608
Bulk 391,0.48534300707688205,0.08196682889107605,0.0,0.3542599108293216,0.07843025320272022
Bulk 392,0.1359393245167782,0.15053267117610394,0.09298191641525179,0.35597596229690026,0.2645701255949658
Bulk 393,0.0,0.22367888375594933,0.058378855586517626,0.30362015082496147,0.4143221098325716
Bulk 394,0.24443853939653207,0.11780118839499491,0.10536269043175368,0.3429763233103789,0.18942125846634048
Bulk 395,0.7953311290101385,0.006780988938117234,0.0,0.0,0.19788788205174435
Bulk 396,0.7833491643398338,0.0,0.0,0.08963860614738495,0.12701222951278124
Bulk 397,0.1683910645363223,0.21593667833619742,0.2237540934582711,0.1975608529224065,0.1943573107468028
Bulk 398,0.5729954811367225,0.11115124583458279,0.1525062199501495,0.1118413011919437,0.05150575188660146
Bulk 399,0.6656839753109112,0.10051199975520221,0.0,0.19365489463449984,0.040149130299386715
Bulk 400,0.3614704277876807,0.14966805276316184,0.09988519903493036,0.2451522982624406,0.14382402215178655
Bulk 401,0.27352428949297075,0.20913442086515044,0.13564992329465414,0.14790175446646153,0.23378961188076317
Bulk 402,0.20857038976084,0.24080441154215637,0.05169253143745134,0.12764130444750602,0.3712913628120462
Bulk 403,0.3303608558631697,0.16315920730345337,0.10564334529379817,0.12724823719384717,0.27358835434573153
Bulk 404,0.37427122186325174,0.14327695020825598,0.21339368725506735,0.10183475024155955,0.16722339043186535
Bulk 405,0.3750830206310544,0.16594216167468845,0.0,0.3065763793975584,0.15239843829669877
Bulk 406,0.591182980826109,0.10416475743867343,0.0,0.11343624388139474,0.1912160178538229
