,Ast,End,Mic,Neu,Oli
Bulk 0,0.044879531154476585,0.2051813967113126,0.2208550291523431,0.38948425756339294,0.13959978541847476
Bulk 1,0.44884101716877584,0.12791757067190904,0.0,0.1875941371019905,0.23564727505732475
Bulk 2,0.10573637336628523,0.2432123273825489,0.04264416991563,0.32801692829425994,0.280390201041276
Bulk 3,0.04634168805569019,0.19310705978356235,0.18803246468336565,0.31025965398851557,0.26225913348886626
Bulk 4,0.42245742804125497,0.12438529262007633,0.12733185207965916,0.136897474197607,0.18892795306140242
Bulk 5,0.026095507860219677,0.24303623957759732,0.1399921478470027,0.3798429036378551,0.21103320107732515
Bulk 6,0.32309284392312293,0.20434902275397035,0.06147100459103927,0.24211952926216718,0.16896759946970027
Bulk 7,0.3083786069171589,0.14327147300717574,0.0,0.3140279677649862,0.23432195231067898
Bulk 8,0.2018665466017041,0.0985871966705734,0.06772604575712741,0.36710662474703243,0.26471358622356256
Bulk 9,0.517870254809165,0.12753366471463487,0.08987163017123093,0.030989867875739208,0.23373458242923006
Bulk 10,0.47425391761860436,0.0,0.07605217994463216,0.4496939024367634,0.0
Bulk 11,0.2394992636950556,0.16731879865371857,0.060305319782677176,0.31979357637269235,0.21308304149585625
Bulk 12,0.35600574642260635,0.08724470606965694,0.0,0.3160474245581071,0.24070212294962945
Bulk 13,0.060694261332253384,0.22404186740326446,0.11333727752027568,0.28711272638234203,0.3148138673618644
Bulk 14,0.5847175258571591,0.1204192787339688,0.03273783674716233,0.003786702608659114,0.2583386560530507
Bulk 15,0.6384548307479402,0.0,0.0,0.19811360060198416,0.16343156865007577
Bulk 16,0.2548105978232358,0.1103050076151245,0.10814120890745814,0.3499846807938061,0.17675850486037553
Bulk 17,0.5822311603828093,0.11705478382211378,0.0,0.09410275244272366,0.2066113033523533
Bulk 18,0.3699854179587083,0.19663578062728118,0.0,0.1375689500848199,0.2958098513291906
Bulk 19,0.3249729596016033,0.15447161461318112,0.15265966000951603,0.3110505646395784,0.056845201136121
Bulk 20,0.015738113414053567,0.02927450314126608,0.19657310424880398,0.6912957303447808,0.0671185488510957
Bulk 21,0.14975897108482483,0.17579668256667932,0.14482866631519453,0.2840994928934405,0.24551618713986076
Bulk 22,0.0,0.1816862291231632,0.12654266305575881,0.41356547624263446,0.2782056315784436
Bulk 23,0.274590894215813,0.11272502242719136,0.029865218088239113,0.4154102994441594,0.16740856582459723
Bulk 24,0.4065098970394587,0.11614085446292394,0.0,0.28848360348321156,0.18886564501440573
Bulk 25,0.3525610603185464,0.11240701556270008,0.011212915707658625,0.3179844169124037,0.20583459149869107
Bulk 26,0.3341413118729576,0.15949357170432132,0.0,0.197716217061063,0.30864889936165807
Bulk 27,0.41459584021804496,0.059843303018466305,0.266228458406192,0.23455135333601104,0.024781045021285544
Bulk 28,0.1269588244285796,0.18811930686254438,0.11844421141509612,0.35334143151114045,0.2131362257826395
Bulk 29,0.527322644080424,0.12948642839688104,0.0,0.18013535521954258,0.1630555723031524
Bulk 30,0.6190180735526379,0.06456374050545415,0.0,0.1460883363235817,0.17032984961832615
Bulk 31,0.44207172782428283,0.10504695924397073,0.07158283021725065,0.24961617560929233,0.1316823071052034
Bulk 32,0.2786141547076711,0.02439163145494354,0.17959743480881904,0.3294407396831374,0.1879560393454289
Bulk 33,0.017047952190637507,0.03417977714758784,0.13483292486121579,0.6554644840880877,0.15847486171247113
Bulk 34,0.18753730462789955,0.14860778805338454,0.05995934842477117,0.3749220025033278,0.2289735563906169
Bulk 35,0.3356591655026862,0.09416908218378853,0.2152351157823691,0.2639384219756499,0.09099821455550634
Bulk 36,0.9498313119693382,0.0,0.0,0.015352014233064816,0.03481667379759694
Bulk 37,0.2229690206467718,0.12424020897700792,0.19588021111642084,0.27522096523943973,0.1816895940203597
Bulk 38,0.2905329506678073,0.14451875676272352,0.0,0.29779462071510154,0.2671536718543676
Bulk 39,0.13701848492550786,0.12367055870598494,0.11075515717475475,0.4837288723607914,0.14482692683296103
Bulk 40,0.2538038664775465,0.19710306250716397,0.0,0.2887384096962676,0.2603546613190218
Bulk 41,0.45561848185379394,0.08521625503718289,0.13011100074237084,0.18915317057913636,0.13990109178751597
Bulk 42,0.41258285498292296,0.1418372453378939,0.0,0.21415627625290937,0.23142362342627368
Bulk 43,0.17547844185883021,0.23278502090063982,0.002170936569040376,0.34496163620102643,0.2446039644704632
Bulk 44,0.06732932232479348,0.18837220893275564,0.18547822004626702,0.4080440200505685,0.15077622864561532
Bulk 45,0.7555683253803656,0.0772795124285915,0.0,0.002257277720597103,0.16489488447044592
Bulk 46,0.4527607088211184,0.1986146705106823,0.0,0.15198678188218753,0.19663783878601165
Bulk 47,0.366327518655083,0.16363819104936625,0.0,0.18220864544249996,0.28782564485305084
Bulk 48,0.4296740494554565,0.05655015508102187,0.2039742931627487,0.21798458372288465,0.09181691857788829
Bulk 49,0.0,0.2810028789947545,0.030679809235077838,0.366350021615459,0.32196729015470865
Bulk 50,0.40659296538728956,0.0,0.20720335349894917,0.3086510776181346,0.07755260349562659
Bulk 51,0.3833577834170736,0.17352926323945148,0.010107047580722985,0.2141944783101135,0.21881142745263837
Bulk 52,0.11245584930224839,0.23724241288384432,0.016095877322707595,0.30721448216233854,0.3269913783288612
Bulk 53,0.29025188633506366,0.15273817376669555,0.09960457049657503,0.36961743855597823,0.08778793084568755
Bulk 54,0.3661826922746015,0.06605444755645423,0.0,0.4008353653316876,0.1669274948372566
Bulk 55,0.24688288417280588,0.07303497533745276,0.036546989055699114,0.37345557380576405,0.2700795776282781
Bulk 56,0.44312420601214464,0.131305857721575,0.0,0.24268918069284381,0.1828807555734366
Bulk 57,0.6116833229439144,0.15038707329989404,0.08157451572785333,0.0,0.15635508802833814
Bulk 58,0.48137577300236206,0.05733335837802721,0.21455949142198225,0.21031905541290716,0.03641232178472129
Bulk 59,0.19703669149774183,0.2482447852035724,0.02420641574105608,0.25434723594718756,0.2761648716104421
Bulk 60,0.0,0.30740064970295683,0.11507329819221976,0.27463224951521076,0.3028938025896127
Bulk 61,0.3742880179752318,0.08477330565413486,0.1202549081927152,0.27516090219733713,0.14552286598058084
Bulk 62,0.21386813135953028,0.17517810397842767,0.10487802218775792,0.30927950167644824,0.1967962407978359
Bulk 63,0.6795281066202392,0.06809626553885327,0.0,0.0543901614276801,0.19798546641322742
Bulk 64,0.0028909863208613057,0.20328982842652943,0.09219841098055236,0.42578958651239385,0.27583118775966303
Bulk 65,0.3900265552154142,0.10440012497032984,0.0,0.29723274109992887,0.20834057871432726
Bulk 66,0.29920490617562956,0.14343028709347413,0.09368020416951787,0.2958161362251942,0.16786846633618424
Bulk 67,0.22735564909412026,0.12609276600566083,0.07495984548141912,0.2721834500053604,0.2994082894134393
Bulk 68,0.3197775966044533,0.233036581780999,0.0,0.21863328615253225,0.22855253546201532
Bulk 69,0.11931079857848083,0.2212068097626242,0.0,0.38327648113255053,0.27620591052634447
Bulk 70,0.0016732053522383772,0.27264517497860374,0.03505751079783812,0.39598642005950746,0.2946376888118123
Bulk 71,0.46394251109636386,0.06549516946025379,0.0,0.2827998369014108,0.1877624825419716
Bulk 72,0.08144037911826366,0.2645525589780421,0.04902036316061254,0.37843258391911916,0.22655411482396243
Bulk 73,0.31473604950118833,0.05236785223133669,0.01894733656342432,0.45908311535857454,0.15486564634547617
Bulk 74,0.31474131944621814,0.1259945429292763,0.17122981906673632,0.2999525983128262,0.0880817202449431
Bulk 75,0.5740315329321913,0.035363597485436896,0.033892602781076316,0.35671226680129553,0.0
Bulk 76,0.10443145659798146,0.15223179425293742,0.00966107611508431,0.5455341217969881,0.1881415512370086
Bulk 77,0.4619331401667623,0.0892874879299585,0.17967288566304923,0.16399700053035493,0.10510948570987495
Bulk 78,0.30231144375119445,0.18625067245922447,0.194799592915478,0.12292729850866048,0.1937109923654424
Bulk 79,0.21886253387191199,0.09170421366215924,0.08167242507202406,0.40733105030293265,0.20042977709097198
Bulk 80,0.3088570845175576,0.1832414431194894,0.0,0.23434041428683353,0.2735610580761195
Bulk 81,0.3871378662075298,0.10807289364788276,0.0,0.3110335631272181,0.19375567701736937
Bulk 82,0.8550644864941576,0.007057880481756424,0.0,0.0,0.13787763302408604
Bulk 83,0.5022721943518129,0.0733786752446474,0.0,0.3461787295790743,0.07817040082446544
Bulk 84,0.12285004205343177,0.2453831827731309,0.0519249596192565,0.39226577409200214,0.18757604146217854
Bulk 85,0.0,0.2628116027870372,0.08835982603601619,0.3353320637479886,0.313496507428958
Bulk 86,0.6325692151466618,0.0,0.0,0.3674307848533383,0.0
Bulk 87,0.4923342436304452,0.03871705267702354,0.10040876948397698,0.33219053371982815,0.03634940048872616
Bulk 88,0.28192418622465676,0.19863443189746588,0.0,0.4105416969444667,0.10889968493341062
Bulk 89,0.34849805664500266,0.14821729151963853,0.0402541252268597,0.3124038318976062,0.15062669471089293
Bulk 90,0.10980309773796106,0.12412272137471461,0.09573528526529831,0.4711483634560874,0.19919053216593857
Bulk 91,0.23014002396964564,0.13872399313042738,0.05217267453616244,0.4269602360261406,0.15200307233762395
Bulk 92,0.2789403340633519,0.1867072094849105,0.0289135026140356,0.2848585835089402,0.22058037032876188
Bulk 93,0.15006573549986163,0.1119942277088712,0.21787876057044617,0.41080211348290796,0.10925916273791307
Bulk 94,0.14520185148140455,0.14988290213703323,0.0,0.4016766979205175,0.30323854846104475
Bulk 95,0.23792216201802222,0.14344536449634188,0.12481450084757259,0.40144669788235265,0.09237127475571061
Bulk 96,0.7138317352932783,0.07050761519270166,0.0,0.06668073331647702,0.14897991619754317
Bulk 97,0.3771257289457706,0.1518282670249065,0.10315167356604849,0.15305413650308866,0.21484019396018575
Bulk 98,0.29468340810601373,0.11495405308252796,0.2272277242286573,0.22749832659101588,0.1356364879917852
Bulk 99,0.32262382543735996,0.11660061832682567,0.0,0.36431395048715604,0.19646160574865834
Bulk 100,0.18396740537752418,0.12411320785110742,0.07054210639482565,0.42649034831282473,0.19488693206371802
Bulk 101,0.32117920431293984,0.10117489186822433,0.1394970850399144,0.23072163153874448,0.207427187240177
Bulk 102,0.04344277024276875,0.2810085907038807,0.09819283049005957,0.34129411411771676,0.23606169444557432
Bulk 103,0.03935489927489389,0.2186340288495204,0.13451748092287213,0.3552193892609956,0.252274201691718
Bulk 104,0.3683732679038948,0.15131496383546117,0.09703319385243783,0.23581830407865947,0.1474602703295467
Bulk 105,0.6084245142906591,0.06519673018068423,0.0,0.11805179405423835,0.2083269614744183
Bulk 106,0.498119966999783,0.09472124478513279,0.0,0.27322362798393257,0.13393516023115154
Bulk 107,0.23281420235244152,0.15751338168878323,0.09775577474405037,0.31470758639861174,0.19720905481611314
Bulk 108,0.14128492432984346,0.1519484492273551,0.12994793353174122,0.3658687425660441,0.21094995034501596
Bulk 109,0.2076795873371183,0.17903540877821322,0.0,0.36327206451376803,0.2500129393709004
Bulk 110,0.5034454140485387,0.05552374368811312,0.3163178201015032,0.12471302216184489,0.0
Bulk 111,0.7247869796402974,0.06562026564908291,0.0,0.0,0.2095927547106198
Bulk 112,0.3987477573097526,0.14800895533847455,0.0,0.19663945634354255,0.25660383100823025
Bulk 113,0.7850001480451281,0.039243896418323494,0.0,0.0,0.17575595553654855
Bulk 114,0.14276597393656484,0.2652664551985655,0.005883963426346682,0.25944048232634814,0.32664312511217486
Bulk 115,0.6285604252847865,0.06272199518507973,0.0,0.05182117692489151,0.2568964026052422
Bulk 116,0.20490055522722295,0.230296961592949,0.05454872046567117,0.30972050556312103,0.20053325715103573
Bulk 117,0.17126501894480275,0.18878380458932362,0.11460338938777806,0.3488164755821514,0.17653131149594412
Bulk 118,0.0429792753308118,0.20362523767827068,0.19145265567837996,0.3199143059058588,0.24202852540667885
Bulk 119,0.26391088226304227,0.13723562128836392,0.09249202503847521,0.33533425629513475,0.1710272151149838
Bulk 120,0.3421948446672319,0.19280973859825767,0.03684703973802967,0.24891000732001142,0.1792383696764693
Bulk 121,0.7574196706008435,0.0,0.0,0.2136098318558853,0.02897049754327118
Bulk 122,0.5267849467256964,0.132729215584034,0.09568663686985558,0.09522216552718993,0.1495770352932241
Bulk 123,0.34662248120163286,0.1677375417220852,0.0,0.2567734500175891,0.2288665270586928
Bulk 124,0.4923054569203067,0.15522574927976282,0.06550511506345179,0.017532201688896007,0.2694314770475827
Bulk 125,0.15946317398576626,0.16920088464076155,0.15096574320072534,0.29704792772378014,0.22332227044896677
Bulk 126,0.03085041349949489,0.21053670004724084,0.055827742890862814,0.4246817392368349,0.2781034043255666
Bulk 127,0.3022962876201034,0.14258838568928472,0.0,0.24399773243241302,0.311117594258199
Bulk 128,0.1939232705626682,0.08284919579344019,0.1826461913753673,0.28047369911172726,0.260107643156797
Bulk 129,0.27470662807775104,0.14637807560368588,0.28429305334898963,0.1623571356943205,0.13226510727525298
Bulk 130,0.32893093199937323,0.0992720803358658,0.0,0.3675354368240714,0.20426155084068956
Bulk 131,0.35141999263998025,0.05336978726387225,0.0,0.4113091534383844,0.1839010666577629
Bulk 132,0.4732365684295521,0.168503468146707,0.0,0.08801252029654429,0.2702474431271967
Bulk 133,0.7334872432955448,0.019458782729976212,0.06391233582414493,0.0,0.18314163815033402
Bulk 134,0.48877438004576873,0.11676523918092639,0.0,0.19046577257059352,0.20399460820271137
Bulk 135,0.40235186759691904,0.02890264075664815,0.1639616633084349,0.35445926169689584,0.05032456664110201
Bulk 136,0.16487694528901087,0.185391367692655,0.13648957278924165,0.26852754834303216,0.24471456588606036
Bulk 137,0.26562843912123096,0.1988272095320849,0.04765029373919349,0.16626890297149027,0.32162515463600044
Bulk 138,0.3700053054576216,0.13740135822741445,0.08905605586400758,0.12082745060234633,0.2827098298486099
Bulk 139,0.7158756480988798,0.05687034663001128,0.0,0.10928907456357416,0.11796493070753472
Bulk 140,0.3507810957911,0.22131098093254825,3.9199445071880516e-05,0.1895785790379614,0.23829014479331853
Bulk 141,0.49836613198463803,0.0,0.06548038729026441,0.23536912549870284,0.2007843552263947
Bulk 142,0.5662300667300559,0.0,0.23726603846299435,0.0,0.19650389480694977
Bulk 143,0.3047795538809944,0.24204908921826956,0.0,0.28586698008610784,0.1673043768146282
Bulk 144,0.33331810021967545,0.16749475501963584,0.027270942325170397,0.18825863117135805,0.28365757126416014
Bulk 145,0.4175753074151061,0.17497217990065414,0.0,0.14181793777127175,0.2656345749129681
Bulk 146,0.17208592033720718,0.16129374528405493,0.11185642801058894,0.340277326140822,0.2144865802273268
Bulk 147,0.0,0.19919134183185597,0.22331985790534853,0.36510240427350915,0.2123863959892863
Bulk 148,0.35155862319692993,0.12803231624409217,0.007437939911442397,0.2444804069749113,0.2684907136726243
Bulk 149,0.10530356190717796,0.14627651395803723,0.04808115355102695,0.4517765626673546,0.24856220791640327
Bulk 150,0.0743528243540223,0.17903873325556396,0.13328649325736108,0.40645651540744054,0.2068654337256122
Bulk 151,0.48563390833843134,0.07295578994007627,0.11327608070546906,0.18391139206660886,0.14422282894941438
Bulk 152,0.11878566499442085,0.20578518733606158,0.2666103125880949,0.20432519159806228,0.20449364348336038
Bulk 153,0.24986245697597623,0.1350157068303007,0.11375349788704826,0.23604811888507568,0.2653202194215991
Bulk 154,0.1948304695800898,0.21860932349253812,0.08321503779630716,0.27220901999593783,0.23113614913512706
Bulk 155,0.27327563175394304,0.006611763454868257,0.22177173617300194,0.4141772573873517,0.08416361123083506
Bulk 156,0.44510202429261725,0.07874978015204369,0.07960517081810045,0.24857946876188447,0.14796355597535424
Bulk 157,0.16055297265549642,0.21694128996964857,0.09955583576341988,0.21650855440722638,0.30644134720420874
Bulk 158,0.39010943000110365,0.08955536365903376,0.0,0.23411122284493566,0.286223983494927
Bulk 159,0.312179772960308,0.11298299735688735,0.037989859773309514,0.318517008161465,0.21833036174803017
Bulk 160,0.4434125131207785,0.12940228972635004,0.0,0.1907116655429099,0.23647353160996154
Bulk 161,0.5784889281623498,0.016654301843165405,0.07871492988339512,0.13635351107987434,0.18978832903121534
Bulk 162,0.20374138742471312,0.24975974636272497,0.017409775410725505,0.3024310443185639,0.22665804648327245
Bulk 163,0.4631348327775628,0.13539013750581955,0.0,0.23161412828334008,0.16986090143327767
Bulk 164,0.41447026137334325,0.20251094806201445,0.0,0.1825037858287193,0.20051500473592315
Bulk 165,0.46823410165744633,0.09719296938137804,0.0,0.22196452803368416,0.2126084009274914
Bulk 166,0.5124659263082003,0.06552327716436605,0.10486498284789321,0.19297217802963848,0.12417363564990197
Bulk 167,0.32910424609983313,0.184660561442637,0.07475539935985956,0.1680197726921926,0.24346002040547768
Bulk 168,0.02892583010802145,0.20679224023889548,0.08070650732758429,0.37075361399516543,0.31282180833033346
Bulk 169,0.48975345994584446,0.11381305263211336,0.0,0.1741003317742273,0.2223331556478148
Bulk 170,0.1908414469896433,0.19082403174501916,0.20500901483913242,0.055604266012039855,0.3577212404141652
Bulk 171,0.13306815190674828,0.17940100661619302,0.042955961882763495,0.35918088893665334,0.2853939906576418
Bulk 172,0.28701037035094223,0.06007680379072119,0.11882675012576659,0.2844712151651619,0.2496148605674081
Bulk 173,0.33538498418084917,0.22489690303493426,0.0,0.2271833650013793,0.21253474778283735
Bulk 174,0.624361140099275,0.03374259851909265,0.0,0.09156349651613534,0.25033276486549705
Bulk 175,0.43521675287984246,0.14096948884350505,0.027380279690820346,0.12816333366792687,0.26827014491790535
Bulk 176,0.07235710223740881,0.22480728442652834,0.052890874500898674,0.3470881944023652,0.3028565444327991
Bulk 177,0.08762191272025513,0.13472877685709428,0.20246432825020702,0.41961217564369574,0.15557280652874775
Bulk 178,0.1724018912950058,0.1882083267474039,0.12091893173166673,0.23906452697580408,0.2794063232501195
Bulk 179,0.16120470059845343,0.1893782145596123,0.1659295450331632,0.222276325579525,0.26121121422924626
Bulk 180,0.21572433340384892,0.17642346129892772,0.0301298518259776,0.3777419277716396,0.19998042569960603
Bulk 181,0.3936077267331752,0.11817766096910463,0.0,0.19568499370234518,0.292529618595375
Bulk 182,0.1401496377405713,0.18426932526733458,0.09547784153481298,0.3075400025390881,0.27256319291819303
Bulk 183,0.5944249045921882,0.0,0.0,0.26217958773158223,0.14339550767622955
Bulk 184,0.0,0.2222013000034122,0.23048608977037716,0.3120245077774724,0.23528810244873827
Bulk 185,0.19659470100547338,0.15027222554312086,0.137090882410502,0.27743667154379964,0.2386055194971042
Bulk 186,0.4001600779155681,0.10678174510925857,0.08645794725768591,0.1538061586439338,0.25279407107355356
Bulk 187,0.17108850955178959,0.19577566651306047,0.13231646148027046,0.21965776363064884,0.28116159882423064
Bulk 188,0.19834593100322429,0.18719505268035244,0.11210650371973621,0.304215893304021,0.19813661929266604
Bulk 189,0.3548094655791281,0.0074306029112705604,0.39618565751831797,0.2415742739912834,0.0
Bulk 190,0.3663612135944504,0.0955014426209438,0.18329972409919623,0.25319222912952805,0.10164539055588163
Bulk 191,0.29812751922948494,0.1827777163005532,0.08309308243545374,0.16045331220754228,0.2755483698269658
Bulk 192,0.4940777428883441,0.15987012693369665,0.0,0.11517397482503056,0.2308781553529288
Bulk 193,0.5695737669228265,0.09942238053110468,0.1200712628355571,0.07590591616109935,0.13502667354941245
Bulk 194,0.3408468024670534,0.07723632423305933,0.42319906364491366,0.13099364470328426,0.027724164951689338
Bulk 195,0.3036200758554868,0.18781335122308213,0.09741522675724455,0.115938875319965,0.29521247084422153
Bulk 196,0.5142290875411456,0.02502941960195685,0.0,0.21377924040418592,0.24696225245271167
Bulk 197,0.27603117257060394,0.13431072840022706,0.08893112693821727,0.4166511842215555,0.08407578786939635
Bulk 198,0.7507139959602258,0.07995326097022343,0.0,0.0,0.16933274306955087
Bulk 199,0.3216371626010328,0.21977490935985886,0.07613721267238398,0.20108482681775014,0.1813658885489743
Bulk 200,0.0,0.18701656287785393,0.1570812293025937,0.3425515573687407,0.3133506504508116
Bulk 201,0.31273165718940116,0.14069746878260042,0.0,0.3357045310228493,0.21086634300514911
Bulk 202,0.28002170387953484,0.1957955819727458,0.0,0.2989164423534397,0.22526627179427944
Bulk 203,0.6365859458905364,0.06579745035527339,0.0,0.09764199174909603,0.19997461200509403
Bulk 204,0.3586666552547725,0.17295015514413145,0.047581026177851336,0.16024499908626366,0.26055716433698106
Bulk 205,0.5828489624931811,0.14680064777387186,0.0,0.04691186152153214,0.22343852821141486
Bulk 206,0.6813199993489142,0.07370391982176538,0.05129177852360793,0.013766873242499695,0.17991742906321265
Bulk 207,0.1630401341580415,0.11950063826032478,0.2238813228183424,0.30963446737524003,0.1839434373880513
Bulk 208,0.0017424883717087672,0.27881011619746565,0.09806651552015738,0.26818569934659053,0.3531951805640776
Bulk 209,0.8639661577948955,0.01755149656146903,0.0,0.05079541610111914,0.06768692954251625
Bulk 210,0.43849387302497894,0.1678359319965744,0.0,0.16188387835992568,0.2317863166185209
Bulk 211,0.09766602745370907,0.20258341402976554,0.04622830321295809,0.35217798950964624,0.30134426579392093
Bulk 212,0.31047242711436424,0.14938823546159044,0.33635389031352053,0.11540857180434018,0.08837687530618454
Bulk 213,0.5089028868274361,0.14258845280554142,0.04225398300444618,0.09201024335022522,0.21424443401235083
Bulk 214,0.4397809129603785,0.13595286924837285,0.12415201075673524,0.10231171922544909,0.19780248780906423
Bulk 215,0.3382821359019747,0.1530834712348072,0.04740290842474848,0.27355281599792414,0.18767866844054565
Bulk 216,0.0939451090070121,0.18496423576348595,0.06747260044390488,0.3566720171304403,0.2969460376551568
Bulk 217,0.4440893777555456,0.15214223801187296,0.0,0.19364867573396674,0.21011970849861467
Bulk 218,0.13864676401489087,0.11056681863654991,0.2459695897744467,0.40001679535091217,0.10480003222320018
Bulk 219,0.7734100516352648,0.03459193499269925,0.0,0.08118496675988943,0.11081304661214669
Bulk 220,0.3158072022026628,0.18177963455850604,0.08862970865885492,0.20772095103004332,0.20606250354993286
Bulk 221,0.13184322462387682,0.3066007589656433,0.03983565578288271,0.16467640406914702,0.3570439565584501
Bulk 222,0.0448571513298084,0.22387370368117515,0.11977966699379525,0.35717294231819857,0.2543165356770227
Bulk 223,0.397137038447225,0.11069558866376325,0.0,0.1688224523193295,0.3233449205696822
Bulk 224,0.8082603492505164,0.0367747862803654,0.0,0.0,0.1549648644691181
Bulk 225,0.7333979811988617,0.08327460065567534,0.0,0.0,0.18332741814546302
Bulk 226,0.32556997457114356,0.1372513492660975,0.07754290897282728,0.2867196782379719,0.17291608895195962
Bulk 227,0.21955955785888484,0.26126129822164046,0.04792716713100203,0.1374447453779988,0.3338072314104738
Bulk 228,0.4496688403389018,0.10899754150868798,0.0,0.20484108644428828,0.2364925317081219
Bulk 229,0.24713504207238807,0.2370398864759468,0.0477040724727484,0.3174729578745808,0.15064804110433588
Bulk 230,0.2735510270395616,0.0,0.26841664658855163,0.43320024431386206,0.02483208205802482
Bulk 231,0.43700127180102827,0.18773082944856018,0.0,0.1913079771839302,0.18395992156648133
Bulk 232,0.0,0.24329117926281982,0.18298505950861668,0.42426581568654564,0.14945794554201788
Bulk 233,0.3297586580883839,0.10054897470797848,0.0,0.30290543097186323,0.2667869362317744
Bulk 234,0.2263911578454119,0.2711047421753575,0.14730533002465893,0.10939222482654444,0.24580654512802733
Bulk 235,0.22508358028812495,0.21367928569947614,0.1402282832193467,0.17255894774473043,0.24844990304832187
Bulk 236,0.0540655508458246,0.13620119401368108,0.1147895964125435,0.4816992668821817,0.21324439184576915
Bulk 237,0.2785780656095292,0.16208332615886067,0.12602413163886142,0.14277977156317592,0.2905347050295727
Bulk 238,0.47568773165783756,0.12635667024652608,0.012882138995852744,0.09791509618515556,0.287158362914628
Bulk 239,0.0922293816803947,0.22638871371362057,0.12265970217076506,0.3089316309005182,0.2497905715347015
Bulk 240,0.36182224320413603,0.1884800531571289,0.04046239945141209,0.19299984321039862,0.21623546097692434
Bulk 241,0.07570965011605044,0.22032989948056375,0.02655290826792005,0.3568478582469762,0.32055968388848954
Bulk 242,0.46141479142284236,0.1400736046527411,0.1524520602534927,0.13645297022904215,0.10960657344188182
Bulk 243,0.3275678027998438,0.1691234020303955,0.06381272912370205,0.18821486227359285,0.251281203772466
Bulk 244,0.5444080578662224,0.10113749282439956,0.03485078674259375,0.0,0.3196036625667844
Bulk 245,0.8294180881137106,0.02650610661451737,0.0,0.0,0.14407580527177197
Bulk 246,0.16575208573945568,0.20057326204971943,0.08779680933420123,0.15256741667876875,0.39331042619785495
Bulk 247,0.2860201318296885,0.17191160564642158,0.22570870988059172,0.13101739040848412,0.18534216223481412
Bulk 248,0.3328722081952866,0.16133320871336548,0.1917992978335936,0.21650574017986882,0.09748954507788547
Bulk 249,0.30705801462936055,0.12539886795992328,0.23709205565877464,0.12669007663662196,0.20376098511531945
Bulk 250,0.4465147700554404,0.10613146202002353,0.22928676157435224,0.0,0.21806700635018386
Bulk 251,0.32355388101890026,0.20070136255186505,0.0,0.19705819855063855,0.27868655787859625
Bulk 252,0.25329754141519917,0.15004672323093632,0.127603583627422,0.23719831208848155,0.23185383963796094
Bulk 253,0.2615444901472982,0.29145293320383514,0.0,0.07934419921129056,0.36765837743757607
Bulk 254,0.4250462481010657,0.036849446862717045,0.23043493476013435,0.06668072443405335,0.24098864584202964
Bulk 255,0.10299564725075752,0.2943100310448518,0.0964341026435076,0.30066404777414363,0.2055961712867395
Bulk 256,0.10091602313100019,0.3022954975521076,0.07337963119928098,0.24528026001032144,0.27812858810728985
Bulk 257,0.03878066315696095,0.2549712946478011,0.08616761302253279,0.33144721454789117,0.2886332146248141
Bulk 258,0.47454443500529847,0.2103690685889088,0.0,0.029969291199557425,0.28511720520623524
Bulk 259,0.4853557260395682,0.18047227830939677,0.0,0.07456468940887366,0.2596073062421614
Bulk 260,0.09323965108891581,0.21533414754974933,0.10470070866105305,0.354901803970288,0.23182368872999395
Bulk 261,0.03825458384077936,0.29288896586053714,0.09047921442687963,0.21749839970896326,0.36087883616284055
Bulk 262,0.16540159819344488,0.23914456696528993,0.15077087930956723,0.1010746951749129,0.34360826035678504
Bulk 263,0.3964706913636827,0.13429559860748952,0.0,0.22699029669776472,0.24224341333106306
Bulk 264,0.20651116707057512,0.1635195090682336,0.0,0.33172052274939107,0.29824880111180013
Bulk 265,0.5130296595316524,0.004036360506863063,0.0,0.48293397996148457,0.0
Bulk 266,0.4814756487779942,0.11673352191877824,0.0,0.16299866362813462,0.238792165675093
Bulk 267,0.2459868932980307,0.16899660024469346,0.026670956750708703,0.31904932013054554,0.23929622957602167
Bulk 268,0.4393908952813278,0.13460310675584278,0.0,0.1575530272554862,0.2684529707073432
Bulk 269,0.2258240597654318,0.21464932260359315,0.05995392482049629,0.2234806501588033,0.27609204265167553
Bulk 270,0.5418098688135217,0.1502513212354495,0.0,0.0,0.3079388099510287
Bulk 271,0.2599084823645891,0.1034672537944277,0.08974429438239853,0.4216205560789943,0.12525941337959043
Bulk 272,0.5913142654020291,0.0,0.10026527623866387,0.16965177884343263,0.1387686795158744
Bulk 273,0.4731025478464854,0.13133156021360043,0.0,0.1145091077847841,0.28105678415513013
Bulk 274,0.23395235226014024,0.21234589147781793,0.1113489498381671,0.2386377766151971,0.2037150298086777
Bulk 275,0.24804267420324458,0.15505743366526276,0.026247246398532202,0.3928806082240436,0.1777720375089169
Bulk 276,0.3250090204980331,0.12256289054039217,0.20072958550525308,0.16853984456658902,0.1831586588897327
Bulk 277,0.6211164990224785,0.044229949600538304,0.20714972749569405,0.008522442565468484,0.11898138131582084
Bulk 278,0.3277807644635095,0.13710980592604877,0.0,0.28678998436617964,0.24831944524426203
Bulk 279,0.2359594002630756,0.1666060029392887,0.0991231151816558,0.23581363876092612,0.26249784285505384
Bulk 280,0.48096386158357723,0.17429489059383946,0.004479801311274612,0.04978163414707988,0.29047981236422876
Bulk 281,0.6556798902833919,0.09891587080638578,0.15558861618812053,0.05253535516931069,0.037280267552791166
Bulk 282,0.3276558468576538,0.16593811848585777,0.14054377129889145,0.2660614765297734,0.09980078682782362
Bulk 283,0.4663097211527237,0.1515896706832454,0.08739898271170733,0.0814471568298156,0.2132544686225081
Bulk 284,0.6201864455781042,0.0759116659897101,0.2205278928743554,0.021650241942732695,0.06172375361509758
Bulk 285,0.030860126715886407,0.29293085320931833,0.09555989106019257,0.2295459479872735,0.3511031810273291
Bulk 286,0.23710957035182328,0.1828664226302708,0.2332471048094657,0.09132311937718084,0.2554537828312594
Bulk 287,0.25662081896413097,0.16629182427167252,0.02468932791338255,0.3590388481481035,0.1933591807027104
Bulk 288,0.4608436910981487,0.13521916193977462,0.0,0.194115694380397,0.2098214525816796
Bulk 289,0.597391653184357,0.08234546183842512,0.0,0.03985788037042094,0.28040500460679685
Bulk 290,0.7509592575334484,0.08515377000304808,0.0,0.0,0.1638869724635035
Bulk 291,0.4729747509264069,0.07212343600917817,0.2779048653192265,0.08072657303651182,0.09627037470867665
Bulk 292,0.3228055023401574,0.16126697129169415,0.11022217990376625,0.0,0.4057053464643823
Bulk 293,0.2997400972399902,0.14213598369129665,0.03286034231243674,0.3175887977020383,0.20767477905423817
Bulk 294,0.5213878453842355,0.1403592276871311,0.0,0.0,0.33825292692863335
Bulk 295,0.4538519443748852,0.2539531370657878,0.002029516873151181,0.0,0.290165401686176
Bulk 296,0.67387293785745,0.05555013163100652,0.0,0.0,0.2705769305115434
Bulk 297,0.3904383892690545,0.05946369982235326,0.26275531290661835,0.1811759992432278,0.10616659875874626
Bulk 298,0.10780965797673209,0.25110021691731277,0.028673629915623045,0.2746073285305127,0.3378091666598194
Bulk 299,0.3864644085442374,0.19349276158290316,0.041929283822264594,0.0762924160382991,0.3018211300122959
Bulk 300,0.09861680484843668,0.11976621329531764,0.15841422967767563,0.4622287812830102,0.1609739708955598
Bulk 301,0.1080163263742764,0.22317776830366348,0.0,0.32799410533408796,0.34081179998797223
Bulk 302,0.46627675684171876,0.02834146744601578,0.0,0.37242245599820706,0.13295931971405836
Bulk 303,0.353357904750414,0.19457891420336001,0.0,0.17256089251630566,0.2795022885299204
Bulk 304,0.3185384268427057,0.2564677332406016,0.0,0.07451485871472782,0.3504789812019648
Bulk 305,0.7525451968860389,0.08283749589578374,0.0,0.024972648119253964,0.13964465909892335
Bulk 306,0.5529022260033981,0.16989079153603703,0.0,0.024575233331242938,0.252631749129322
Bulk 307,0.4724510064149202,0.18185347341198188,0.0,0.0033633912808593057,0.34233212889223846
Bulk 308,0.2384103068251785,0.19988818652810328,0.16597807408786974,0.19812732507342548,0.197596107485423
Bulk 309,0.5521535186280117,0.0,0.0,0.2139338180330166,0.23391266333897187
Bulk 310,0.17944734683870928,0.2641433940415583,0.1066146897184645,0.19898761138371066,0.2508069580175573
Bulk 311,0.05037955159660824,0.20914770527483698,0.216620708187197,0.32313866327492713,0.2007133716664307
Bulk 312,0.5241942726904533,0.14956951683170516,0.0,0.13264084568435297,0.19359536479348852
Bulk 313,0.35514636271223754,0.1972517095999469,0.0,0.2562684651057728,0.19133346258204273
Bulk 314,0.7525026475144222,0.06553423212156206,0.007079042927662185,0.0,0.17488407743635365
Bulk 315,0.2745550752589161,0.16636262353867787,0.13618238389061235,0.19319757146006258,0.22970234585173122
Bulk 316,0.2717123612007097,0.2662173660681565,0.0,0.21394479057580562,0.24812548215532831
Bulk 317,0.41690607598739454,0.14062932300402314,0.05800168818048369,0.11801285659265127,0.2664500562354475
Bulk 318,0.20354506034904069,0.23455382370842495,0.08026214005327272,0.17743214929549286,0.30420682659376885
Bulk 319,0.09396193140145395,0.24969698805928509,0.05491932424974601,0.3416844697441043,0.25973728654541056
Bulk 320,0.2325473257376175,0.1693389008900432,0.24280548496383822,0.22663063186928092,0.12867765653922
Bulk 321,0.25897445791485013,0.2793804293916859,0.0,0.113743885827177,0.34790122686628694
Bulk 322,0.26169638135853684,0.13046483841601078,0.045773854695022285,0.2911745722581717,0.2708903532722583
Bulk 323,0.2417752523319857,0.31637398309955134,0.06157324609054112,0.07704766006600326,0.3032298584119186
Bulk 324,0.3489022266218826,0.24983376621406186,0.0,0.12267363023996818,0.27859037692408734
Bulk 325,0.2061909309994799,0.1557673024978659,0.40273152252453387,0.08092142357746959,0.15438882040065055
Bulk 326,0.0,0.2127986113678365,0.25844617049357227,0.2424762068429297,0.28627901129566147
Bulk 327,0.23361489548429137,0.2855885885983728,0.0,0.17768192867650764,0.3031145872408282
Bulk 328,0.33789528091241283,0.17537290477022602,0.0,0.19238026468690117,0.2943515496304599
Bulk 329,0.48425883534984393,0.24009584834856787,0.0,0.026161710088457208,0.24948360621313106
Bulk 330,0.3295173790438658,0.23956306328354796,0.1984334077404556,0.05698219017433497,0.1755039597577957
Bulk 331,0.20342588674311574,0.2385059118858823,0.005960652333474576,0.21619357620395752,0.3359139728335699
Bulk 332,0.35218319719116886,0.22619419630764795,0.0,0.14443338223444754,0.2771892242667356
Bulk 333,0.4846173578793482,0.1542853878307991,0.2202520110838848,0.0,0.1408452432059679
Bulk 334,0.061550743849525295,0.11631111904317731,0.05159048298112963,0.6338135312876191,0.13673412283854883
Bulk 335,0.48224015983976876,0.17001316429048752,0.0,0.13351238952697683,0.21423428634276695
Bulk 336,0.4813608230982474,0.16746790788820123,0.0,0.01178233966011224,0.3393889293534391
Bulk 337,0.22110714446500196,0.0634506690703762,0.047782841347988346,0.4765926191341124,0.19106672598252103
Bulk 338,0.40494155223062095,0.0,0.009859218470846887,0.5851992292985323,0.0
Bulk 339,0.8228277977460604,0.0,0.0,0.17717220225393948,0.0
Bulk 340,0.07961417160361428,0.15757912206837504,0.14074968325788917,0.36119054444963933,0.2608664786204821
Bulk 341,0.13363152105094103,0.17092523701951037,0.2007176903782342,0.2630973965367628,0.23162815501455167
Bulk 342,0.3557007855371354,0.0,0.1139217510152491,0.5303774634476155,0.0
Bulk 343,0.30379740864004595,0.2051230450031603,0.0,0.1502056321623792,0.3408739141944144
Bulk 344,0.4142664524700902,0.10394757623708098,0.1508683568860493,0.0,0.3309176144067796
Bulk 345,0.7696605261283757,0.0,0.0,0.0,0.23033947387162432
Bulk 346,0.2010977056171838,0.1835695756961061,0.0,0.2957219505448179,0.3196107681418921
Bulk 347,0.25183908247882586,0.15178246159790637,0.05743926449364668,0.28995014327684304,0.24898904815277806
Bulk 348,0.2756661640595137,0.15192979875417045,0.18233538654432513,0.1666706494663123,0.2233980011756783
Bulk 349,0.30405600077086875,0.15129667979948297,0.0,0.30338717616198196,0.24126014326766643
Bulk 350,0.4045616049478496,0.1866408701214292,0.03570798134396677,0.06849881200154538,0.3045907315852092
Bulk 351,0.6814787990614276,0.008719545433760701,0.30531958820323,0.004482067301581753,0.0
Bulk 352,0.0,0.18668699464061886,0.13917521010085332,0.45052973562573045,0.22360805963279742
Bulk 353,0.314111768431379,0.2092701963791274,0.07939666664669857,0.135351790759205,0.26186957778359005
Bulk 354,0.5745783963010272,0.13271324633256024,0.12669140999086978,0.0019534058617216364,0.16406354151382113
Bulk 355,0.26849757546134617,0.12877420405210183,0.04144167026122732,0.3473286086219481,0.2139579416033766
Bulk 356,0.22584915510825537,0.17043981053994925,0.04792725729572923,0.27984109072057195,0.27594268633549435
Bulk 357,0.19881962056077418,0.28227846731247636,0.022043262826497503,0.1333539118271824,0.3635047374730695
Bulk 358,0.3511320457423662,0.11699875851287439,0.21882678482558443,0.07025330593384789,0.24278910498532716
Bulk 359,0.04017156153341381,0.16853972754303345,0.14177427138880863,0.42933419104434467,0.2201802484903994
Bulk 360,0.3365460534703857,0.19352965910778716,0.0,0.23881603461762171,0.2311082528042054
Bulk 361,0.16059306844900675,0.22876109991931812,0.2696273236390503,0.16565082789220786,0.17536768010041687
Bulk 362,0.14840912125472655,0.238684401102925,0.043645956125450046,0.3317753895492216,0.2374851319676767
Bulk 363,0.18700574988507535,0.22146807266927812,0.0,0.2942326762218331,0.29729350122381343
Bulk 364,0.20937667404896068,0.1673553709677123,0.13193226981397224,0.24381790163789027,0.24751778353146434
Bulk 365,0.20217030578315037,0.19833878721568646,0.1353903111528156,0.2109504992494724,0.2531500965988752
Bulk 366,0.36222563867380475,0.07904782973539332,0.04447835302862779,0.3200184929500124,0.19422968561216167
Bulk 367,0.2764100794424897,0.16744672707435337,0.09117713403283871,0.2184346862660277,0.24653137318429058
Bulk 368,0.11773522048626492,0.3236533743577387,0.0,0.18680546715295088,0.37180593800304557
Bulk 369,0.2934857739510852,0.14625062537044334,0.008237501592036947,0.2965933695918266,0.255432729494608
Bulk 370,0.5843786642516766,0.1716926163916494,0.0,0.0,0.2439287193566739
Bulk 371,0.30081577242436136,0.27329734624604923,0.0,0.06110710680760812,0.3647797745219813
Bulk 372,0.17582219604815905,0.21871339980221885,0.10723536940753774,0.23134421578477865,0.2668848189573058
Bulk 373,0.11498173227262995,0.16690212602331359,0.0485394046929587,0.3861449445395203,0.2834317924715774
Bulk 374,0.7822875993310073,0.0,0.0,0.0,0.21771240066899275
Bulk 375,0.09699839421812434,0.2771501908377389,0.05458187838155407,0.24578441426967207,0.3254851222929106
Bulk 376,0.5225622455566401,0.052797313742320245,0.17044989366028127,0.19364974280583275,0.060540804234925666
Bulk 377,0.11701571244803904,0.21918264868129791,0.16335033471972155,0.2937512789222573,0.20670002522868422
Bulk 378,0.300740351960911,0.1879614448918701,0.024241313986265573,0.11154923398551053,0.3755076551754429
Bulk 379,0.34222545004245325,0.12220855466507378,0.03817733187169714,0.17426474464550898,0.32312391877526686
Bulk 380,0.5017376901617849,0.10940053469787825,0.0,0.1765722744005269,0.21228950073980993
Bulk 381,0.5649631753121063,0.013949032918703128,0.19149323493980688,0.11404007983941865,0.11555447698996506
Bulk 382,0.4274448070080043,0.14258446791016172,0.0,0.18441643901830793,0.24555428606352606
Bulk 383,0.4885929159121753,0.13025261588307577,0.0,0.09257909290265996,0.28857537530208904
Bulk 384,0.014874320209843557,0.07445024134326719,0.1708935360232936,0.5075504901481127,0.23223141227548297
Bulk 385,0.21104221078289426,0.0796672509229815,0.07352210550770392,0.36550993419228306,0.2702584985941372
Bulk 386,0.1358056670939062,0.22863367814240232,0.13489508080802262,0.22884419765882094,0.2718213762968479
Bulk 387,0.2829719011963024,0.1318239703356818,0.02461019222044709,0.29136294019554787,0.2692309960520209
Bulk 388,0.47051343879082025,0.23459095564657445,0.11231507999350072,0.0,0.18258052556910467
Bulk 389,0.23095328632228426,0.2720436197214132,0.051498448586847934,0.12170305787391668,0.32380158749553795
Bulk 390,0.5179314344408832,0.09490164388606213,0.0,0.2684962300563753,0.1186706916166795
Bulk 391,0.20111196912276,0.22080129222003564,0.0,0.31222056601984216,0.2658661726373621
Bulk 392,0.21735392520426058,0.20231389689563958,0.013146099702482582,0.28340885557667905,0.28377722262093824
Bulk 393,0.07073632450362528,0.30453502112382813,0.04553971718401061,0.27464154210500596,0.30454739508353
Bulk 394,0.2576915701259292,0.18836401194505678,0.08868549701747472,0.23269386756262803,0.23256505334891134
Bulk 395,0.14299525766895058,0.20600672368974512,0.1826722822350159,0.19440545055605085,0.2739202858502376
Bulk 396,0.30552769965646187,0.2522219461930003,0.0,0.14512117979228448,0.29712917435825337
Bulk 397,0.5915318112102872,0.14264918988583672,0.0,0.0,0.26581899890387606
Bulk 398,0.659849883461076,0.06919913107609833,0.0,0.06634189543119504,0.20460909003163077
Bulk 399,0.6891694928168548,0.0699001444207118,0.0,0.0,0.24093036276243326
Bulk 400,0.4632389845324208,0.18201804811927066,0.11059000009278191,0.025850106375380964,0.21830286088014564
Bulk 401,0.4017749615721655,0.1542108232383529,0.0,0.0859120906706204,0.35810212451886114
