,Ast,End,Mic,Neu,Oli
Bulk 0,0.11088513309912296,0.12086067162171962,0.17522397185152766,0.43510108907229467,0.15792913435533504
Bulk 1,0.24190888528749585,0.1121694778512557,0.18631876059586985,0.2843766173104348,0.17522625895494381
Bulk 2,0.16289276075891831,0.19823539229798467,0.14018105212150295,0.24401235710117705,0.25467843772041704
Bulk 3,0.05165793173470906,0.2506011811477243,0.17655446985765122,0.29015090421676687,0.2310355130431486
Bulk 4,0.45497002764957184,0.1456587385177223,0.0,0.1357605068114023,0.2636107270213036
Bulk 5,0.17290251519461425,0.16492371862793992,0.1191516754421626,0.3194457540583036,0.22357633667697968
Bulk 6,0.30574957286610904,0.2182541494695282,0.0,0.20915193999537085,0.26684433766899185
Bulk 7,0.38639224934462774,0.15781035796304851,0.0,0.26384733167837504,0.19195006101394865
Bulk 8,0.4559410287257221,0.0,0.21143744557769842,0.30174595756528627,0.030875568131293166
Bulk 9,0.44588755889585885,0.15599346491363852,0.0,0.11656769245073122,0.2815512837397715
Bulk 10,0.033198046588788784,0.1994519367861942,0.129704980046628,0.37544993870850313,0.26219509786988593
Bulk 11,0.3423180259684754,0.0,0.13096443344622846,0.3991905752341953,0.12752696535110083
Bulk 12,0.2245981016171848,0.18329206226341105,0.02246988144320264,0.36108598840952666,0.2085539662666749
Bulk 13,0.21309657248242084,0.22910087990973854,0.03519844899562459,0.2277336001055836,0.29487049850663244
Bulk 14,0.6655987910845647,0.0,0.0,0.07962611686414241,0.2547750920512929
Bulk 15,0.38146450402549026,0.1375144477619132,0.045392959617546164,0.16087377615100085,0.2747543124440497
Bulk 16,0.5829949308318518,0.08401404008372713,0.0,0.08091780138321387,0.2520732277012072
Bulk 17,0.5435086129700554,0.14129205844463827,0.0,0.23579283481028426,0.07940649377502187
Bulk 18,0.18325337257324542,0.26746020765857154,0.07282105173809579,0.17106010683326708,0.30540526119682015
Bulk 19,0.3699592410118459,0.016632893274136765,0.20642547277293247,0.4069823929410849,0.0
Bulk 20,0.10704061945234715,0.21797452939284162,0.07500977376484615,0.3410773670554574,0.2588977103345077
Bulk 21,0.10435125419617615,0.24281535666970602,0.11339637756622671,0.3181334335634037,0.22130357800448755
Bulk 22,0.17433607206237978,0.01699262872457203,0.15769151902143366,0.6509797801916146,0.0
Bulk 23,0.22063675699009336,0.14982648277216806,0.0369614198373812,0.4344944290622891,0.1580809113380683
Bulk 24,0.16138877087815823,0.2823591736398311,0.015710775646254234,0.2481562443663676,0.2923850354693889
Bulk 25,0.2928768041151317,0.14437960256264806,0.0,0.35834111191164114,0.2044024814105793
Bulk 26,0.31003975534291106,0.08361222710867403,0.0,0.3237956209956593,0.2825523965527556
Bulk 27,0.07459098755574158,0.18663666994135583,0.20982745472390804,0.38120600214421885,0.14773888563477564
Bulk 28,0.1856085855647543,0.1781981832254297,0.06173416541461405,0.3588334392885754,0.21562562650662656
Bulk 29,0.38008623581331047,0.18190612172433235,0.0,0.23428723184423883,0.20372041061811832
Bulk 30,0.013543147127047737,0.160500643355199,0.22561177710565034,0.33948495104165144,0.2608594813704514
Bulk 31,0.6753321973447648,0.026416964924471386,0.0,0.15132935976350143,0.14692147796726246
Bulk 32,0.2654937715285469,0.014446854546865343,0.1081579547601071,0.47288638217241746,0.13901503699206322
Bulk 33,0.13610456006327343,0.22440431455400225,0.04522236392421945,0.45737351141470217,0.13689525004380257
Bulk 34,0.39057944403444544,0.10012868844721613,0.0,0.2961898371947625,0.2131020303235759
Bulk 35,0.5389830039193192,0.14597908505706797,0.0,0.09883307287703585,0.21620483814657704
Bulk 36,0.45460481902037364,0.1091800056013579,0.08602246328643307,0.26840702706077907,0.08178568503105622
Bulk 37,0.45227214666035587,0.13463458343716017,0.0,0.10050495904965005,0.3125883108528339
Bulk 38,0.3662114167051022,0.0899806669664169,0.12348795314881518,0.33701461132039773,0.08330535185926789
Bulk 39,0.10932851616165387,0.2298086260896018,0.0033283061945649345,0.4707476167676133,0.18678693478656608
Bulk 40,0.29138433235707784,0.2277200157026096,0.0,0.26349615914397617,0.21739949279633636
Bulk 41,0.4449082663534506,0.01754231557113242,0.1001053349318281,0.2161465625987788,0.22129752054481006
Bulk 42,0.24412401359351538,0.14282456164747145,0.030794520385576476,0.32303047749101543,0.2592264268824212
Bulk 43,0.09436972863811988,0.13450614737513478,0.12025378783559815,0.32692559296145407,0.3239447431896932
Bulk 44,0.3438044456004446,0.0,0.21788494722778792,0.43831060717176745,0.0
Bulk 45,0.2748343783666479,0.15208822376682612,0.18914207357608626,0.33375395404067343,0.05018137024976624
Bulk 46,0.5879999466769662,0.12531184674722215,0.0,0.19807960234552047,0.08860860423029106
Bulk 47,0.2254883983499842,0.23959294790611427,0.0,0.16293677491874212,0.3719818788251594
Bulk 48,0.5269136446708069,0.08128805211820488,0.0,0.30583015097856037,0.08596815223242782
Bulk 49,0.028494273925296215,0.1918248996810714,0.05445083327596962,0.43231160113626743,0.2929183919813954
Bulk 50,0.33462102432891416,0.04944802807543003,0.03871272532580162,0.3871164033090754,0.19010181896077877
Bulk 51,0.18337273401371745,0.19797929316033355,0.06417821078199376,0.3422665438153639,0.21220321822859126
Bulk 52,0.11880126079611324,0.1415550230313351,0.1083212027069101,0.36648618802196614,0.2648363254436754
Bulk 53,0.1059283824120221,0.1879037174556171,0.0,0.48489261667381106,0.22127528345854985
Bulk 54,0.2849837626833034,0.156897536377741,0.05946214763295886,0.2848745232133594,0.21378203009263747
Bulk 55,0.26137272769393904,0.20448579274940745,0.06908719842549771,0.20465491979257888,0.26039936133857683
Bulk 56,0.3963618984322466,0.126600105090343,0.0,0.276188652791899,0.20084934368551144
Bulk 57,0.5339577818907281,0.11475901410463793,0.05378021288613004,0.010345881328707375,0.2871571097897966
Bulk 58,0.5105095615945657,0.14475926026855135,0.0,0.041568704576117624,0.30316247356076526
Bulk 59,0.3132149329783695,0.07050000695673318,0.11419380368781813,0.2593857852758201,0.24270547110125915
Bulk 60,0.120704658111922,0.1250761280779314,0.09495810172978916,0.4982210798426546,0.1610400322377028
Bulk 61,0.3557442898242169,0.09265949665906852,0.022700343888279143,0.39663677158062605,0.13225909804780944
Bulk 62,0.3435372977430068,0.15381864118508223,0.0012047011826331496,0.4731363103600311,0.028303049529246904
Bulk 63,0.4611780047278545,0.1516844357559766,0.0,0.09721159848593874,0.2899259610302301
Bulk 64,0.04138929003263795,0.23249065285575668,0.14475889811374193,0.18278756380919994,0.3985735951886635
Bulk 65,0.7677559042938759,0.0,0.0,0.038796214442592555,0.19344788126353157
Bulk 66,0.42329349750683426,0.0,0.2865192075037094,0.2243323833991354,0.06585491159032082
Bulk 67,0.23960274995709382,0.176146541983518,0.044031139324010385,0.24947053402788913,0.29074903470748875
Bulk 68,0.17318036861148922,0.17752016202361504,0.0,0.5348006545252508,0.11449881483964501
Bulk 69,0.15177128249904026,0.2349775277699076,0.14836826236632794,0.3379319200834608,0.12695100728126324
Bulk 70,0.11106407996408509,0.22253364589497532,0.10419653010973723,0.38348099286608905,0.17872475116511322
Bulk 71,0.31485903321059694,0.0942797422587918,0.0,0.4317730830814522,0.1590881414491593
Bulk 72,0.03701333263585922,0.11712021258697773,0.1449293167117943,0.4644293669743921,0.23650777109097662
Bulk 73,0.43362270075828335,0.040402106509099166,0.0,0.36347247042394204,0.16250272230867546
Bulk 74,0.4463360178604256,0.0,0.1974681943343022,0.22213231308828954,0.13406347471698277
Bulk 75,0.6742957703801093,0.13825810725708382,0.0,0.0,0.1874461223628069
Bulk 76,0.19863464815174262,0.038455308430409035,0.0,0.5449368481969681,0.21797319522088032
Bulk 77,0.4348924991939714,0.09929024630796268,0.007831140663418015,0.2401984455414631,0.21778766829318494
Bulk 78,0.5189693542364376,0.14425268504454586,0.029757482078338515,0.1489317601108314,0.15808871852984668
Bulk 79,0.35000386209907036,0.14881686555165854,0.0,0.2962214033325715,0.20495786901669943
Bulk 80,0.27326013988404235,0.18637865757623506,0.0,0.29569626494228035,0.24466493759744226
Bulk 81,0.23530952936800884,0.2017713146865623,0.05029458485870246,0.1684270521483249,0.3441975189384014
Bulk 82,0.7296428660303909,0.05180379561887768,0.018384785361213483,0.0,0.20016855298951808
Bulk 83,0.16865293321419145,0.22643006984184846,0.09545139228437419,0.2466905259349744,0.2627750787246114
Bulk 84,0.12225036077918452,0.253932151299113,0.0,0.33768382950780623,0.28613365841389626
Bulk 85,0.0,0.18126361936747074,0.19442838006044239,0.3528217690707524,0.2714862315013344
Bulk 86,0.279781942262112,0.14190687015870607,0.09648218465152315,0.3995056862433845,0.08232331668427441
Bulk 87,0.3547119732385003,0.1481926556383151,0.022982145441286288,0.23507694057997736,0.23903628510192085
Bulk 88,0.05629747513448588,0.2415430543239957,0.06715666025686068,0.38541548365613104,0.24958732662852673
Bulk 89,0.3157988319205454,0.18289662766056794,0.03116010810221795,0.3642051785195937,0.10593925379707503
Bulk 90,0.2494020776528369,0.11211409102047162,0.062256473582980996,0.42223162674881853,0.15399573099489192
Bulk 91,0.28059171922398546,0.0,0.08584473954794401,0.4342032071334096,0.1993603340946608
Bulk 92,0.1762846076723114,0.20954677794061402,0.047121264911996995,0.28812780366361485,0.2789195458114626
Bulk 93,0.1108768567359296,0.17701458092851857,0.12960657530258396,0.3723379740249321,0.21016401300803586
Bulk 94,0.26329841995038067,0.23932359014549737,0.0005898341242050481,0.3418368675174291,0.15495128826248775
Bulk 95,0.0571677343930467,0.22492626012466632,0.153650153170912,0.3059622328905587,0.25829361942081625
Bulk 96,0.8380696445162348,0.005290872843583697,0.0,0.0,0.15663948264018146
Bulk 97,0.5679320362880962,0.09637707343513513,0.044981670610223345,0.001972522564105313,0.2887366971024402
Bulk 98,0.2613939032404639,0.053360474145021555,0.350684131352297,0.2855181397896298,0.0490433514725878
Bulk 99,0.1484947048778007,0.05408606444450572,0.3392817833433053,0.3028419022418249,0.15529554509256352
Bulk 100,0.2006659286824669,0.2688685615585522,0.06179836538439647,0.2108138671310738,0.25785327724351054
Bulk 101,0.7527606242007873,0.0,0.0,0.08039565069213496,0.16684372510707773
Bulk 102,0.052547625722690346,0.17294513301950973,0.12169203989496727,0.3823433016012559,0.27047189976157676
Bulk 103,0.4298405862517811,0.0,0.21602104599925592,0.35413836774896285,0.0
Bulk 104,0.07252675963076818,0.2142267048671628,0.05423987540140151,0.33976489057733367,0.3192417695233338
Bulk 105,0.4502490536750639,0.12598487850589085,0.11403338652746263,0.08429805028551951,0.22543463100606306
Bulk 106,0.3647056485176569,0.08180964691146152,0.0,0.3492143159180313,0.20427038865285033
Bulk 107,0.18529311268921575,0.16245080327900624,0.10440510596925782,0.3254619861995393,0.22238899186298094
Bulk 108,0.32996732941124013,0.08152125018972403,0.0874460594969493,0.3489515946895707,0.15211376621251582
Bulk 109,0.42119785219810724,0.15761128801127228,0.018773744956763466,0.32393127894378637,0.07848583589007074
Bulk 110,0.8578055058410632,0.0,0.12899278372389872,0.0,0.013201710435038039
Bulk 111,0.7441889600826135,0.029788023525439276,0.0,0.0,0.22602301639194725
Bulk 112,0.277302166536166,0.22724371452912925,0.03797343976549582,0.20835590590586642,0.24912477326334245
Bulk 113,0.4934523418824015,0.15273373117653627,0.0,0.16964899137403977,0.1841649355670224
Bulk 114,0.29597699962873547,0.23077227643442114,0.029920225810779775,0.1802374890829395,0.26309300904312405
Bulk 115,0.6345325980580391,0.10041738570837702,0.0,0.0,0.26505001623358393
Bulk 116,0.19378051700487733,0.20038155361142423,0.04110451192430838,0.3336308163483184,0.23110260111107173
Bulk 117,0.12450754026070164,0.1934358823213896,0.051985596699572124,0.36466266753194637,0.2654083131863902
Bulk 118,0.12869433278872303,0.19591944637463893,0.06716372495232327,0.34165868990310055,0.26656380598121415
Bulk 119,0.4259279267409189,0.0,0.0,0.5740720732590812,0.0
Bulk 120,0.21541107969325538,0.22936041233035906,0.08102912528964369,0.29136737398194734,0.18283200870479452
Bulk 121,0.20449418635058833,0.16702175683994788,0.0,0.2627932704722762,0.3656907863371876
Bulk 122,0.43109006912733444,0.0732778499310865,0.29191873269444196,0.01666440136316338,0.1870489468839737
Bulk 123,0.2253008309730344,0.1587932128113185,0.15042197183031208,0.2883756682002393,0.1771083161850957
Bulk 124,0.2321219161560667,0.14244925321779867,0.1173303651743387,0.31444497770058655,0.1936534877512094
Bulk 125,0.39994509583408533,0.11635931990987836,0.16136261067127736,0.07901912454277257,0.2433138490419865
Bulk 126,0.14481335727600608,0.18636536428492587,0.20110860670642344,0.31881194369627147,0.14890072803637316
Bulk 127,0.20047294579275218,0.18778236090793124,0.0,0.3873830948882506,0.22436159841106593
Bulk 128,0.4100803407059858,0.05418983319568982,0.08095694759897543,0.12364972319048856,0.3311231553088604
Bulk 129,0.2872395565891448,0.1322668737158009,0.10720800253997838,0.2357247363163564,0.2375608308387194
Bulk 130,0.24105560406799112,0.14296908717546275,0.16815886274406508,0.17529608810334038,0.27252035790914064
Bulk 131,0.405809171073948,0.03976423237044387,0.028142448677719045,0.3718444131640432,0.15443973471384584
Bulk 132,0.565202131784304,0.13152778742237922,0.0,0.06041984111986762,0.24285023967344913
Bulk 133,0.4333777841906309,0.08711708735865452,0.19460241451476842,0.0831666019257502,0.2017361120101961
Bulk 134,0.292467319854516,0.09902573247579931,0.1422349705903221,0.31747189846975427,0.14880007860960828
Bulk 135,0.2467449830889829,0.1482879049759396,0.16538726363781234,0.26344366296034233,0.17613618533692285
Bulk 136,0.37469932856380217,0.0705102595177599,0.0663677406346603,0.32097149783961826,0.16745117344415936
Bulk 137,0.3495224141126897,0.1323118223010129,0.1573477756903834,0.1844700129349677,0.17634797496094626
Bulk 138,0.2823764861989191,0.1496321531284444,0.10002026979171387,0.19883217865384972,0.269138912227073
Bulk 139,0.3120508741354507,0.1204449057628781,0.16066545993775302,0.27523564388212085,0.1316031162817973
Bulk 140,0.39575546459380606,0.1093372124954299,0.0,0.2846079644241144,0.21029935848664977
Bulk 141,0.3330332587667491,0.059234057557138294,0.12911098492457876,0.36180201379041876,0.1168196849611151
Bulk 142,0.33098646218221806,0.06039108376752336,0.3975961614070452,0.08922224317103708,0.12180404947217614
Bulk 143,0.754462457285852,0.0053134017785384366,0.0,0.052026188732904106,0.18819795220270538
Bulk 144,0.3194070808630594,0.2033523235025825,0.09361399731034911,0.12162955195259882,0.2619970463714102
Bulk 145,0.6372187373625184,0.06005053913168692,0.0,0.016826622656709204,0.28590410084908546
Bulk 146,0.2696014684474963,0.06427373225412492,0.14137764473391723,0.41969738013535196,0.10504977442910972
Bulk 147,0.22616622625053753,0.02517628327478777,0.1074406136361076,0.5295594747142112,0.11165740212435596
Bulk 148,0.49570091119068505,0.08165493118547085,0.0,0.2285948800882893,0.19404927753555484
Bulk 149,0.23153041615736977,0.25993692247830597,0.0,0.23396973199343227,0.274562929370892
Bulk 150,0.31268633853681876,0.16147379531354855,0.07060536434845635,0.2543646013354429,0.20086990046573344
Bulk 151,0.37191367119646657,0.1194529344313705,0.043228297576624844,0.23407949686991833,0.23132559992561977
Bulk 152,0.27273083445465546,0.10353098006021119,0.2913773953686196,0.23813602379098292,0.0942247663255308
Bulk 153,0.1886941825281767,0.19540267399149103,0.05713488482531764,0.2779688852097437,0.2807993734452709
Bulk 154,0.23855101915153404,0.06552820010659917,0.26583064728354233,0.31990359846266947,0.11018653499565499
Bulk 155,0.14947947412252074,0.1542725721770935,0.06261323546747459,0.38814996800061785,0.24548475023229338
Bulk 156,0.6304444218051126,0.09653675860043717,0.0,0.08860301387015976,0.18441580572429025
Bulk 157,0.17107590287200733,0.18478926330816015,0.0886860407339243,0.3510146443130636,0.20443414877284466
Bulk 158,0.2697865952856245,0.12357951319329907,0.010772865574712059,0.35398943852287895,0.2418715874234855
Bulk 159,0.5209234224989571,0.05426997677450219,0.0,0.1937665079481073,0.23104009277843346
Bulk 160,0.5070169868564508,0.13826573169976047,0.06321968488479843,0.16146294683242027,0.13003464972657006
Bulk 161,0.23800881026202814,0.17554916269842552,0.07141675268173475,0.26955423854353744,0.24547103581427412
Bulk 162,0.3472353935738258,0.07930815810937784,0.15408667541563578,0.31615323194079686,0.10321654096036374
Bulk 163,0.3043322487045354,0.1431346635619357,0.08318003781096625,0.32502683196441823,0.14432621795814443
Bulk 164,0.3448646928270639,0.1465843149831576,0.024984273240549568,0.2197191641979058,0.2638475547513231
Bulk 165,0.34011748857894725,0.16009697980226245,0.0025818313108234483,0.2138044469370931,0.28339925337087374
Bulk 166,0.45095034911837095,0.06920496230647057,0.19829196075720307,0.1483099148664122,0.13324281295154333
Bulk 167,0.6175266603317127,0.12644672574266846,0.0,0.14103343594185172,0.11499317798376717
Bulk 168,0.13214492423600518,0.010535487843421494,0.2289527154650428,0.5644487388714636,0.0639181335840668
Bulk 169,0.12346087165765195,0.14227240374577477,0.3523453760940153,0.2723857103378979,0.10953563816466011
Bulk 170,0.07919896284889134,0.06165807594619478,0.23443702532558827,0.3084941710681352,0.31621176481119045
Bulk 171,0.20340055093847417,0.19566729780836334,0.05756234931239458,0.3327326991563646,0.21063710278440329
Bulk 172,0.426278038258876,0.08596250400685473,0.0,0.18934296745333876,0.29841649028093037
Bulk 173,0.47343780603669416,0.21449153338637905,0.0,0.036287895621715235,0.27578276495521153
Bulk 174,0.6770721377202831,0.061365049062957304,0.15561229137618698,0.0,0.10595052184057265
Bulk 175,0.33733722145677303,0.10255648670558683,0.09252125186497248,0.3242805502488147,0.14330448972385287
Bulk 176,0.16032292930675235,0.19863660868943858,0.09525522277918598,0.31214200309106854,0.23364323613355448
Bulk 177,0.17345552932488237,0.09212601315332346,0.15826446596555,0.32873978050826785,0.2474142110479764
Bulk 178,0.15763263560515006,0.16251171633622116,0.08736700420671516,0.4224033511646116,0.170085292687302
Bulk 179,0.24173262538995546,0.1834066191415661,0.0,0.3409501159826772,0.23391063948580132
Bulk 180,0.23859333982130007,0.24757232235457435,0.05814890827228853,0.20140031506028558,0.2542851144915515
Bulk 181,0.24504004519485684,0.10708337301238995,0.22921178259541816,0.26608418133707906,0.1525806178602559
Bulk 182,0.2493460231622344,0.1637884012364647,0.0,0.2915980866544237,0.29526748894687727
Bulk 183,0.4225991440600486,0.22631584834325147,0.0,0.06347504828349713,0.2876099593132027
Bulk 184,0.0675493279922235,0.18750648653828336,0.2094097237520289,0.29488883782322356,0.2406456238942407
Bulk 185,0.34685708086839667,0.07138391264543581,0.05326644950435705,0.3783691124771654,0.15012344450464524
Bulk 186,0.36414186317482006,0.09950209328532686,0.030216741428023303,0.28735101781174405,0.21878828430008565
Bulk 187,0.5944776339335771,0.0,0.0,0.33140096263913166,0.07412140342729112
Bulk 188,0.2478187048849835,0.07714057119194752,0.12253404269588593,0.37838205892351046,0.17412462230367268
Bulk 189,0.5455832350974517,0.084913694490687,0.19518466968373327,0.1035745021727413,0.07074389855538665
Bulk 190,0.3326784709740015,0.16497001991460394,0.07919820479160915,0.15563753631442057,0.2675157680053649
Bulk 191,0.3152530588093664,0.15844432560037283,0.049155756555425624,0.1730746847314766,0.3040721743033586
Bulk 192,0.4856693466603573,0.09261352922002324,0.0,0.24864474758345867,0.1730723765361608
Bulk 193,0.7413866629668683,0.036924085972803875,0.11690367857968519,0.023654652110141387,0.08113092037050121
Bulk 194,0.46020658213250437,0.08488496669117544,0.16426465314545916,0.08299955087491112,0.2076442471559499
Bulk 195,0.10111706967875685,0.17794127985831357,0.08226468115959665,0.2488813953918112,0.3897955739115218
Bulk 196,0.39717227768634417,0.20282550699908913,0.0,0.08316919309690553,0.31683302221766113
Bulk 197,0.13830793191019278,0.23117586505776663,0.12565754355606623,0.29097987171667,0.21387878775930438
Bulk 198,0.8674821966811004,0.0,0.0,0.0,0.1325178033188995
Bulk 199,0.17618012479136244,0.2271131230038158,0.14184165313892144,0.2503564886530062,0.20450861041289425
Bulk 200,0.04311709818043928,0.182169724453906,0.2657368092046432,0.2632622679467208,0.2457141002142908
Bulk 201,0.10645602765595084,0.24479070896915128,0.05854804555773634,0.3129185124459776,0.277286705371184
Bulk 202,0.2705937003951765,0.11353810137285526,0.11210523023821035,0.2749374293568458,0.2288255386369121
Bulk 203,0.799443299944596,0.024861561680587438,0.0,0.0,0.1756951383748167
Bulk 204,0.4223371995153795,0.06392559842949358,0.18029742883230113,0.15822463955659227,0.17521513366623342
Bulk 205,0.31381949950210997,0.22761983068110211,0.09090523174159972,0.10821189757238789,0.25944354050280044
Bulk 206,0.6793625629915171,0.06484561526487731,0.0,0.05588238473775397,0.19990943700585148
Bulk 207,0.2567813406685125,0.1972545457570006,0.16918659556776583,0.1976525854728183,0.17912493253390277
Bulk 208,0.04021663693489941,0.21553118038563976,0.14027705315887704,0.24764047519678778,0.3563346543237961
Bulk 209,0.4031108577138357,0.16276012999733477,0.10267827798147193,0.13267497688522067,0.19877575742213682
Bulk 210,0.35169018131655944,0.17600839330034257,0.0,0.18324898913243148,0.28905243625066657
Bulk 211,0.18790708988729532,0.1544604660704576,0.0359325514179588,0.48774631555977926,0.133953577064509
Bulk 212,0.21783303712178773,0.20113164513181941,0.31329976816298105,0.08259410275885593,0.18514144682455588
Bulk 213,0.3034310394298348,0.16637817631507354,0.16481112376202184,0.3079542765228104,0.057425383970259376
Bulk 214,0.5848615683269718,0.15574873285841276,0.0,0.12011383199526898,0.13927586681934648
Bulk 215,0.4549673949870383,0.1212393001167139,0.0,0.23054757611551802,0.19324572878072976
Bulk 216,0.44547876902220984,0.16308202344352588,0.0,0.0809913856015559,0.3104478219327083
Bulk 217,0.36125809196294184,0.11967160425181873,0.0,0.3344390455194111,0.18463125826582824
Bulk 218,0.2358343225776198,0.023683536652184933,0.3786207857595169,0.3478266489977318,0.014034706012946494
Bulk 219,0.3027859006337403,0.12367183200719829,0.1956601221022854,0.25407949638392857,0.12380264887284749
Bulk 220,0.4640373437591696,0.15745952326701684,0.0,0.11005232881187475,0.26845080416193867
Bulk 221,0.326515920608857,0.22367508404919836,0.0,0.1488723570945834,0.30093663824736117
Bulk 222,0.19340857095991365,0.20691483237540786,0.0,0.28695936014584744,0.312717236518831
Bulk 223,0.6597157721841711,0.03255574326353155,0.12851163145356131,0.17921685309873617,0.0
Bulk 224,0.737607994839355,0.0691637459793434,0.0,0.05142751640605606,0.14180074277524546
Bulk 225,0.8143722438828299,0.03148346454855038,0.0,0.0,0.1541442915686197
Bulk 226,0.5053612225663365,0.14905813245595198,0.03473830984235816,0.07632353704132117,0.2345187980940323
Bulk 227,0.35992085738653995,0.3105702746017726,0.0883784688390032,0.0,0.24113039917268428
Bulk 228,0.256245564911998,0.24876227531954198,0.0,0.1804593069746578,0.31453285279380216
Bulk 229,0.38658529085618537,0.2156648625194158,0.0,0.11208951439325972,0.2856603322311392
Bulk 230,0.0,0.2832540175400144,0.0824040018543329,0.34929986863333373,0.2850421119723189
Bulk 231,0.7477920875391681,0.0,0.0,0.2522079124608318,0.0
Bulk 232,0.0,0.14476776523002438,0.029610791673180734,0.5200448649318071,0.3055765781649878
Bulk 233,0.3063447377533826,0.1277574524901542,0.007417642592674476,0.28112069068019424,0.2773594764835944
Bulk 234,0.1853028241109136,0.23746791398425937,0.0,0.2901188676105915,0.28711039429423535
Bulk 235,0.12371370887231053,0.16350447175038604,0.19199234757038483,0.325463857721986,0.1953256140849325
Bulk 236,0.06059753549087625,0.2333005847004632,0.09533954081909311,0.34733550356956966,0.26342683541999773
Bulk 237,0.3811028395397925,0.2466720279092096,0.0,0.10925258216109572,0.2629725503899022
Bulk 238,0.40970886010052904,0.1277887781168359,0.0,0.18485145118360993,0.2776509105990251
Bulk 239,0.0496698770777727,0.2345800483993982,0.08082685817527822,0.364640988003844,0.27028222834370674
Bulk 240,0.2444380907387585,0.11756593105214586,0.07361486701947843,0.4462504447777751,0.11813066641184221
Bulk 241,0.10480387293820273,0.17290820665687126,0.025951147114565445,0.5015578918963048,0.19477888139405566
Bulk 242,0.600172333011169,0.0749815912004765,0.15378889717461047,0.05611395170750409,0.11494322690624001
Bulk 243,0.29071515122697933,0.22853989399698932,0.0,0.20765071712927435,0.27309423764675694
Bulk 244,0.3874186438405827,0.22594860957608434,0.0,0.10658979235596117,0.2800429542273719
Bulk 245,0.6630890005989691,0.1389233718599919,0.0,0.0,0.1979876275410389
Bulk 246,0.19022887408923353,0.31020324389948295,0.0,0.1995108073880408,0.30005707462324277
Bulk 247,0.3493342361093598,0.17985683724192242,0.005991665364122551,0.16509458023007514,0.29972268105452005
Bulk 248,0.41254288187756266,0.15332664052218725,0.0,0.17696883340070504,0.257161644199545
Bulk 249,0.8206139375629009,0.01893621613769603,0.0,0.0,0.16044984629940312
Bulk 250,0.39897801998196214,0.12165386951790505,0.2320373685964483,0.07239036234865236,0.17494037955503197
Bulk 251,0.29488360538130864,0.1602571194564964,0.0,0.2497690957909789,0.2950901793712162
Bulk 252,0.2755613783319742,0.26217831771138556,0.0,0.18118683437929498,0.28107346957734536
Bulk 253,0.2318663370756124,0.26783808155164585,0.15777468963216323,0.006350768189275723,0.3361701235513026
Bulk 254,0.790262454000315,0.0,0.0,0.0,0.20973754599968505
Bulk 255,0.18652355715324856,0.2687818848971228,0.0,0.24329480933245112,0.30139974861717755
Bulk 256,0.11480393048944147,0.18909016641730164,0.03948185155974206,0.3902893213659548,0.2663347301675601
Bulk 257,0.09695910261865304,0.20740085819717555,0.13891872648483242,0.31963576052811843,0.23708555217122057
Bulk 258,0.33571071603813557,0.09393853507068776,0.06078140002452206,0.26515511477752257,0.24441423408913202
Bulk 259,0.3725168826599194,0.11262919027090655,0.07357321343221389,0.2247369687238254,0.21654374491313497
Bulk 260,0.23430898587060872,0.2029287871285334,0.026837083438594724,0.4359183419049884,0.10000680165727459
Bulk 261,0.017280879802169403,0.2752663887173458,0.1104192804341275,0.2636984251916516,0.33333502585470565
Bulk 262,0.0072285136377716825,0.21484976241730172,0.09289566238298595,0.40723277677129255,0.27779328479064813
Bulk 263,0.49261693787495636,0.12288535560882678,0.0,0.0869320932524458,0.29756561326377107
Bulk 264,0.20102114462488035,0.23660444048816412,0.0028482733530442936,0.25679457086065677,0.3027315706732544
Bulk 265,0.14976531492742287,0.12952249788343,0.0,0.4330140714966386,0.2876981156925084
Bulk 266,0.18132464313092272,0.10287048458144986,0.2579836964554329,0.29100956223985114,0.1668116135923434
Bulk 267,0.19326462265773808,0.1760835167714767,0.11290335097707287,0.32464056178385936,0.19310794780985308
Bulk 268,0.5145691542386553,0.12334215008878802,0.0,0.188429234922028,0.17365946075052882
Bulk 269,0.2567728217175875,0.2188033188875101,0.0,0.22745626459591972,0.29696759479898277
Bulk 270,0.7003215861950335,0.1415759671177005,0.028352745208684194,0.045456935803763074,0.08429276567481865
Bulk 271,0.30151304749874464,0.24113527736881435,0.008591640133108506,0.2290114121510647,0.21974862284826757
Bulk 272,0.30725447069774925,0.12253160524681248,0.27310243575529164,0.1822433124243669,0.11486817587577969
Bulk 273,0.7164783752236348,0.0,0.0,0.22553086228285027,0.05799076249351489
Bulk 274,0.32738181198397553,0.18317150124031645,0.17408382229402242,0.12205702577851352,0.19330583870317203
Bulk 275,0.17531307524505488,0.2003195113806542,0.03724601899710805,0.31965482371568965,0.2674665706614932
Bulk 276,0.4315073158395383,0.09692441648450834,0.031752557012228684,0.22002602218714018,0.2197896884765846
Bulk 277,0.7749804502984295,0.042691995527607524,0.0,0.0,0.1823275541739628
Bulk 278,0.1927697397520388,0.24734460797730623,0.10080849469742463,0.26603706040092967,0.1930400971723008
Bulk 279,0.25823422334010904,0.12573425196506585,0.0359798471240609,0.45181344685784053,0.1282382307129237
Bulk 280,0.5413596068768736,0.09913248470809505,0.08767389330516354,0.06448696974298408,0.207347045366884
Bulk 281,0.7681647728353991,0.02814854512477091,0.0,0.0,0.20368668203982992
Bulk 282,0.4019855162108133,0.1462750491068955,0.0,0.2736119637084078,0.17812747097388337
Bulk 283,0.500651619283112,0.092473207814891,0.15378490025531252,0.2506495320860247,0.002440740560659984
Bulk 284,0.5765653425028584,0.13371689949875187,0.18850618661947452,0.10121157137891525,0.0
Bulk 285,0.16241148663914529,0.08800145535612652,0.12775843584736415,0.3675436867447502,0.254284935412614
Bulk 286,0.11587633333647139,0.22902573624249747,0.1435136943992522,0.29899151735454954,0.2125927186672293
Bulk 287,0.0,0.2351932703101516,0.05041171393822203,0.4099978262541595,0.3043971894974668
Bulk 288,0.4240298735936292,0.1936300167967922,0.0,0.1323157629639677,0.25002434664561096
Bulk 289,0.40970013732290067,0.12344548833116153,0.21801233167218736,0.13904058135092717,0.10980146132282335
Bulk 290,0.30408782048421584,0.14726606637110587,0.07610981097820131,0.2922963398296166,0.18023996233686043
Bulk 291,0.4599339393747674,0.1960486314738719,0.0,0.04178747426708416,0.3022299548842765
Bulk 292,0.2928991382464052,0.24529447878092003,0.0,0.1800001385550424,0.28180624441763236
Bulk 293,0.19151725125492639,0.1955483517519943,0.08485685893536575,0.3511837746511426,0.17689376340657106
Bulk 294,0.4036444202256281,0.21424404327151267,0.0,0.14439336844709363,0.2377181680557657
Bulk 295,0.6494317226596936,0.15325635415936636,0.0,0.056045353421161646,0.14126656975977833
Bulk 296,0.5686352203417286,0.0866319529500518,0.08037254461888933,0.2452103929251071,0.019149889164223118
Bulk 297,0.6971521762664168,0.10103012893216262,0.0,0.0,0.20181769480142056
Bulk 298,0.18030550931496464,0.14120486692671777,0.16334470723446468,0.2539837723149423,0.26116114420891057
Bulk 299,0.19837195349165967,0.16535287251830366,0.32749363580886265,0.18327045270541373,0.1255110854757603
Bulk 300,0.20872521475666164,0.1592352541737004,0.0,0.37804849783468847,0.2539910332349494
Bulk 301,0.13066804660500003,0.1799916435242804,0.03616827038165074,0.3221892959584257,0.3309827435306431
Bulk 302,0.14503552146858367,0.013300690160588123,0.08326319343878039,0.5215807926780494,0.23681980225399848
Bulk 303,0.34322647874693074,0.1382879581042101,0.0,0.28100849672542216,0.2374770664234369
Bulk 304,0.3313571023522375,0.2005413735713962,0.0,0.11199968057799577,0.35610184349837043
Bulk 305,0.6100455746176041,0.10987423912741016,0.0,0.03206542741395292,0.2480147588410329
Bulk 306,0.2520404667964281,0.23900719893118205,0.11469999119676763,0.15741176423740033,0.2368405788382218
Bulk 307,0.4294645599306435,0.10346187883526818,0.09546651862547775,0.1700091853466494,0.20159785726196122
Bulk 308,0.39183264772441534,0.15267815078734465,0.0,0.13946595193978997,0.31602324954845
Bulk 309,0.5724966452234701,0.061248394436808566,0.0,0.1383399970343273,0.2279149633053941
Bulk 310,0.25103517855089696,0.24440379865665585,0.042205250069130805,0.14775819123851963,0.3145975814847966
Bulk 311,0.18458588610901008,0.2731589477097587,0.05260506542121027,0.21022227664574414,0.2794278241142768
Bulk 312,0.38370721982975103,0.1635728123987798,0.05681681544713225,0.15757443577674068,0.23832871654759624
Bulk 313,0.2619512271022398,0.06852721141749776,0.17999748315824937,0.3417088456547808,0.14781523266723226
Bulk 314,0.43466161232751227,0.101313762229859,0.06413196054121054,0.1656967326288842,0.23419593227253407
Bulk 315,0.3576840288932613,0.10902055439687738,0.16916647598324308,0.2579260214478687,0.1062029192787498
Bulk 316,0.5019841684467475,0.12198212891330427,0.014878409901009557,0.2117393719967616,0.14941592074217716
Bulk 317,0.15687624015171836,0.23853294231336414,0.0830487577318785,0.20998169241795459,0.31156036738508447
Bulk 318,0.1910881363582157,0.24644621092646066,0.11230217550111495,0.1719870370236644,0.27817644019054427
Bulk 319,0.5169052409829301,0.05570951877976238,0.0,0.2689852546124793,0.15839998562482838
Bulk 320,0.38971404186454417,0.1438094501657527,0.1795864099799497,0.0,0.28689009798975335
Bulk 321,0.3663292129709404,0.2589414651652954,0.0,0.09087255568884367,0.2838567661749205
Bulk 322,0.26408103689441625,0.14750665096752966,0.14554966418723764,0.3338250205250792,0.10903762742573729
Bulk 323,0.3395789750182344,0.1567271468824361,0.17198264363503868,0.09827674411953594,0.2334344903447548
Bulk 324,0.4922755381862668,0.15661036697854294,0.037437871455630475,0.09554444978834598,0.21813177359121375
Bulk 325,0.38398509874478837,0.1812161590300246,0.1066440155986613,0.12835402869098764,0.1998006979355382
Bulk 326,0.17239106974634075,0.23090220584061047,0.324933823869757,0.07548442220931771,0.19628847833397395
Bulk 327,0.19738278239395635,0.2137475060077815,0.15147490501081093,0.1957964972491682,0.2415983093382831
Bulk 328,0.1713410009945944,0.19009167100940513,0.09771743381752578,0.2880421796070964,0.2528077145713784
Bulk 329,0.33666826430569474,0.1232742300020452,0.2223117189638003,0.1060680436925148,0.21167774303594505
Bulk 330,0.33816226451379794,0.2218647689685315,0.0,0.1146026150498423,0.32537035146782817
Bulk 331,0.2144670257601867,0.21432214060569732,0.0,0.33736644866191307,0.23384438497220297
Bulk 332,0.22186403255570952,0.23848842525608854,0.027423267521678778,0.13915328903566238,0.3730709856308607
Bulk 333,0.5330683055332508,0.113257929160658,0.09576544573662962,0.0,0.2579083195694616
Bulk 334,0.0,0.0,0.06489489792649535,0.7825507679991839,0.1525543340743207
Bulk 335,0.39014337602893545,0.22682618301555577,0.106066767402769,0.06880881672081957,0.2081548568319201
Bulk 336,0.3873442221500183,0.12397502518300846,0.2238794259299171,0.005364425694772749,0.25943690104228356
Bulk 337,0.11907068127322164,0.16946789885780292,0.04725952673435247,0.35836202868028905,0.30583986445433387
Bulk 338,0.4419401116976954,0.1411363427901833,0.0,0.26746015675343643,0.14946338875868495
Bulk 339,0.5501847399646522,0.12513123455829028,0.10040500962578944,0.08360363036634125,0.1406753854849269
Bulk 340,0.20967745181896374,0.19185152587729504,0.013929253044297304,0.27857724078499724,0.30596452847444683
Bulk 341,0.4869214285286196,0.003967416136769129,0.36603489872049566,0.0,0.14307625661411566
Bulk 342,0.018637368093029308,0.18745115594459894,0.08762464455451098,0.39332915211312314,0.31295767929473767
Bulk 343,0.1996944567075995,0.1303966733060206,0.11952704284331708,0.2621850841797781,0.28819674296328485
Bulk 344,0.7725767137715339,0.0,0.0,0.0,0.2274232862284661
Bulk 345,0.5901256598523223,0.20709205686347293,0.0,0.15635309965786634,0.0464291836263385
Bulk 346,0.07358941812061769,0.26573850897166823,0.05678352582941384,0.3449750611589682,0.25891348591933205
Bulk 347,0.4628176430076008,0.1181390809502216,0.0,0.2149748039297137,0.20406847211246393
Bulk 348,0.311654073246103,0.17740685002185355,0.011709856532430984,0.14480457367828983,0.35442464652132283
Bulk 349,0.4999172036007247,0.04228540468583253,0.0,0.20198369357443682,0.2558136981390059
Bulk 350,0.37338875572981184,0.29120345007860116,0.0,0.0,0.3354077941915869
Bulk 351,0.8358105358367908,0.035944072502267124,0.04259640476230312,0.0,0.08564898689863895
Bulk 352,0.0891212852281343,0.1898069756495712,0.09341893801009389,0.4293088712496122,0.1983439298625884
Bulk 353,0.3989022028909293,0.09997738125839656,0.0,0.18694903084216014,0.31417138500851405
Bulk 354,0.677410411438906,0.089783417774215,0.0,0.0,0.23280617078687893
Bulk 355,0.2638780634523985,0.13146399972145983,0.03328272779482433,0.42687063475067827,0.14450457428063906
Bulk 356,0.47054584911371683,0.0,0.1928027555457987,0.23683010806709928,0.0998212872733852
Bulk 357,0.22174890694995056,0.19164551361405804,0.19425344363587885,0.2632592147794606,0.12909292102065204
Bulk 358,0.44351226985620595,0.18326210866314338,0.0,0.2525595094765171,0.12066611200413344
Bulk 359,0.11987599847889643,0.2568517107503966,0.04796807961869827,0.3144501712296,0.2608540399224087
Bulk 360,0.35372067615197633,0.22088034961994815,0.0,0.09845124977926316,0.3269477244488124
Bulk 361,0.3551650611289007,0.2962899816704927,0.0,0.09077775219735686,0.2577672050032498
Bulk 362,0.09417643234259644,0.15863886130624938,0.054224604727853024,0.4060507530174853,0.28690934860581596
Bulk 363,0.26628224288544133,0.13870941345272048,0.0,0.2510145092455696,0.3439938344162685
Bulk 364,0.4745670300523722,0.0,0.11833671270282843,0.3467549383886486,0.0603413188561507
Bulk 365,0.7726880916453566,0.0,0.0,0.06328649585619557,0.1640254124984479
Bulk 366,0.19621998979017624,0.09646130420489112,0.12916719176093816,0.3484539622227459,0.22969755202124859
Bulk 367,0.31999610059249955,0.1342720045627284,0.16302408140301963,0.20638528877079812,0.17632252467095438
Bulk 368,0.20379475873557584,0.2886776083248725,0.0,0.001777223607773443,0.5057504093317782
Bulk 369,0.17283192292975766,0.2605785389656374,0.11928972545928045,0.22754446554517252,0.21975534710015193
Bulk 370,0.46231833461255895,0.1508053592792971,0.0,0.18103029972488505,0.2058460063832589
Bulk 371,0.5796290232433596,0.14720645060800533,0.0,0.0012209381793886023,0.2719435879692464
Bulk 372,0.27991853276059114,0.11916110795383274,0.01814586077165314,0.3485514619816803,0.23422303653224263
Bulk 373,0.044635554501139055,0.2321158285700678,0.13832023423593276,0.3475395670556519,0.2373888156372084
Bulk 374,0.40447215674396525,0.17268760883694706,0.03746379882134825,0.09788804552144774,0.2874883900762916
Bulk 375,0.20395639705379703,0.09741333000584775,0.16903960578842558,0.2777457468675395,0.2518449202843902
Bulk 376,0.45439212932791423,0.04725381201401458,0.2933977278115904,0.04101989231558314,0.1639364385308977
Bulk 377,0.3106232718296053,0.1452574442384313,0.008695100374455558,0.3393145361249789,0.19610964743252893
Bulk 378,0.02663091787218047,0.30096033428124597,0.11884955305894114,0.017253840299706946,0.5363053544879256
Bulk 379,0.4277865628354921,0.049726631363823416,0.23015358969586935,0.1095492509219748,0.1827839651828403
Bulk 380,0.39657669177692745,0.13978690909754388,0.17127594354566658,0.10706927830275573,0.1852911772771064
Bulk 381,0.30081449692961065,0.25354963105669037,0.0,0.2572890987436013,0.1883467732700977
Bulk 382,0.42513225115616177,0.11536228339976003,0.21525392709126384,0.049810477878914995,0.1944410604738994
Bulk 383,0.4651474986229185,0.12054797188710507,0.17956336506293646,0.10280535421013907,0.1319358102169009
Bulk 384,0.0,0.2610140910648824,0.05343439819880202,0.2642593210216344,0.4212921897146812
Bulk 385,0.2584173031040556,0.07270133350912193,0.044116897907906204,0.3967853580409462,0.22797910743797012
Bulk 386,0.18678715216093286,0.20987892094610072,0.15008422144900666,0.15989168527596861,0.2933580201679913
Bulk 387,0.3931626899696921,0.15385320371166195,0.0,0.20669678908412495,0.24628731723452105
Bulk 388,0.3907463346919255,0.2623076348772213,0.0,0.08873870855957258,0.2582073218712806
Bulk 389,0.40102917817177763,0.23449678096116713,0.0,0.1642528312832671,0.20022120958378822
Bulk 390,0.49178807760077026,0.09677030620217045,0.0,0.24357125131953877,0.16787036487752044
Bulk 391,0.3114410382639823,0.12799037622331985,0.0061966773118630695,0.34561397908842495,0.2087579291124099
Bulk 392,0.32790449046554704,0.020282915494669075,0.18159406563627808,0.4702185284035058,0.0
Bulk 393,0.256524732223356,0.20280493111558734,0.002809901233857771,0.24164249579721103,0.29621793962998794
Bulk 394,0.7470353480831148,0.004286905004773292,0.0,0.052183611724919185,0.19649413518719283
Bulk 395,0.12223722345461452,0.33161889675284834,0.09777098308129371,0.04408165277253984,0.4042912439387036
Bulk 396,0.21193759039833537,0.2061694456982327,0.042525791756733856,0.3489145773228574,0.19045259482384064
Bulk 397,0.3289026396570335,0.15125783713596205,0.19462347931073568,0.0671933999159616,0.258022643980307
Bulk 398,0.7594945767766895,0.022602105587170945,0.0,0.019017461088952303,0.1988858565471873
Bulk 399,0.5274673174437436,0.12329980356405483,0.177995648964817,0.0,0.17123723002738458
Bulk 400,0.5671518370508245,0.13476823117854397,0.0,0.0,0.2980799317706315
Bulk 401,0.260226879378854,0.20033308237714173,0.05728486570729046,0.33558141214464093,0.14657376039207276
