,Ast,End,Mic,Neu,Oli
Bulk 0,0.14770966553832077,0.26056606591442905,0.04872066105726944,0.22336274482133536,0.3196408626686454
Bulk 1,0.2789368234315934,0.19179069771107604,0.0451990337232376,0.2757107994213896,0.2083626457127034
Bulk 2,0.31217188930428597,0.03954424903755358,0.0677046031656224,0.4547083449636501,0.12587091352888796
Bulk 3,0.1592041118076653,0.19575818636564637,0.16293833420753245,0.19862833738361058,0.28347103023554526
Bulk 4,0.3002909488842391,0.23899727312196067,0.16878775828769993,0.09381794122836691,0.19810607847773345
Bulk 5,0.0,0.21127881112073305,0.052382373844829674,0.38471648001531206,0.3516223350191252
Bulk 6,0.781729197252111,0.0,0.0,0.00014031249432478786,0.2181304902535643
Bulk 7,0.5615851515686703,0.02054254770082491,0.10231713991590759,0.08823941473051128,0.2273157460840859
Bulk 8,0.03842673108441749,0.23809723880310552,0.09184545789367773,0.26606658124739907,0.3655639909714002
Bulk 9,0.4073871507063178,0.17712414366992021,0.0,0.21758242415399848,0.19790628146976333
Bulk 10,0.12619152525727173,0.22054764315609893,0.029802389192399466,0.34664963646414876,0.27680880593008117
Bulk 11,0.09038963022959597,0.23161323951408175,0.08941403461749223,0.3644111537172405,0.2241719419215896
Bulk 12,0.3361914091736508,0.16604481984853534,0.0,0.2453196792657512,0.25244409171206256
Bulk 13,0.1613736786055163,0.18167584894612648,0.1343970143490689,0.22159834307227022,0.30095511502701816
Bulk 14,0.671498428443184,0.038096708341770584,0.04073889954000623,0.08593518217910723,0.1637307814959319
Bulk 15,0.3650866665384416,0.03631919143736204,0.113944928480778,0.41158379325740524,0.07306542028601325
Bulk 16,0.4792822300199609,0.08463272472365288,0.0,0.23548230681587656,0.20060273844050971
Bulk 17,0.5581051198163816,0.0,0.21114456601300846,0.1929982884839557,0.03775202568665413
Bulk 18,0.2068886902607822,0.14832326049776243,0.10744091451430789,0.41661616519461336,0.12073096953253412
Bulk 19,0.17601634658810522,0.18654176785950827,0.0735273284082583,0.33949972550520685,0.22441483163892137
Bulk 20,0.0,0.1783743366755187,0.06835043292668111,0.482671906366025,0.2706033240317751
Bulk 21,0.05484109370651078,0.25485655816301445,0.0,0.39223645908160504,0.2980658890488697
Bulk 22,0.0,0.25512390196299406,0.05514186079460668,0.41987765366700824,0.269856583575391
Bulk 23,0.16852046725009406,0.10809913157100813,0.16257263428863328,0.3455213949621144,0.2152863719281501
Bulk 24,0.16806268134432878,0.224683804805452,0.04054312085536717,0.30287812981416895,0.2638322631806831
Bulk 25,0.06509324272942989,0.20077948589897943,0.044575154356687824,0.4089101168367169,0.280642000178186
Bulk 26,0.21456787030686458,0.16832734397611948,0.0192611291857561,0.37101822871446816,0.22682542781679169
Bulk 27,0.23432100903272457,0.059726047306667626,0.24587766369358857,0.31492919706260997,0.14514608290440925
Bulk 28,0.3214151253483239,0.14707979009133973,0.056881946308093984,0.2795285940079504,0.19509454424429187
Bulk 29,0.36581543528309785,0.10274419896469514,0.01660570640560292,0.288986491348485,0.22584816799811913
Bulk 30,0.31932086832753925,0.17749235081655934,0.0,0.23353200318533793,0.26965477767056356
Bulk 31,0.46929185586306194,0.1934866602553706,0.0,0.07937630166471249,0.25784518221685493
Bulk 32,0.3554482695201017,0.0,0.21900401198898375,0.4195057396472841,0.006041978843630481
Bulk 33,0.009507224483156097,0.2534621036016275,0.06323780132938009,0.38416350418028555,0.2896293664055507
Bulk 34,0.33089929188655604,0.07688186775559211,0.17616775564464496,0.37749906391768134,0.0385520207955253
Bulk 35,0.5813968794274214,0.02435653260406281,0.0,0.15841832053529997,0.23582826743321578
Bulk 36,0.4098805604495092,0.1480837180102204,0.04537303645109492,0.18125126248714502,0.21541142260203056
Bulk 37,0.3898669337825772,0.08411102445004125,0.0,0.33302618041285387,0.19299586135452756
Bulk 38,0.15223399253374878,0.1337941331885051,0.23745662211798468,0.3181526913108736,0.15836256084888778
Bulk 39,0.10405502903813996,0.22307721212319528,0.0,0.3228541621054811,0.35001359673318366
Bulk 40,0.5641330827828788,0.06344026868487235,0.0,0.25703636121229695,0.11539028731995188
Bulk 41,0.6371108696741635,0.03282543799243036,0.08050443022191002,0.11772766624666488,0.1318315958648311
Bulk 42,0.379002276131515,0.13261244556861784,0.0,0.18927426759352883,0.2991110107063383
Bulk 43,0.21138702203166013,0.09390763901885266,0.053689981430152675,0.38742983261475256,0.25358552490458214
Bulk 44,0.09763703677025527,0.12887756034685233,0.17696743338250404,0.3263750774396525,0.2701428920607359
Bulk 45,0.7770516636614717,0.030134260862683594,0.005254216095544843,0.08540701896331097,0.10215284041698884
Bulk 46,0.49180608643107,0.10274734821448199,0.10821590605024752,0.17777996032989227,0.11945069897430824
Bulk 47,0.25113206792091314,0.24674014006724984,0.0025540002143152663,0.18179807751678131,0.31777571428074053
Bulk 48,0.7480394801505234,0.03380389095492371,0.0,0.0,0.21815662889455287
Bulk 49,0.0,0.17907599405258928,0.12137264272690218,0.47117555889599944,0.22837580432450916
Bulk 50,0.2962577260483045,0.13963914676844433,0.17674854680006952,0.23671192974557026,0.15064265063761148
Bulk 51,0.1695747816897951,0.1511063459378055,0.14400247464731936,0.34686719488272866,0.1884492028423514
Bulk 52,0.24224446594981341,0.20404844759823218,0.0,0.2440848349545967,0.30962225149735767
Bulk 53,0.22731166910981593,0.21900086663558713,0.0,0.35044360803326025,0.20324385622133673
Bulk 54,0.7592201837878763,0.0,0.0,0.22491429176687416,0.015865524445249485
Bulk 55,0.10084501911286026,0.16504483624029326,0.1344304664017226,0.33617527730484087,0.263504400940283
Bulk 56,0.5462755132868806,0.04564382284848876,0.17275109372568637,0.18592576667416932,0.049403803464775096
Bulk 57,0.538111835002309,0.0693892084887327,0.013673392271610837,0.20610833044261578,0.1727172337947316
Bulk 58,0.3631720669848567,0.11516323141435873,0.25295501742458587,0.15988205743237058,0.10882762674382812
Bulk 59,0.12321548502033301,0.13502387879458014,0.04860115219817991,0.5204529740139485,0.1727065099729585
Bulk 60,0.3749010896367223,0.07101889283713161,0.09831228408202962,0.45576773344411636,0.0
Bulk 61,0.46081949438506425,0.12415687054260352,0.07205520475248503,0.09238703642644538,0.25058139389340184
Bulk 62,0.07616802790262618,0.24033522524966452,0.05877451635848714,0.34162643111665963,0.2830957993725625
Bulk 63,0.716642179456741,0.036867729391127195,0.0,0.04709562441689184,0.1993944667352399
Bulk 64,0.07970385671426966,0.24601058319559083,0.059357396688564185,0.3164296731476506,0.2984984902539248
Bulk 65,0.20172672013873752,0.22253909391802976,0.08643931703232667,0.2478755326201559,0.24141933629075
Bulk 66,0.35117777704682224,0.18656126552217808,0.0,0.2141635725982478,0.24809738483275195
Bulk 67,0.3743495456781347,0.15866404323086356,0.0,0.21063691796146383,0.25634949312953786
Bulk 68,0.26538948785924027,0.20812213936470955,0.01798284509882105,0.2895412244161884,0.21896430326104077
Bulk 69,0.12901561438852074,0.1809166481813823,0.03913574255277214,0.4004725596936343,0.2504594351836905
Bulk 70,0.37546450333916215,0.0,0.11431678700773364,0.44716736709866883,0.06305134255443545
Bulk 71,0.2891266092487957,0.19846484698675712,0.0,0.3277223055029746,0.18468623826147254
Bulk 72,0.10492730857801422,0.21577779419487636,0.09686021729872232,0.34990751649191654,0.23252716343647048
Bulk 73,0.222211280780415,0.16867422668379428,0.042207615058463224,0.25183856286228473,0.3150683146150428
Bulk 74,0.2969402825751517,0.1857967748532556,0.04625308233774849,0.26420156176814363,0.20680829846570065
Bulk 75,0.36360520008138697,0.21292219765724843,0.0,0.21077466257002936,0.21269793969133527
Bulk 76,0.0,0.23733288782567566,0.04889331191488342,0.3984143125455561,0.31535948771388495
Bulk 77,0.7587710045141862,0.0,0.0,0.0,0.2412289954858138
Bulk 78,0.43180774224214596,0.16227152247256185,0.10804294070098794,0.10433117960409444,0.19354661498020986
Bulk 79,0.36869227624057366,0.11847047507546425,0.0,0.1702296800508207,0.34260756863314146
Bulk 80,0.22989253771969043,0.24043620895125903,0.012478753505166636,0.2981713198249943,0.21902117999888954
Bulk 81,0.23518565281295406,0.15645669475280827,0.018361050594808928,0.249265331453445,0.34073127038598366
Bulk 82,0.8058102610489202,0.02171100376467047,0.0,0.0,0.1724787351864094
Bulk 83,0.17063325350693617,0.22434360904393907,0.0,0.27110587394408603,0.33391726350503875
Bulk 84,0.25315903302189824,0.13754905377956989,0.025209114991034974,0.42755232537716886,0.15653047283032806
Bulk 85,0.12173537399782697,0.24645089775889717,0.1218780829182435,0.19316428956794832,0.316771355757084
Bulk 86,0.11099395866734993,0.2943435156736182,0.060237859133080156,0.18951350877067055,0.3449111577552811
Bulk 87,0.7178333076499824,0.06127538901383347,0.0,0.02968501970046694,0.191206283635717
Bulk 88,0.1151809662375142,0.2013697138463604,0.0,0.41350629826455687,0.2699430216515684
Bulk 89,0.311311409687836,0.1494177130314651,0.030714988102336416,0.3536275437193095,0.1549283454590531
Bulk 90,0.3647679400857576,0.10946967782146227,0.029651348083816743,0.3057278985203157,0.19038313548864766
Bulk 91,0.09447260031352837,0.1819649892189088,0.15850218655254378,0.2981204232810565,0.2669398006339624
Bulk 92,0.08448925940509369,0.24262661293122276,0.15994754357779456,0.29185701350881815,0.22107957057707076
Bulk 93,0.10190562832264022,0.1715965369355256,0.25538093640446463,0.22354634983874486,0.24757054849862478
Bulk 94,0.044483519211033794,0.18104063811474755,0.09063874293116941,0.4079465025777049,0.27589059716534436
Bulk 95,0.1630994815617338,0.24167116570805092,0.055129767978864756,0.3063404268543413,0.23375915789700924
Bulk 96,0.8693070883760692,0.0,0.0,0.0,0.1306929116239308
Bulk 97,0.7192485523818563,0.05135126422904125,0.0,0.0,0.22940018338910262
Bulk 98,0.5839319897309051,0.0,0.1469073441400942,0.16392773666531243,0.10523292946368823
Bulk 99,0.41905324956656004,0.08830287986162128,0.0,0.33644980664814605,0.15619406392367272
Bulk 100,0.04465363688938428,0.23436721804798863,0.05648361829155057,0.34478159183932916,0.3197139349317474
Bulk 101,0.6850750250746499,0.024649592329000682,0.0,0.15886852485511077,0.13140685774123864
Bulk 102,0.1938930238999236,0.11261401611982653,0.10094635605167424,0.3804360720504278,0.21211053187814785
Bulk 103,0.2846450670160678,0.01948630708474726,0.047811777830127765,0.5244957092182837,0.12356113885077337
Bulk 104,0.22594821143892407,0.10363839099992121,0.02706108197984837,0.4289874908825518,0.2143648246987546
Bulk 105,0.15249680720880576,0.2139051658441773,0.1870116077010372,0.23991522148044234,0.20667119776553733
Bulk 106,0.135255174742265,0.20949241994280454,0.1127147136699061,0.3475344611830467,0.19500323046197762
Bulk 107,0.25907996183195586,0.1646865004799232,0.10334793670943719,0.21162015948031987,0.26126544149836384
Bulk 108,0.048746198950837906,0.16318436554600235,0.16849321299709857,0.39394663264255086,0.2256295898635103
Bulk 109,0.23989206356513687,0.1571555085190886,0.09409995116601182,0.3939171831316136,0.11493529361814912
Bulk 110,0.8375225076139162,0.0033279351447077755,0.06859306187653125,0.0,0.09055649536484472
Bulk 111,0.7147415445668929,0.07209800741449504,0.0,0.10344062752754588,0.10971982049106624
Bulk 112,0.14430267641311842,0.18470461476725297,0.16229119114016397,0.27631695929286576,0.23238455838659886
Bulk 113,0.732773315007523,0.017758178097511915,0.0,0.09588978964298418,0.153578717251981
Bulk 114,0.3658615572779741,0.1120218397767467,0.12986023520618423,0.1779849690208173,0.21427139871827763
Bulk 115,0.393595026404175,0.17938871194945907,0.0,0.10686770285400372,0.3201485587923621
Bulk 116,0.15794425448594127,0.24476234087994228,0.0687623503114463,0.2794944660972588,0.24903658822541144
Bulk 117,0.0,0.23706279832100688,0.1029541399085634,0.31794884475918267,0.34203421701124703
Bulk 118,0.3057177348909058,0.0634565493135922,0.18101220902232695,0.33210482618004394,0.11770868059313101
Bulk 119,0.20261415174354708,0.2311754088189929,0.013226386342050391,0.30765377725182796,0.24533027584358177
Bulk 120,0.25973253107815,0.19416277007411692,0.0,0.32697414405812736,0.21913055478960566
Bulk 121,0.20403375634604473,0.18253660159824442,0.15872472641139698,0.26727736344452546,0.18742755219978824
Bulk 122,0.3983225504730711,0.09059713716137127,0.33666186746124366,0.0015418204274337923,0.1728766244768802
Bulk 123,0.44934213772675596,0.10264361965898795,0.0,0.16768971024711476,0.28032453236714133
Bulk 124,0.3202501383162648,0.12976108848056506,0.288990617827198,0.1184939177086271,0.14250423766734502
Bulk 125,0.4368432143900765,0.11148688337419614,0.07746006401231718,0.10296022548896186,0.2712496127344483
Bulk 126,0.1165266540112852,0.04006477095444971,0.3074540891204162,0.5359544859138489,0.0
Bulk 127,0.09903006588442224,0.21703614682731232,0.13125355068624722,0.28075109412781973,0.2719291424741985
Bulk 128,0.24349223334575412,0.1321878613921595,0.1154537481572221,0.2650842273216667,0.24378192978319757
Bulk 129,0.4783457315864913,0.10115723165925071,0.0,0.1785781967276514,0.24191884002660646
Bulk 130,0.430114754777769,0.14397479209381742,0.0,0.19734701437501276,0.22856343875340074
Bulk 131,0.3772976108255698,0.17712889966967332,0.0,0.24601518554122,0.1995583039635369
Bulk 132,0.4334732484672939,0.16158850987021614,0.0,0.18564473044144905,0.21929351122104093
Bulk 133,0.823817989504632,0.008714430745059181,0.0,0.10289231191375461,0.06457526783655407
Bulk 134,0.46113770648959046,0.049156060292621276,0.0,0.36093238359025187,0.1287738496275365
Bulk 135,0.5938321176115756,0.0,0.0,0.33087834236473745,0.07528954002368686
Bulk 136,0.342908798071602,0.13454764944960917,0.0,0.33017291457307707,0.19237063790571177
Bulk 137,0.45714655466854076,0.20250274473445257,0.0,0.043707407844396556,0.29664329275261014
Bulk 138,0.20882579445988883,0.16145184790392028,0.18157367302660465,0.2772760746941235,0.17087260991546283
Bulk 139,0.7300871190493485,0.07886713355508164,0.016745461776715577,0.0,0.1743002856188542
Bulk 140,0.5639465780228102,0.05556163061379165,0.0,0.16416747320019007,0.2163243181632082
Bulk 141,0.36403811180700296,0.0,0.14720026589421092,0.4824172248710854,0.006344397427700713
Bulk 142,0.4942743201627755,0.0008245580412763227,0.28885417117700163,0.08493443422216865,0.1311125163967778
Bulk 143,0.6143808212910391,0.03432522066158455,0.08932362900317256,0.06516491068462735,0.1968054183595764
Bulk 144,0.3376469006032513,0.16353994680167602,0.1333458080178564,0.14818358054245215,0.2172837640347641
Bulk 145,0.24952740272600463,0.17469443803592688,0.14168805867116577,0.2420421531573466,0.19204794740955614
Bulk 146,0.2017746901715101,0.050599353254878035,0.13159264076586438,0.3102687382485498,0.3057645775591977
Bulk 147,0.04565665744679952,0.2779094075100943,0.07275431436330584,0.2671540102943249,0.3365256103854754
Bulk 148,0.47584646828842464,0.06747101599841039,0.1295555667403036,0.18616194271374184,0.14096500625911942
Bulk 149,0.047769322692534734,0.1933818686684443,0.025310194919866646,0.41242283687345727,0.32111577684569703
Bulk 150,0.14639818374382982,0.2224598262695904,0.06624737916930006,0.3741612419801424,0.19073336883713746
Bulk 151,0.6335683914793739,0.0,0.0,0.2504456788070692,0.11598592971355684
Bulk 152,0.323048377867966,0.14691813572871848,0.10660627559228959,0.27748031733885287,0.1459468934721731
Bulk 153,0.28497531846167734,0.16664348320379596,0.0,0.23450964996087448,0.31387154837365233
Bulk 154,0.5975373955401829,0.015083781770174555,0.0,0.31204288697910043,0.075335935710542
Bulk 155,0.22258324646016014,0.06916060957426699,0.1890100616191125,0.2970683505250068,0.2221777318214537
Bulk 156,0.2841751545879734,0.1507128508122347,0.1657187835787318,0.29528960599535164,0.10410360502570852
Bulk 157,0.19494782567632304,0.18523928530470768,0.09703418614680387,0.30187666810424674,0.22090203476791867
Bulk 158,0.2270640077640353,0.15522808157461285,0.08004087760653891,0.3077907088905116,0.22987632416430145
Bulk 159,0.3937961689801956,0.1819224517480998,0.0,0.11834640314262188,0.3059349761290827
Bulk 160,0.37861781913102965,0.1977800987023557,0.0,0.060364159992560396,0.3632379221740544
Bulk 161,0.739819042784776,0.0,0.0,0.0,0.260180957215224
Bulk 162,0.49006475351887563,0.11669521381645477,0.0,0.24352869986219883,0.1497113328024709
Bulk 163,0.4553105730923669,0.11918875219907955,0.0,0.24591244136306856,0.17958823334548518
Bulk 164,0.12180114740626558,0.2598188754558209,0.03083319697465647,0.23494977351613375,0.3525970066471232
Bulk 165,0.34326834722880706,0.09103930927819685,0.22925169737396714,0.28301106268339693,0.053429583435632005
Bulk 166,0.9768385033712892,0.0,0.0,0.0,0.023161496628710847
Bulk 167,0.47026229577928774,0.132958476106039,0.0,0.2718940045105658,0.12488522360410745
Bulk 168,0.03687071676942433,0.24475071810834118,0.09155101394914504,0.3208365235306677,0.30599102764242186
Bulk 169,0.6825997172506273,0.06421262831171273,0.0,0.0,0.25318765443765995
Bulk 170,0.1845617388352726,0.1962121442637871,0.12109100568523977,0.22795217825937453,0.2701829329563259
Bulk 171,0.24983010089965793,0.2137755657944065,0.0,0.25788510802750586,0.27850922527842975
Bulk 172,0.23414278843496472,0.2024482851408747,0.0,0.25468974040448733,0.30871918601967324
Bulk 173,0.5777622623178928,0.118372951046273,0.0,0.019832340985923902,0.2840324456499103
Bulk 174,0.4763101938178607,0.12788151964205527,0.010264955299601234,0.291067223452262,0.09447610778822073
Bulk 175,0.2936911690427032,0.12866538736590924,0.09176077666534777,0.34604412985472965,0.13983853707131016
Bulk 176,0.2582421177561076,0.0159237889772438,0.20472311806210403,0.4939506282017092,0.027160347002835438
Bulk 177,0.031471566252898465,0.12979020814708,0.2264687841032541,0.390929537361526,0.22133990413524132
Bulk 178,0.3402824099331156,0.19912828477669572,0.0,0.09039510690297695,0.37019419838721174
Bulk 179,0.23540272682480892,0.19450777996485977,0.05092914811245713,0.33337077871143933,0.1857895663864348
Bulk 180,0.23216417909830817,0.18722130712418858,0.0,0.3578838477532376,0.22273066602426564
Bulk 181,0.2603320581553717,0.1792867002432517,0.0,0.2248083098346111,0.33557293176676545
Bulk 182,0.2798529699069065,0.031865838497447,0.09587309211709281,0.3962595705963223,0.19614852888223142
Bulk 183,0.6667281395351791,0.0,0.0,0.15526861535980563,0.17800324510501533
Bulk 184,0.2730744737155291,0.16443343242513325,0.10129315075190633,0.32848830090926057,0.13271064219817078
Bulk 185,0.340568803277539,0.12750828384059043,0.049316489047878324,0.2884099517411079,0.1941964720928843
Bulk 186,0.4296620201593592,0.08485008568566692,0.0,0.2521467090220541,0.23334118513291977
Bulk 187,0.3529460476500359,0.12333084778731039,0.0350228077025319,0.24792288825485212,0.24077740860526972
Bulk 188,0.18578124037260707,0.17092316142833067,0.056001548922346926,0.3777986309327729,0.20949541834394256
Bulk 189,0.6203910763277914,0.07547080315362299,0.0,0.17573322516804465,0.12840489535054087
Bulk 190,0.6057397164111089,0.04752106261802497,0.0,0.06723154984003678,0.2795076711308294
Bulk 191,0.4275996580225309,0.11949834902405804,0.09749692775786446,0.29549186656469995,0.05991319863084672
Bulk 192,0.2769738027621756,0.09375903825099675,0.38837095668440713,0.10632323529308256,0.13457296700933805
Bulk 193,0.6103418398043929,0.1323868613835299,0.0,0.0,0.25727129881207716
Bulk 194,0.38691797250447146,0.15657372311517634,0.05275865931330981,0.16318919072162882,0.2405604543454135
Bulk 195,0.24950509386132042,0.20627413357083052,0.0015245782419583832,0.28656094891442835,0.25613524541146226
Bulk 196,0.2454451200544661,0.171397526708094,0.1916351297249824,0.1604086470365541,0.2311135764759033
Bulk 197,0.6310559718731298,0.0,0.0,0.3689440281268701,0.0
Bulk 198,0.7492087275329925,0.03759922593398078,0.0,0.0,0.21319204653302667
Bulk 199,0.29604990131261566,0.17594635941781298,0.11444074698698331,0.20208637320807277,0.21147661907451532
Bulk 200,0.005538052896033078,0.2533717823490382,0.14168291158840085,0.33208872719383814,0.2673185259726898
Bulk 201,0.524307871608559,0.16347309596203047,0.06521058096565777,0.19176509428177724,0.05524335718197569
Bulk 202,0.2288720711483511,0.21241497180478536,0.017009912553446985,0.3460216315896071,0.19568141290380953
Bulk 203,0.16129270858009376,0.15894963560220482,0.2730481307351586,0.3101212093940743,0.09658831568846843
Bulk 204,0.6700859365590783,0.06330348104426123,0.03442838695943595,0.11198162068727881,0.12020057474994568
Bulk 205,0.3719797075057368,0.22733656184578038,0.0,0.06696003539192387,0.33372369525655887
Bulk 206,0.7082708716202787,0.03440505041924272,0.0,0.01723050131739916,0.24009357664307948
Bulk 207,0.15906704791806356,0.16138660647009978,0.0676864360824455,0.25797635693781695,0.3538835525915742
Bulk 208,0.2628330003647112,0.22373047674143304,0.0,0.24968053298749646,0.26375598990635934
Bulk 209,0.34742197540346337,0.15187450506618347,0.19307783744772328,0.13833069912823642,0.16929498295439352
Bulk 210,0.49169372953449425,0.09747381329773738,0.08245201131043152,0.17594093850376435,0.15243950735357256
Bulk 211,0.04319607508313085,0.2488597978898402,0.07184781985526598,0.20576397412975442,0.4303323330420087
Bulk 212,0.32546694475658666,0.19071606038090388,0.17483458281135103,0.10135636258795223,0.2076260494632062
Bulk 213,0.2693281247261764,0.15666843188999202,0.06851021319359787,0.25348607409894425,0.2520071560912895
Bulk 214,0.7431324522382674,0.0,0.0,0.0,0.25686754776173254
Bulk 215,0.3090873388028658,0.24689652138439896,0.0,0.12754519562809716,0.31647094418463795
Bulk 216,0.26458195923930045,0.1262254991819557,0.0799069904372165,0.3550764302288733,0.17420912091265398
Bulk 217,0.42654170401758057,0.11638525907376844,0.0,0.19566127965090255,0.26141175725774846
Bulk 218,0.4314907092893112,0.03172372930046017,0.17662815440060137,0.2655129460615047,0.0946444609481225
Bulk 219,0.5164420275003226,0.15318608466850683,0.0,0.14706087670139664,0.18331101112977385
Bulk 220,0.42721172541948976,0.14661875636416144,0.09655973549249693,0.1779626146780997,0.1516471680457521
Bulk 221,0.19849583939751198,0.17762002630647952,0.14349521997614162,0.29083423518738966,0.18955467913247728
Bulk 222,0.21914678526238277,0.1289799033826868,0.004566944411678646,0.387225941343649,0.2600804255996028
Bulk 223,0.4837894279927173,0.13965047433083874,0.0,0.2388648128860564,0.1376952847903875
Bulk 224,0.3546401704305179,0.1761312723592569,0.0,0.1971967359628251,0.27203182124740005
Bulk 225,0.8840528053323012,0.03914087067072469,0.0,0.0,0.0768063239969741
Bulk 226,0.4147373973979811,0.18567229063510568,0.01634446912170353,0.15803573250824923,0.2252101103369604
Bulk 227,0.16976245107391594,0.2923385954965891,0.006749516547673094,0.24948759698128586,0.2816618399005359
Bulk 228,0.3553865861234011,0.11494685962908766,0.07556137641695895,0.19780501275748982,0.2563001650730624
Bulk 229,0.5395101226349093,0.05848685747004022,0.041357531740912654,0.15412087234936048,0.20652461580477743
Bulk 230,0.18449969223504728,0.0,0.26059258945803154,0.5483031115498977,0.00660460675702339
Bulk 231,0.4461839458573906,0.15978156259463885,0.0,0.10388783265811866,0.2901466588898519
Bulk 232,0.046148992349753816,0.10670571142648198,0.09135373939281016,0.4509077451980597,0.30488381163289435
Bulk 233,0.16696070872085508,0.21946246952115542,0.05957583130156059,0.278232528230955,0.27576846222547385
Bulk 234,0.6421274663067583,0.08290698295501282,0.0,0.0,0.274965550738229
Bulk 235,0.1973502258106654,0.16649050056234369,0.1288448619606809,0.32383598780031253,0.18347842386599736
Bulk 236,0.0,0.27103803667061976,0.15141910529636765,0.1965521931088917,0.380990664924121
Bulk 237,0.5447173738399694,0.11281017301669709,0.0,0.22723664794346554,0.11523580519986784
Bulk 238,0.6944377606778387,0.02256302711096871,0.0,0.03406769990733825,0.24893151230385432
Bulk 239,0.0,0.13450614137977177,0.15502080074156,0.45218432339659753,0.25828873448207074
Bulk 240,0.4598365353966521,0.015810534184614797,0.0,0.30184015756932675,0.2225127728494064
Bulk 241,0.107057434118759,0.16216726389115796,0.03896086588500262,0.4878619022627105,0.20395253384236992
Bulk 242,0.723146768839916,0.1007170166267143,0.0,0.0,0.1761362145333698
Bulk 243,0.3408950113977457,0.1919183117267573,0.0,0.16761227103439405,0.2995744058411029
Bulk 244,0.5483145642548696,0.1186974232565772,0.0,0.1468848953910859,0.1861031170974672
Bulk 245,0.6626065976584666,0.08969944246729462,0.0,0.0,0.24769395987423862
Bulk 246,0.11035571416391281,0.3190140954649795,0.04449133556402381,0.1549530020214617,0.3711858527856221
Bulk 247,0.4418666490759857,0.1723217306124901,0.0801575378862244,0.07379344465643513,0.23186063776886467
Bulk 248,0.34574411813572087,0.1831379992084877,0.06614565465972423,0.18522347804064257,0.2197487499554245
Bulk 249,0.5782650985070137,0.11228291707060296,0.14549206372205495,0.0,0.1639599207003284
Bulk 250,0.3134567182414939,0.1421667878882628,0.28627790183157076,0.15855736121919733,0.09954123081947513
Bulk 251,0.6285948182028301,0.0,0.0,0.37140518179716997,0.0
Bulk 252,0.5773265360163105,0.13915334006611424,0.0,0.17562844193901042,0.10789168197856505
Bulk 253,0.305382789159219,0.059368682883086756,0.25222155540993196,0.3347347079197029,0.04829226462805933
Bulk 254,0.4585952857325747,0.13225268322520342,0.13509185264682005,0.2207119921972438,0.05334818619815803
Bulk 255,0.15794117443121572,0.2100140497071728,0.18465717803144008,0.21094724354453834,0.2364403542856331
Bulk 256,0.39142911915042744,0.12882696034949334,0.12913612307195335,0.14023058842924577,0.21037720899888016
Bulk 257,0.13203912190946565,0.34854197096629314,0.0,0.16606013301630224,0.3533587741079391
Bulk 258,0.23992816930720232,0.1654115363353826,0.026634329518292057,0.21851809230842123,0.3495078725307018
Bulk 259,0.6796914398013786,0.12284162854864794,0.0,0.0,0.19746693164997353
Bulk 260,0.1336390210641733,0.20096617792612712,0.06261692408845808,0.3375658836957397,0.2652119932255018
Bulk 261,0.12131258329626955,0.2270915231445303,0.10493728742906112,0.246115991558724,0.3005426145714152
Bulk 262,0.044122277051557024,0.22515461471968595,0.10691386096381254,0.29920954577567554,0.3245997014892689
Bulk 263,0.2366483230889499,0.1643966013961276,0.21231776091739132,0.21316156756295512,0.17347574703457597
Bulk 264,0.032434342821652605,0.19659450773380446,0.12006737455946243,0.39722872957273214,0.25367504531234825
Bulk 265,0.203498867262871,0.10229005367736847,0.10062254167540148,0.35878021203136756,0.23480832535299145
Bulk 266,0.5285935115615963,0.13111504356416342,0.0545007115765197,0.16942111496882734,0.1163696183288934
Bulk 267,0.22309589972013227,0.1785874676976892,0.0,0.24182054540770692,0.35649608717447157
Bulk 268,0.27986292868243234,0.1047044900541215,0.20228850797122838,0.2588954001909337,0.1542486731012842
Bulk 269,0.6009701584405771,0.07187262277538134,0.0,0.14225830577600815,0.18489891300803343
Bulk 270,0.4575178609211805,0.08199893143176043,0.015271023732038364,0.17335758308612598,0.27185460082889473
Bulk 271,0.0,0.23120600311287315,0.061984170545344386,0.36740991079125956,0.33939991555052296
Bulk 272,0.4397037199861008,0.14647079649817374,0.0,0.2060652859752569,0.20776019754046843
Bulk 273,0.3660534536452913,0.1999061071238474,0.05115197252699763,0.16610596125516566,0.21678250544869793
Bulk 274,0.3263885874157493,0.22269389494815445,0.0,0.20183830152929866,0.24907921610679745
Bulk 275,0.15544497074581082,0.13398299029972147,0.15356380131091513,0.4100169593060885,0.14699127833746417
Bulk 276,0.45509422939546607,0.07871107534434393,0.0,0.29261380731786646,0.17358088794232343
Bulk 277,0.8118960855994268,0.058917798704451,0.0,0.0,0.1291861156961223
Bulk 278,0.3074168845258185,0.021040277704770734,0.20660180193291972,0.45328195926591863,0.011659076570572469
Bulk 279,0.4016268509978533,0.013068837464864163,0.3713824613655444,0.21392185017173804,0.0
Bulk 280,0.690321234800518,0.03539630424748933,0.0,0.0,0.2742824609519928
Bulk 281,0.763761467641917,0.020058275648299147,0.0,0.0,0.21618025670978386
Bulk 282,0.5104846342621183,0.1134192035553899,0.0,0.1981521519153857,0.1779440102671063
Bulk 283,0.3884244810136235,0.17758171538875836,0.12998130743457648,0.15615566716196366,0.147856829001078
Bulk 284,0.5606413032373443,0.12203088647766401,0.24683536595429165,0.06083105554042163,0.009661388790278351
Bulk 285,0.09874290556580013,0.2976402257759773,0.0466813665747506,0.19767140686480586,0.35926409521866615
Bulk 286,0.11026650305205508,0.22210436326946809,0.11164069839656143,0.329187272625491,0.22680116265642442
Bulk 287,0.07382260895129746,0.22735885275808224,0.07321938944369458,0.38840501582067644,0.23719413302624934
Bulk 288,0.3087673766561227,0.18596611971475127,0.16552540190466852,0.21336319050105854,0.126377911223399
Bulk 289,0.488433321080119,0.05592659864337688,0.2795486475018698,0.04871393945219725,0.12737749332243709
Bulk 290,0.36696660486509314,0.2509704634843456,0.0,0.049384296026229756,0.3326786356243315
Bulk 291,0.8293317334413474,0.0,0.0,0.0,0.1706682665586526
Bulk 292,0.4927847867465155,0.09202653872993771,0.0,0.25716619953238534,0.15802247499116165
Bulk 293,0.25702887602153734,0.20198879498494676,0.06202732435324118,0.25159730410978376,0.2273577005304912
Bulk 294,0.2628482272073524,0.2741002534319617,0.0,0.10083278406389085,0.36221873529679505
Bulk 295,0.4680635837761125,0.2099219035653738,0.0,0.03219818095376976,0.28981633170474397
Bulk 296,0.6087028989468543,0.12900560479771747,0.0,0.027444193343634522,0.23484730291179376
Bulk 297,0.7285192734230829,0.0,0.0872794212390209,0.0,0.18420130533789622
Bulk 298,0.02848757840269901,0.2866060098803347,0.15765126498953486,0.25792038103052833,0.2693347656969031
Bulk 299,0.34288238826887457,0.1507250005784871,0.1446250556465633,0.1616184148199843,0.200149140686091
Bulk 300,0.1975365585055486,0.11776748185616145,0.09514726807273259,0.36527027665721484,0.2242784149083427
Bulk 301,0.16236976763503794,0.2584198545444333,0.0,0.3179354217218849,0.2612749560986439
Bulk 302,0.3063846179025662,0.12296597599358498,0.0,0.3762409772814747,0.19440842882237408
Bulk 303,0.08494391411773874,0.17865003144315222,0.101335928497022,0.4059981852746201,0.22907194066746697
Bulk 304,0.16223571191089226,0.22117000846400295,0.09609784468305634,0.34148428359051997,0.1790121513515286
Bulk 305,0.49716026051959944,0.04614474157430974,0.16254145968862205,0.22307559408045943,0.07107794413700935
Bulk 306,0.2597223362756768,0.15751543207072338,0.2375427809536715,0.21311887126229595,0.13210057943763232
Bulk 307,0.48363271146171094,0.12613096104815688,0.0,0.03599249980091856,0.35424382768921375
Bulk 308,0.6428654337476173,0.026671777968338774,0.02280254913557695,0.09438156153045758,0.2132786776180094
Bulk 309,0.24289050713795743,0.23954827962436165,0.04542794371092038,0.2164692265858553,0.2556640429409052
Bulk 310,0.13722320445441816,0.2893133040793037,0.11375053129114329,0.23426248246887849,0.22545047770625617
Bulk 311,0.12264962581789612,0.18188462915087036,0.20513073761194853,0.33535686228173606,0.15497814513754893
Bulk 312,0.5241981016029369,0.23982312214219484,0.03638720498613641,0.0,0.1995915712687318
Bulk 313,0.43579330409392536,0.13743527333136896,0.0,0.0656841966215102,0.3610872259531955
Bulk 314,0.5676308692431533,0.10779352954832447,0.10044713694274751,0.04580540525377269,0.17832305901200196
Bulk 315,0.30158657903882413,0.26402578289083506,0.0,0.12675182738004367,0.30763581069029716
Bulk 316,0.15094659606923003,0.18391394920725343,0.1521705030344352,0.3764479204208785,0.13652103126820292
Bulk 317,0.4771033794093326,0.15575434641827957,0.12170943679163575,0.021286981898555088,0.224145855482197
Bulk 318,0.2297333521493629,0.26092499003206904,0.1498726090919742,0.14645007924623926,0.21301896948035465
Bulk 319,0.19372103800026763,0.26751944606297784,0.04768207648624911,0.24562944432499456,0.2454479951255108
Bulk 320,0.5983637386593869,0.17674891644584878,0.0,0.03742860016636687,0.18745874472839735
Bulk 321,0.07047512394153206,0.2343888949718454,0.1877199246821704,0.23874058135110657,0.26867547505334555
Bulk 322,0.18422046827131955,0.2048505357322568,0.07283769316684295,0.3350282089890526,0.20306309384052804
Bulk 323,0.48297475174875376,0.09406709856651607,0.0,0.3027935788151845,0.12016457086954571
Bulk 324,0.7841776658126579,0.0,0.0,0.09644803450179859,0.11937429968554343
Bulk 325,0.5021811028309037,0.07533463738830623,0.20566981188755637,0.10994035861593844,0.10687408927729529
Bulk 326,0.017120656882078433,0.24691685465231844,0.4266565879755037,0.07685414460031376,0.23245175588978564
Bulk 327,0.4749022316709794,0.14009386264151796,0.052559859345685314,0.0,0.33244404634181735
Bulk 328,0.2369420505876711,0.2405370755218448,0.027876303511515547,0.18575977699579485,0.30888479338317376
Bulk 329,0.43747327148461945,0.16600756578683049,0.010718244641710699,0.05669412685594135,0.329106791230898
Bulk 330,0.45583747799461716,0.17716707274230034,0.0,0.06176855083215917,0.3052268984309234
Bulk 331,0.51745161494686,0.1656430144480655,0.0,0.031538603783131024,0.28536676682194345
Bulk 332,0.3907692595971679,0.25155306839031044,0.025077113956801626,0.0,0.3326005580557202
Bulk 333,0.6891325384447902,0.06446972765165897,0.0,0.0,0.24639773390355094
Bulk 334,0.0,0.16634120856896847,0.03925413045894094,0.48542150512934595,0.3089831558427446
Bulk 335,0.40518801016456557,0.08221235763110801,0.23268099280102347,0.2737541490295008,0.006164490373802102
Bulk 336,0.40383694512242,0.20314703205588644,0.0,0.0,0.3930160228216935
Bulk 337,0.2825158893105016,0.1333165308024117,0.0521922700988476,0.29240400228041963,0.23957130750781946
Bulk 338,0.15974584736052141,0.21956226512469443,0.04752356943431183,0.31617649944485526,0.25699181863561704
Bulk 339,0.9893247233645329,0.0,0.0,0.010675276635467029,0.0
Bulk 340,0.04471926163713535,0.17580367219227847,0.10628459335310238,0.35472068518536126,0.31847178763212247
Bulk 341,0.27953232033355424,0.13498432898187987,0.22223614518219,0.1993187316571015,0.1639284738452743
Bulk 342,0.04494433817840501,0.07181315154188972,0.09931181474462125,0.5489350388264471,0.23499565670863687
Bulk 343,0.045061674993434817,0.12646601140171887,0.19551789441230452,0.37222917292114893,0.26072524627139293
Bulk 344,0.5992416176144589,0.03117230266037353,0.0,0.06921710208438593,0.30036897764078163
Bulk 345,0.5482833936318144,0.15704816617115724,0.0,0.09200324610301666,0.2026651940940116
Bulk 346,0.29013669070695797,0.13766837580882543,0.17780687254791636,0.21004899032320218,0.18433907061309804
Bulk 347,0.40179082646147973,0.19178980543301044,0.0,0.13567845007974574,0.2707409180257642
Bulk 348,0.5173379184127415,0.09940304808571222,0.0,0.13833544444997986,0.24492358905156655
Bulk 349,0.4188955388269482,0.23100176466123318,0.0,0.13318523277910804,0.2169174637327105
Bulk 350,0.29383647451120803,0.2526171028805535,0.0,0.1511698594305752,0.30237656317766315
Bulk 351,0.5431708460024091,0.026026796039895824,0.24376079859336733,0.1870415593643278,0.0
Bulk 352,0.2300614021482387,0.0,0.24393664314563068,0.5260019547061306,0.0
Bulk 353,0.4522421254339483,0.12105367612703256,0.0,0.18362789953888017,0.24307629890013882
Bulk 354,0.5215797677583405,0.1139546717577555,0.17688331427273055,0.0,0.1875822462111735
Bulk 355,0.19753629341538217,0.22781245853436344,0.0322790556299797,0.21889035814372404,0.32348183427655075
Bulk 356,0.4403485053942529,0.1496300838511352,0.04029720890692134,0.14861579560753596,0.22110840624015468
Bulk 357,0.43742592352161835,0.12600146440672919,0.11032613605446279,0.13491720154864803,0.19132927446854162
Bulk 358,0.586395899207205,0.07306090101973729,0.0,0.054064696639308865,0.2864785031337489
Bulk 359,0.11276578235965273,0.21297368756177368,0.0860986005835954,0.35493204135908263,0.2332298881358954
Bulk 360,0.2662996738163436,0.20586902274964058,0.0,0.12609726633819282,0.40173403709582306
Bulk 361,0.40551056190128865,0.12226469849564361,0.09120199599790184,0.27604713398397795,0.10497560962118785
Bulk 362,0.17128788954127072,0.24720132299284628,0.004273275308936719,0.26946094920657254,0.30777656295037376
Bulk 363,0.18911251336837137,0.24606835586969325,0.05920842399496971,0.24436408572558233,0.2612466210413834
Bulk 364,0.18458580206070263,0.20216399796781234,0.06528272018967043,0.28274798061242884,0.26521949916938575
Bulk 365,0.1521689950222531,0.19797037705118944,0.09350614191369169,0.30108500975099517,0.2552694762618707
Bulk 366,0.31703147216596733,0.09063479215546202,0.07013755804167947,0.27466767198872266,0.24752850564816856
Bulk 367,0.8482772482692457,0.0,0.0,0.0,0.1517227517307544
Bulk 368,0.500530110750077,0.0,0.15872085224368368,0.05227939088161706,0.2884696461246223
Bulk 369,0.1718388863049984,0.12030262334609773,0.2447113774858635,0.32538460391911384,0.13776250894392653
Bulk 370,0.3004478606457496,0.2106375862597401,0.0,0.30725055309413435,0.18166400000037594
Bulk 371,0.6118135853859868,0.19350103836595803,0.0,0.0,0.19468537624805504
Bulk 372,0.2766342994859762,0.2318134133947886,0.013911475842294619,0.17879562106909677,0.29884519020784384
Bulk 373,0.2158258420029885,0.14227375610768672,0.09617907997049883,0.36455680579001987,0.18116451612880605
Bulk 374,0.5345425243140077,0.11644278443986773,0.0,0.16501855482746136,0.18399613641866322
Bulk 375,0.06995762710206686,0.2843729166892248,0.027620579033742994,0.29183819067498673,0.32621068649997864
Bulk 376,0.336278264380378,0.13491670747080764,0.18895308390525067,0.11123566611223999,0.22861627813132368
Bulk 377,0.26257537615777904,0.25280085574043554,0.0,0.19366040968190049,0.2909633584198848
Bulk 378,0.10791599806364725,0.2198013724765853,0.11417590956679347,0.18238569860919762,0.3757210212837763
Bulk 379,0.142580636163359,0.19068893221313207,0.184140165043795,0.2805473687337681,0.20204289784594567
Bulk 380,0.8297200399233995,0.04302009160563547,0.0,0.019609526755774417,0.10765034171519071
Bulk 381,0.43291753789254117,0.13535783621580288,0.1321153365961106,0.13091733465464767,0.16869195464089773
Bulk 382,0.5377802734090678,0.1048293913221152,0.12337856674348192,0.038967150538880696,0.19504461798645462
Bulk 383,0.3454450609456279,0.10054236959777722,0.08733363703722208,0.2468654221222119,0.21981351029716084
Bulk 384,0.02483132681164983,0.24334385027000877,0.13302634158112248,0.26029219692078326,0.3385062844164356
Bulk 385,0.08473982203771721,0.1869387661857573,0.002024111603511577,0.3506843591833335,0.37561294098968045
Bulk 386,0.30500475706608404,0.16649111351642765,0.11951474205806073,0.04892539251383754,0.36006399484559
Bulk 387,0.4568054578445311,0.14148636818039914,0.0,0.18750850247763914,0.21419967149743052
Bulk 388,0.18240099162792942,0.2951682906864542,0.10591833344352473,0.02753097404547149,0.3889814101966202
Bulk 389,0.30567087670114673,0.1977632750217051,0.0,0.1722503612152918,0.32431548706185637
Bulk 390,0.43023685961537983,0.2590062535827474,0.0,0.003182261608542551,0.30757462519333023
Bulk 391,0.32134133630052125,0.2524526403377928,0.0,0.12776615171624472,0.2984398716454411
Bulk 392,0.441610066863222,0.02020138896082954,0.19588314684399655,0.32844387036344636,0.01386152696850575
Bulk 393,0.13350999735354205,0.15281631193305606,0.22381477760618412,0.290386118985149,0.19947279412206873
Bulk 394,0.3826894096240333,0.07054578255329509,0.07774141591368067,0.3387971226087733,0.13022626930021758
Bulk 395,0.15974198572705864,0.25309807467929146,0.008044688923079845,0.1273681857184836,0.45174706495208644
Bulk 396,0.2566990507869314,0.25663386018308737,0.032532148749174206,0.16224150224991168,0.29189343803089535
Bulk 397,0.35750924585165716,0.1692005546174398,0.032929040955598024,0.15615262909124625,0.28420852948405867
Bulk 398,0.2949537167190552,0.08248701235027421,0.38793105649597254,0.1867625863412665,0.04786562809343149
Bulk 399,0.37626702843420573,0.15577259191381848,0.1959643618894389,0.12703107544508938,0.14496494231744753
Bulk 400,0.6774961463972587,0.02961537265654853,0.0,0.01536488452364032,0.2775235964225524
Bulk 401,0.5391170389937202,0.0,0.0,0.33579757249454906,0.12508538851173065
Bulk 402,0.1763393608258917,0.33005818586910923,0.0,0.0,0.4936024533049991
Bulk 403,0.45040197375975377,0.14683563282945583,0.0,0.021685938548426285,0.3810764548623642
Bulk 404,0.4944167336523304,0.11375536111082588,0.0,0.20034952542262816,0.19147837981421542
