,Ast,End,Mic,Neu,Oli
Bulk 0,0.2159564977821225,0.16930132151820793,0.1748833183064606,0.17892433098880875,0.26093453140440026
Bulk 1,0.4480269352413866,0.10021601755940475,0.0,0.3198069584246457,0.131950088774563
Bulk 2,0.3394889936003202,0.21707285705687523,0.05453651012587169,0.1907738842037959,0.19812775501313692
Bulk 3,0.0,0.19551563875560588,0.17553207112784547,0.37257918512439475,0.2563731049921539
Bulk 4,0.3893831143294164,0.14552827598062074,0.007942261534898085,0.23620903122060116,0.22093731693446356
Bulk 5,0.1388911625428898,0.17266844502098957,0.06779108409006554,0.3887311320097563,0.23191817633629877
Bulk 6,0.3706093194467597,0.14867496655792184,0.07263469547160838,0.3268668963971078,0.08121412212660226
Bulk 7,0.46953903149151166,0.10410968483501357,0.04839622498950368,0.1607203691529011,0.21723468953106986
Bulk 8,0.3804606611145818,0.2041442089678299,0.02188547315770972,0.25992218905173137,0.13358746770814703
Bulk 9,0.428840989224348,0.11186235748819323,0.0,0.054588245395889995,0.4047084078915687
Bulk 10,0.10060560975706342,0.1768498857558097,0.03037869114045295,0.444895190518816,0.2472706228278579
Bulk 11,0.44991752037954563,0.0731059276527334,0.0,0.2851717817726496,0.19180477019507133
Bulk 12,0.4881725022180237,0.012547200396450684,0.0,0.27661023566225923,0.2226700617232663
Bulk 13,0.017995753650185218,0.26639496942895935,0.05336876311339024,0.39873360476654757,0.2635069090409175
Bulk 14,0.4084157588209244,0.12294842798086678,0.14835892174580337,0.15887724273352377,0.16139964871888177
Bulk 15,0.5390324284575158,0.0897412118263141,0.0,0.19920403824399693,0.17202232147217314
Bulk 16,0.5147320055599942,0.0404309526366966,0.04619719014942744,0.13566214052444406,0.2629777111294378
Bulk 17,0.5983785723172973,0.03533546924824757,0.17303180695036255,0.0,0.19325415148409256
Bulk 18,0.2913514265808713,0.17937171713461586,0.05569949111496882,0.17300094045023987,0.3005764247193042
Bulk 19,0.0,0.22735402424781212,0.14573436407475718,0.3375575755728452,0.2893540361045855
Bulk 20,0.0,0.19482263531855018,0.05735305595361465,0.4788303290262757,0.2689939797015595
Bulk 21,0.41557371616180616,0.01764418600113276,0.0,0.5051788171623368,0.061603280674724245
Bulk 22,0.0,0.2036515875176076,0.09919668989044574,0.4540243091799582,0.24312741341198849
Bulk 23,0.1575623065702265,0.07476767360255572,0.15709062147490202,0.38290006906003,0.22767932929228568
Bulk 24,0.0735441855276712,0.1838852160651954,0.22046674520583048,0.3288017624020935,0.1933020907992093
Bulk 25,0.2183292171172068,0.1844343974384938,0.0,0.41448163903410684,0.18275474641019263
Bulk 26,0.26218437791348315,0.08087884335446742,0.025349991568117194,0.34239417197173616,0.2891926151921962
Bulk 27,0.5226784729380625,0.014636619734621659,0.0,0.208188140411622,0.25449676691569373
Bulk 28,0.14619579440779742,0.10752386830570274,0.25274042003688224,0.3962554640357872,0.09728445321383047
Bulk 29,0.38577076830941914,0.14779824326599755,0.0015491329925022043,0.17496749183429874,0.2899143635977824
Bulk 30,0.35990903352147857,0.11321762771615736,0.05866044145926868,0.3109800008888299,0.15723289641426566
Bulk 31,0.3268713933031399,0.23005843080869592,0.026514397568876306,0.19070888647371162,0.22584689184557608
Bulk 32,0.082211821464674,0.190469282755293,0.1379575593435482,0.3372952552691413,0.25206608116734347
Bulk 33,0.04298404472852755,0.2391410025896297,0.13447137606485876,0.33939260143249544,0.24401097518448855
Bulk 34,0.3601295591879926,0.0,0.0,0.5082514306267691,0.13161901018523814
Bulk 35,0.34513961310992597,0.1802397975125244,0.11932730473706638,0.1356970950275231,0.21959618961296024
Bulk 36,0.29638128870054403,0.15605621614453935,0.18250857938117487,0.14906642670709244,0.21598748906664939
Bulk 37,0.21629835071816186,0.17914599338872583,0.17442203628447406,0.2801612049118346,0.1499724146968037
Bulk 38,0.46231086074429784,0.19237142119532952,0.0,0.08466402141914199,0.2606536966412306
Bulk 39,0.04682287456600058,0.2669803863757944,0.04499752791622397,0.32954211664072897,0.31165709450125206
Bulk 40,0.26520293409359735,0.10479675568435456,0.17748338455646528,0.33438654624304875,0.11813037942253413
Bulk 41,0.6373022699507372,0.009209924144530748,0.04796872430405093,0.24493662417809853,0.06058245742258252
Bulk 42,0.289588445526877,0.08908853992315104,0.12489158776698604,0.26091471065106747,0.23551671613191852
Bulk 43,0.14024355900813976,0.2318378015945446,0.0,0.31852380503410715,0.3093948343632086
Bulk 44,0.21437225149141176,0.12611779729797273,0.1328630908858579,0.2534018873001205,0.27324497302463724
Bulk 45,0.6969649252637974,0.0739467290592397,0.0,0.08048961095762584,0.14859873471933713
Bulk 46,0.5200004254012631,0.131243957873257,0.0,0.1689109176514602,0.1798446990740198
Bulk 47,0.32662948600663666,0.12176214980403535,0.0,0.21048782205540567,0.3411205421339223
Bulk 48,0.568017395072409,0.007684547414078959,0.008603048794473087,0.27350077779437276,0.14219423092466618
Bulk 49,0.011941793050271458,0.23176360184807088,0.045385782779010356,0.4383106709176654,0.27259815140498195
Bulk 50,0.5116099852503618,0.016042961336312174,0.0,0.2651937181116885,0.20715333530163743
Bulk 51,0.2554305572930982,0.16583127862277383,0.10659975939602859,0.2590046508202622,0.2131337538678372
Bulk 52,0.3382280378644655,0.06468154198161752,0.08591904967211698,0.41440117756042255,0.09677019292137742
Bulk 53,0.1643348331110056,0.18490413339874442,0.11536639983628291,0.33956540211518854,0.1958292315387784
Bulk 54,0.41896875299960834,0.08987771238654317,0.06726688220461452,0.18401482408257067,0.23987182832666326
Bulk 55,0.659923441018779,0.0,0.01154631976651155,0.22431943583420647,0.10421080338050306
Bulk 56,0.33600711442430553,0.18469703163739887,0.11770217845588657,0.20518628310055023,0.15640739238185872
Bulk 57,0.417755634705277,0.20645834294039658,0.06047112518111299,0.159446615922029,0.15586828125118454
Bulk 58,0.45337781840949637,0.12062402632709046,0.10786680749509224,0.1213110264847115,0.19682032128360952
Bulk 59,0.36630464607029917,0.09945560075789481,0.019151782737173516,0.4497387892748958,0.06534918115973679
Bulk 60,0.041379993155811666,0.2468813764404744,0.04531203178335823,0.40078873215165584,0.2656378664686999
Bulk 61,0.48220977368076845,0.0,0.0,0.47339160120543217,0.04439862511379939
Bulk 62,0.2657578580772321,0.22017586161761915,0.08537033727607152,0.1746539225456556,0.25404202048342156
Bulk 63,0.36299942650009115,0.06903322526718472,0.2600844102060127,0.16963249264376024,0.13825044538295123
Bulk 64,0.053700623638515424,0.14976466307204414,0.1970411248294298,0.4089817516572132,0.1905118368027976
Bulk 65,0.5301178309798718,0.039011622733083555,0.0,0.21069998933675024,0.22017055695029455
Bulk 66,0.30946684153617565,0.08743879397461275,0.0,0.30525277859687544,0.2978415858923361
Bulk 67,0.5528624377712772,0.0,0.0,0.1485046476344259,0.298632914594297
Bulk 68,0.29527375375832443,0.20171653327677788,0.03894261331021035,0.16681342814660038,0.2972536715080869
Bulk 69,0.14623436322016228,0.20197830464939642,0.0,0.3725637829670386,0.2792235491634027
Bulk 70,0.15027061527458183,0.07821968257820981,0.2020082766019155,0.4180798421188515,0.1514215834264413
Bulk 71,0.2530207406678627,0.14885014055813886,0.10080668469725278,0.26913256376720573,0.22818987030953977
Bulk 72,0.06769082312244824,0.2661444414914271,0.10170515538789567,0.44263300280928064,0.12182657718894822
Bulk 73,0.3836070056924028,0.13018183012782933,0.0,0.2799850812741453,0.20622608290562264
Bulk 74,0.09933164489426534,0.1913617024466277,0.2483875961663847,0.3414595344176987,0.11945952207502353
Bulk 75,0.6331034718507932,0.0908573267268707,0.0,0.04364689299388421,0.23239230842845193
Bulk 76,0.05357483752307517,0.15670071115729467,0.0807145194009803,0.4336152213080051,0.27539471061064474
Bulk 77,0.5964384685836809,0.0872766796991524,0.0,0.10906726535097552,0.20721758636619128
Bulk 78,0.4307399931976718,0.03189218484536826,0.02530142687779052,0.28378362268446883,0.2282827723947006
Bulk 79,0.6128133730056711,0.07754522134038319,0.0,0.10173419384581066,0.2079072118081351
Bulk 80,0.3738109638893198,0.21867763248258007,0.0,0.10925870559754752,0.2982526980305526
Bulk 81,0.3846431608065841,0.06344118714457526,0.02954179000196741,0.25817209392003093,0.2642017681268423
Bulk 82,0.8080308337617935,0.030926934516193442,0.0,0.0,0.16104223172201307
Bulk 83,0.4320730658137365,0.05385816892254528,0.0,0.29344889175834904,0.22061987350536924
Bulk 84,0.23429866636257357,0.18235881029496545,0.08325092680105566,0.3228320042727428,0.17725959226866267
Bulk 85,0.05810022799299619,0.24042887914296723,0.054154985854040084,0.4244050548289401,0.22291085218105647
Bulk 86,0.1679336980249932,0.2127894040179353,0.034628638221769245,0.28050874011921095,0.30413951961609126
Bulk 87,0.4265604573955235,0.14970684382670876,0.11038025315657891,0.1302575356817812,0.18309490993940758
Bulk 88,0.11805396407277546,0.23037656153394864,0.09970086578587638,0.3578723234102031,0.19399628519719633
Bulk 89,0.22894313400660427,0.18951825776072104,0.0,0.2895436597124916,0.2919949485201831
Bulk 90,0.269138427239436,0.058763597033854635,0.10081699240973273,0.4218800796570378,0.149400903659939
Bulk 91,0.35917922368457456,0.16904794558851866,0.0,0.19027557547810012,0.2814972552488066
Bulk 92,0.2193834038924916,0.24943360843783133,0.019429738919690687,0.2940346655749983,0.2177185831749881
Bulk 93,0.011174909325353092,0.157447527244356,0.23604757443264207,0.37407945369950496,0.22125053529814392
Bulk 94,0.06385293426414293,0.14569447640466932,0.05077483038166914,0.43866358876565986,0.3010141701838587
Bulk 95,0.048850546168415596,0.24659587562501387,0.031344997077523376,0.4174947646155179,0.2557138165135294
Bulk 96,0.621010464532467,0.05787122401822002,0.1610973307204209,0.0,0.1600209807288922
Bulk 97,0.679816973984078,0.03753233538565473,0.0,0.07639451911398332,0.20625617151628392
Bulk 98,0.2964971321991343,0.07077040268025969,0.4021465365707528,0.23058592854985327,0.0
Bulk 99,0.2662637889108268,0.22132785057412618,0.0,0.21814910774698418,0.29425925276806286
Bulk 100,0.047142118984316715,0.3046918084539393,0.023943488161945945,0.2586693624110923,0.36555322198870577
Bulk 101,0.1690181834424094,0.15380355899104792,0.17854784992799533,0.2668628763466805,0.23176753129186686
Bulk 102,0.06494116491271286,0.17548265335139768,0.08126961660727097,0.4703266074000031,0.20797995772861538
Bulk 103,0.1625106133552482,0.034810043028467734,0.08252091803543606,0.45127864744032936,0.2688797781405186
Bulk 104,0.11878522649042747,0.1483527605764174,0.09088439838078041,0.41957791640510106,0.22239969814727376
Bulk 105,0.23881347982426956,0.14638847812988348,0.18325502416503162,0.22469668570154833,0.206846332179267
Bulk 106,0.3087666347802836,0.20037880275680056,0.004278478142484863,0.18602734828070744,0.30054873603972354
Bulk 107,0.38840411077557757,0.07053693946466087,0.03241820269336104,0.3471652933309809,0.1614754537354195
Bulk 108,0.18422712482469938,0.1601431316387052,0.05475381611356826,0.2495699832207811,0.3513059442022461
Bulk 109,0.3358569377661624,0.12644986774591485,0.0,0.28199319861773325,0.25569999587018954
Bulk 110,0.6112439797309731,0.00042408339624719945,0.2101140919355984,0.1782178449371813,0.0
Bulk 111,0.8192111480596841,0.06793853850576033,0.0,0.004226291990668727,0.1086240214438868
Bulk 112,0.4527901655468433,0.08894992951139168,0.0,0.18732583047803783,0.2709340744637272
Bulk 113,0.3531216643664102,0.08593984933154698,0.2174440859890523,0.2872277589509599,0.05626664136203069
Bulk 114,0.26806427469467825,0.16582277320820973,0.06521713925625221,0.32880659632201287,0.17208921651884704
Bulk 115,0.31087569004129084,0.12179093414348473,0.2930795971323906,0.17913431300289231,0.09511946567994158
Bulk 116,0.5504007919380043,0.07550595167906679,0.0,0.28535278183170276,0.08874047455122629
Bulk 117,0.11649703634892154,0.13913316724290897,0.006689553913616881,0.39120548045016273,0.34647476204438976
Bulk 118,0.2989937432884845,0.14130729879593024,0.1892811179551457,0.3419468798938111,0.028470960066628564
Bulk 119,0.43188310645479866,0.14190254847337805,0.0,0.3010788196068581,0.12513552546496529
Bulk 120,0.36094515070405975,0.18397376857018052,0.0,0.2630212403016283,0.1920598404241315
Bulk 121,0.2603061746537701,0.14686016442388733,0.0729906038338508,0.33884430613458943,0.18099875095390228
Bulk 122,0.7701549323329286,0.061754835169722175,0.0,0.0,0.16809023249734914
Bulk 123,0.7162280375698862,0.05092995330237316,0.0,0.08530620692392273,0.14753580220381785
Bulk 124,0.17778590020022286,0.21282948932071327,0.12654505413474618,0.22057761726960073,0.26226193907471707
Bulk 125,0.5936733871753644,0.10467909048037555,0.0,0.048616382162755364,0.2530311401815047
Bulk 126,0.09093149014948071,0.17757973550447018,0.10133982770761248,0.34962394832961813,0.28052499830881833
Bulk 127,0.2733335232137522,0.16083615190281444,0.06067802726565409,0.2574154363723344,0.24773686124544492
Bulk 128,0.13801791351481754,0.15909103857039347,0.13528870328231418,0.2546770054068778,0.31292533922559707
Bulk 129,0.2574710935920823,0.1679545737648729,0.057346396212786005,0.28117819040153713,0.23604974602872153
Bulk 130,0.5945145413593197,0.10445167786545703,0.0,0.06234500922112239,0.2386887715541008
Bulk 131,0.09582005788497722,0.2076416120227505,0.11366866600231033,0.29680057977111485,0.2860690843188471
Bulk 132,0.5726531224570852,0.16636647732905574,0.0,0.06559528393015261,0.19538511628370644
Bulk 133,0.8932406361413097,0.0,0.0,0.0,0.10675936385869032
Bulk 134,0.26437025930826424,0.13560378811210824,0.11051049887755235,0.2721906418536922,0.217324811848383
Bulk 135,0.5142334225557867,0.01761429626594161,0.006694806231240736,0.2906614863170144,0.17079598863001652
Bulk 136,0.5985148949166538,0.0,0.16510396622143772,0.2363811388619085,0.0
Bulk 137,0.26513584318910755,0.13403327048629324,0.19955618803031777,0.21789553257554184,0.1833791657187395
Bulk 138,0.21139317819191408,0.18087337703194964,0.13193309893494995,0.15710342104862443,0.31869692479256184
Bulk 139,0.3618821972543252,0.17070215252886367,0.0,0.1992496004990981,0.268166049717713
Bulk 140,0.4403008140435153,0.12643611564700405,0.0,0.20764877938015178,0.2256142909293289
Bulk 141,0.40355898798150525,0.05290361926364891,0.08582543063436156,0.2657130661151512,0.19199889600533304
Bulk 142,0.8337875222876563,0.0,0.06290785809542102,0.0,0.10330461961692275
Bulk 143,0.39066761679504836,0.11715094203981943,0.04105643061857819,0.2360445428861124,0.21508046766044145
Bulk 144,0.25868512612201056,0.1541744304282619,0.009167889867030855,0.3219510169099816,0.25602153667271504
Bulk 145,0.5136086086042623,0.09373685310376817,0.0,0.1706098822942698,0.22204465599769965
Bulk 146,0.09818584712606993,0.1371937993982255,0.1395885915289058,0.3933196220087097,0.23171213993808892
Bulk 147,0.20758442284636566,0.23155120906535803,0.0,0.3116258377304855,0.2492385303577907
Bulk 148,0.2364267586314083,0.1403228533776147,0.10813147883920379,0.32521335988214317,0.18990554926962988
Bulk 149,0.23774615666844637,0.12342541553170662,0.12300460133430624,0.30918627033065677,0.20663755613488397
Bulk 150,0.10176578206003545,0.23804548400130207,0.17852080905927933,0.23820078677533055,0.2434671381040526
Bulk 151,0.40303255188313664,0.10335235831285307,0.0,0.39233720350121437,0.10127788630279602
Bulk 152,0.5681902168357088,0.17217577203477197,0.0,0.0,0.25963401112951917
Bulk 153,0.1641362150134229,0.18991875074265263,0.0077491867396990224,0.3743697271325042,0.26382612037172126
Bulk 154,0.13360938693583813,0.22603834818388832,0.17519541666979355,0.279995589287233,0.18516125892324697
Bulk 155,0.144327037686834,0.14714034752815217,0.15261893363331175,0.3334148028715227,0.22249887828017945
Bulk 156,0.5758873724397282,0.0699390894454808,0.0,0.15208507202780944,0.20208846608698167
Bulk 157,0.2313369734675415,0.13847675907597187,0.15193132040723759,0.28082201756299197,0.19743292948625701
Bulk 158,0.5155925560309118,0.03969164910647804,0.1311063920042614,0.2611062575093077,0.052503145349040985
Bulk 159,0.4562235560667238,0.056875278546707445,0.0,0.34673992151313116,0.14016124387343748
Bulk 160,0.2904461350529584,0.15987595276875638,0.1320537365002833,0.22165134673651127,0.19597282894149046
Bulk 161,0.26676611981833787,0.17710421593119177,0.1455875827134328,0.16688157378174845,0.2436605077552891
Bulk 162,0.510938599615384,0.192751128845285,0.0,0.006378028953646521,0.2899322425856845
Bulk 163,0.43875472638114965,0.13230889420023487,0.12977501982656625,0.19886665098275044,0.10029470860929879
Bulk 164,0.5255225202079538,0.04298635064349802,0.0,0.08252900102505603,0.34896212812349214
Bulk 165,0.28297465565735314,0.1656385775566965,0.036654227094432855,0.20065720677423277,0.31407533291728473
Bulk 166,0.7166695881061466,0.05346038254134334,0.0,0.07982736505214898,0.15004266430036117
Bulk 167,0.33022510265411237,0.16055071241301405,0.1087866404178375,0.2070395076849416,0.19339803683009438
Bulk 168,0.0,0.19235408727567596,0.12350383099113493,0.35543832526804126,0.3287037564651479
Bulk 169,0.4716497078602279,0.17813255709238035,0.0,0.1141294691007415,0.23608826594665022
Bulk 170,0.3116627594037031,0.14403760978738456,0.14697740630375467,0.22315630376191342,0.17416592074324413
Bulk 171,0.16973833203040822,0.2166108497555584,0.08868746355982167,0.25958413941589265,0.26537921523831914
Bulk 172,0.12169757512591049,0.21612492392190427,0.09973093450685658,0.29860448736647727,0.26384207907885143
Bulk 173,0.5675712018488347,0.21092744950872638,0.0,0.0,0.22150134864243895
Bulk 174,0.5600972473351393,0.04286506078349985,0.0,0.28762176468431455,0.10941592719704632
Bulk 175,0.29057313170281407,0.11810993392088183,0.17431560946124472,0.2558381880308409,0.16116313688421843
Bulk 176,0.09625994961495918,0.19290448821055536,0.03560610447294342,0.3782685564197987,0.2969609012817434
Bulk 177,0.4424711781457858,0.0,0.1735293957163978,0.38399942613781646,0.0
Bulk 178,0.4337115194309255,0.10334472886539392,0.0,0.2751552480877476,0.1877885036159331
Bulk 179,0.3929116393267061,0.16705877189743265,0.12402200026783336,0.17403026239921954,0.14197732610880828
Bulk 180,0.18323718875489764,0.20981350433912072,0.05571002416664731,0.24226677560911572,0.3089725071302185
Bulk 181,0.2978811553087842,0.1036744832285756,0.03273586959293922,0.2893800232434344,0.2763284686262666
Bulk 182,0.2943236276788134,0.1331626141210179,0.12101399556959883,0.1640026666576388,0.2874970959729312
Bulk 183,0.7974296135416495,0.00952790950830852,0.0,0.03062818316529808,0.16241429378474373
Bulk 184,0.2700022745590276,0.09285489937635664,0.10362177719554337,0.33993539121186367,0.19358565765720873
Bulk 185,0.22428403468001182,0.16954215264105574,0.13907761744093292,0.22088783295244185,0.24620836228555767
Bulk 186,0.41104268491023166,0.11611952280539928,0.0,0.2300977430927332,0.24274004919163586
Bulk 187,0.5143433718558671,0.039319796213070725,0.0,0.1828575483697982,0.263479283561264
Bulk 188,0.25343504341659345,0.18651231863564466,0.2280837409713339,0.1342516708144993,0.19771722616192874
Bulk 189,0.22281149370047096,0.14101207950888717,0.32596857573868954,0.2345682510971758,0.07563959995477662
Bulk 190,0.27873340985696043,0.1385834770937554,0.11386164501726595,0.19536984700209772,0.27345162102992043
Bulk 191,0.6169566694359057,0.0684400168107899,0.0,0.09933149737001033,0.2152718163832942
Bulk 192,0.32437820813880613,0.20177059970850753,0.06796386013874119,0.14655714924401245,0.25933018276993275
Bulk 193,0.7874789716912809,0.012645231636415894,0.0,0.0,0.199875796672303
Bulk 194,0.62816874154775,0.09046858674690748,0.0,0.0,0.28136267170534235
Bulk 195,0.6700308117184071,0.0759401702859884,0.08561497780339253,0.05545822857113499,0.11295581162107698
Bulk 196,0.7075889231430773,0.0,0.0,0.13676331903693367,0.15564775781998902
Bulk 197,0.39645188344550075,0.12373621522236675,0.0,0.32302309596307166,0.1567888053690609
Bulk 198,0.2626032524188699,0.1339362412129286,0.4343808371547539,0.13828374666578175,0.03079592254766587
Bulk 199,0.47108578252958605,0.06717954428061128,0.0,0.2708756081917419,0.19085906499806068
Bulk 200,0.05472796077001107,0.1967683846762236,0.15319574283867177,0.37994681681547676,0.21536109489961683
Bulk 201,0.15150533276057185,0.19114386380217915,0.15683164073218814,0.36433559214017314,0.1361835705648877
Bulk 202,0.15127314448720278,0.24442293693100214,0.06046419152428792,0.2722311224097166,0.27160860464779046
Bulk 203,0.32312871719498365,0.1598700025834157,0.13988643630225778,0.16959789801494649,0.2075169459043964
Bulk 204,0.4111555522475398,0.2368099257725748,0.10575122195610435,0.0,0.246283300023781
Bulk 205,0.41101877110492213,0.22926413707517657,0.07060242811045715,0.08449654395425449,0.20461811975518965
Bulk 206,0.6365975846079319,0.0891216646829255,0.0,0.14586300762886142,0.12841774308028112
Bulk 207,0.20967089880972814,0.1530227033130901,0.016007899151299625,0.2347969394649456,0.38650155926093654
Bulk 208,0.41463898018452655,0.024776825022705375,0.0,0.3467253556001222,0.21385883919264598
Bulk 209,0.493529941987921,0.10341157708095267,0.07603172689914822,0.06370920556452873,0.26331754846744937
Bulk 210,0.4591691378663655,0.1799418475640629,0.031790773587414,0.0554963223600011,0.2736019186221565
Bulk 211,0.03939875753271508,0.21764459070195338,0.14306608876259275,0.2969163706558294,0.3029741923469094
Bulk 212,0.5295949138872514,0.11593170564108667,0.09020063421860218,0.08019693240838284,0.18407581384467678
Bulk 213,0.4729122695197971,0.18307317721506006,0.0,0.12191797856318436,0.22209657470195857
Bulk 214,0.30664725370206575,0.1515133193516654,0.14722796253468207,0.19826931024053557,0.19634215417105114
Bulk 215,0.29215571400706686,0.15668009289945756,0.0,0.32675751795902247,0.22440667513445312
Bulk 216,0.30335803943619244,0.10329081068680508,0.0,0.4268261369974525,0.16652501287955004
Bulk 217,0.4369805472590786,0.11539903037505203,0.0,0.3346588227176794,0.11296159964819
Bulk 218,0.05272777743716761,0.2299990104498571,0.06861218527746252,0.3540665481741713,0.29459447866134153
Bulk 219,0.5837878349481558,0.06950793217073502,0.04126760577950318,0.1461218890437908,0.15931473805781518
Bulk 220,0.39057567377798497,0.18804125523817902,0.0,0.1606493737898318,0.26073369719400413
Bulk 221,0.13671442936998493,0.35204861017082717,0.04370025828563077,0.17659815825851474,0.29093854391504254
Bulk 222,0.14881296024230806,0.13852029726564483,0.06050226965422332,0.38333184550556454,0.26883262733225916
Bulk 223,0.16530527338389803,0.27361653937112423,0.11082500456264438,0.23579024715427865,0.21446293552805484
Bulk 224,0.43804678171973566,0.16251223714936283,0.07763754321459833,0.23045273346557144,0.09135070445073183
Bulk 225,0.5148625026924555,0.07976291590200368,0.27560420010132086,0.07013718078932739,0.0596332005148927
Bulk 226,0.4906617150808382,0.14241410389976325,0.0,0.324058743436162,0.042865437583236465
Bulk 227,0.352160709455497,0.12056211908049044,0.020805861567673077,0.33507206511310406,0.1713992447832355
Bulk 228,0.6345352821241602,0.024268510743868425,0.0,0.08149342234607283,0.25970278478589864
Bulk 229,0.7350369267492655,0.0,0.08208323920121217,0.13942734513585792,0.04345248891366447
Bulk 230,0.04376198817750821,0.215852888028471,0.11873572218664744,0.4303172891910728,0.19133211241630044
Bulk 231,0.5388801640663273,0.14689043912806787,0.012156539644540405,0.1552721159874849,0.1468007411735794
Bulk 232,0.11418643542320128,0.16366817755685867,0.043616852463251046,0.47175786000835124,0.20677067454833775
Bulk 233,0.12976180905113097,0.1812199421866103,0.11614984842127761,0.3267721291295874,0.24609627121139366
Bulk 234,0.2922628231732807,0.21458815160016534,0.07990507233872093,0.18973594738668645,0.22350800550114674
Bulk 235,0.3469263163373365,0.11393795203794796,0.08621916728962004,0.21552784768035343,0.23738871665474215
Bulk 236,0.0,0.22419393541029523,0.08780109854286017,0.4369841201631414,0.25102084588370316
Bulk 237,0.29577313236087593,0.2027190202534776,0.1404909371151644,0.1826363504274447,0.17838055984303727
Bulk 238,0.18915678737688565,0.15877841549901747,0.1073869640761972,0.2109199826381488,0.33375785040975103
Bulk 239,0.0,0.28506803018836235,0.11382385269354799,0.28023520700148147,0.3208729101166083
Bulk 240,0.4541109127014239,0.1344437741024109,0.03459820189232256,0.2347025948445317,0.14214451645931106
Bulk 241,0.030823050452919953,0.24954313279043608,0.04380017260794147,0.36505472383382,0.31077892031488247
Bulk 242,0.7726616821051551,0.02722062938354379,0.0,0.04286649290026241,0.1572511956110388
Bulk 243,0.2857948647665972,0.2171582953646187,0.16198881549321054,0.07496009196584773,0.26009793240972595
Bulk 244,0.6292719787162983,0.06963380729130283,0.018568680294341198,0.0,0.28252553369805766
Bulk 245,0.7636771659079614,0.10804722621787646,0.0,0.027138469484426015,0.1011371383897362
Bulk 246,0.20371452332228845,0.18460562337033085,0.04764256762808914,0.27737645025447555,0.2866608354248159
Bulk 247,0.1870843147638902,0.24394139526143196,0.05382072604723304,0.28208086704514473,0.23307269688230006
Bulk 248,0.42809168873029013,0.15388477438014936,0.1397506522424114,0.11683603230799429,0.16143685233915475
Bulk 249,0.6214823729921914,0.15139080712744973,0.0,0.08796936990502,0.13915744997533885
Bulk 250,0.5812920404647438,0.10789721629071436,0.068681087930925,0.14941420548147336,0.09271544983214342
Bulk 251,0.1457963902891897,0.24256495458184038,0.08440028049827064,0.2612432388165915,0.2659951358141078
Bulk 252,0.3203289704638477,0.24507221523586392,0.0007732461528117923,0.125710034421457,0.30811553372601963
Bulk 253,0.3581947714966812,0.19344687104255495,0.06390917307884318,0.11842201446776508,0.2660271699141556
Bulk 254,0.4750788787261533,0.19217955148092092,0.0,0.08177381431741829,0.2509677554755077
Bulk 255,0.1666528050957776,0.22080354416137912,0.06645799537148703,0.29647268427159795,0.24961297109975833
Bulk 256,0.17423135246004995,0.17183805677802577,0.06215776833935408,0.3703827014563161,0.2213901209662541
Bulk 257,0.43286361366835796,0.10164927460750693,0.17210731495783663,0.2933797967662985,0.0
Bulk 258,0.20441161218893908,0.25178209494011217,0.055814724594107676,0.12939100388915276,0.35860056438768834
Bulk 259,0.261990751716088,0.10230687294185832,0.08178534358298135,0.30966498446871266,0.24425204729035974
Bulk 260,0.09029362417530261,0.16593421321344623,0.12007960654693103,0.4553662442629584,0.16832631180136168
Bulk 261,0.22258164672857,0.23596283301622992,0.008388459629230911,0.19124850744459584,0.3418185531813734
Bulk 262,0.28163860686029246,0.19980497740640019,0.09609719250650503,0.14993946982238904,0.2725197534044132
Bulk 263,0.23356647191343025,0.15441326778952563,0.13918803452573672,0.32031179891636025,0.15252042685494713
Bulk 264,0.24127621766653207,0.09130448364860318,0.19312326746280825,0.4073586758324176,0.06693735538963894
Bulk 265,0.1707395456887931,0.22519628131297592,0.0,0.326410563079163,0.2776536099190679
Bulk 266,0.6046340111087983,0.024479252185554384,0.0,0.13927581002739267,0.23161092667825486
Bulk 267,0.1776805501505179,0.30137435247640304,0.0,0.12037070633163183,0.4005743910414472
Bulk 268,0.39513937722354053,0.1596115390623473,0.0,0.2714836475473073,0.17376543616680487
Bulk 269,0.6112227688836673,0.04126575028208299,0.04386238140778323,0.11403996794242839,0.1896091314840381
Bulk 270,0.5128205928199807,0.16838420445125604,0.0,0.03782384336487726,0.280971359363886
Bulk 271,0.26640681544525757,0.11812950813158692,0.08641265161382469,0.3839292904157216,0.1451217343936092
Bulk 272,0.1775401234709079,0.2543835071576644,0.08945628186513009,0.20074425570314725,0.27787583180315034
Bulk 273,0.5537478384112259,0.1905100792136867,0.0,0.04652392469536028,0.20921815767972707
Bulk 274,0.25030448337235917,0.21649254208866106,0.04864946501766174,0.2612906130319191,0.22326289648939904
Bulk 275,0.04011448350657953,0.15125290350440665,0.09722208842689216,0.46511255987535866,0.24629796468676302
Bulk 276,0.23994935653920543,0.14965336174544533,0.1521169470418234,0.2558997073299704,0.20238062734355544
Bulk 277,0.7013863160641134,0.07807730106607091,0.0,0.0,0.22053638286981572
Bulk 278,0.1815199283336051,0.24869644172937272,0.021374193815058198,0.3043133321040258,0.24409610401793816
Bulk 279,0.3823461194503345,0.09428549302056147,0.1841256399952337,0.3392427475338704,0.0
Bulk 280,0.3242757010874443,0.1004753841980473,0.307374941398232,0.23750660617620192,0.03036736714007439
Bulk 281,0.799283112896003,0.037594730057915964,0.0,0.0,0.16312215704608113
Bulk 282,0.3962045883315653,0.18120793706041563,0.0844068593072285,0.04923013360192546,0.28895048169886517
Bulk 283,0.37214946804988225,0.06582030431215294,0.1992641531584676,0.24818622477031993,0.11457984970917716
Bulk 284,0.5317300891269503,0.07707485936984121,0.2567394563492279,0.0,0.1344555951539806
Bulk 285,0.20722215390731774,0.209396656585027,0.16550884825267337,0.0,0.4178723412549819
Bulk 286,0.46483632543006104,0.14972748609197914,0.1410110047364274,0.2027548830442066,0.041670300697325906
Bulk 287,0.05922241399298601,0.10779565803332454,0.10777925985327164,0.4405784826393794,0.2846241854810384
Bulk 288,0.5826249565339384,0.1204869678869024,0.0,0.12158644830674337,0.1753016272724158
Bulk 289,0.6892019974546898,0.05547317667374999,0.0,0.01920702504429187,0.23611780082726844
Bulk 290,0.34461939616195053,0.24209782256285559,0.0,0.22419363413211502,0.189089147143079
Bulk 291,0.7209863442759945,0.0768878889760679,0.0,0.0,0.20212576674793767
Bulk 292,0.7873494913347406,0.026377980299011977,0.0,0.0,0.1862725283662474
Bulk 293,0.3727324548725387,0.11673605880713517,0.05748677603520499,0.28497978349500563,0.16806492679011548
Bulk 294,0.4011639970770303,0.27700001751237957,0.0,0.0,0.3218359854105901
Bulk 295,0.5602240466169691,0.15584069437301884,0.0,0.1113324724154833,0.1726027865945287
Bulk 296,0.3607372453147515,0.17090537757009674,0.22524016483511006,0.027145889328361417,0.21597132295168017
Bulk 297,0.6852405717153179,0.08108548167035486,6.498583505018436e-05,0.1900342811041947,0.04357467967508229
Bulk 298,0.14906009241717172,0.16068917915008904,0.0,0.3843068747207548,0.30594385371198446
Bulk 299,0.4290206418161288,0.1821291128268209,0.020968426075849003,0.06525665103536209,0.30262516824583924
Bulk 300,0.017821863177664196,0.18332137961887035,0.0980067822704648,0.4871835376853467,0.21366643724765394
Bulk 301,0.15416524840773974,0.2638595611746598,0.005794621394677707,0.2525807757354187,0.32359979328750393
Bulk 302,0.1462892544083676,0.15732366945123685,0.007288807172868447,0.4615126851625968,0.22758558380493024
Bulk 303,0.3548161081662116,0.12776211957779723,0.0,0.30892509655037154,0.20849667570561956
Bulk 304,0.16443200717670486,0.28976046842015285,0.031193167833911198,0.19059968066016694,0.3240146759090641
Bulk 305,0.44912149480011004,0.2085317188260699,0.06837535085808429,0.0,0.2739714355157356
Bulk 306,0.6812853099087717,0.10892870784140882,0.0,0.0,0.2097859822498196
Bulk 307,0.3422497214340695,0.18756225469812618,0.06295679241379883,0.2700985317933838,0.1371326996606217
Bulk 308,0.5614783136242458,0.11033829375798171,0.0,0.11400259104839487,0.2141808015693776
Bulk 309,0.2901496494738846,0.23301334170141397,0.10286907043905356,0.0,0.3739679383856479
Bulk 310,0.408282747760499,0.21027247250853445,0.0,0.08775335979158481,0.29369141993938164
Bulk 311,0.29497032306848336,0.1511659140115069,0.17602656870666478,0.24267051766456954,0.1351666765487754
Bulk 312,0.32654546787518945,0.2088503249479696,0.0,0.13228331768334872,0.33232088949349226
Bulk 313,0.02571948312846668,0.2556189116519859,0.20205154648579057,0.24330411992347487,0.2733059388102819
Bulk 314,0.6707348560293311,0.08121255725422394,0.0,0.08098768015482545,0.16706490656161938
Bulk 315,0.20460698750012457,0.19019185763173468,0.1843878865727938,0.22341207847367006,0.19740118982167695
Bulk 316,0.39571682769826744,0.17295530037381993,0.0,0.17543839500260458,0.25588947692530806
Bulk 317,0.7598098353376435,0.057456964677533404,0.0,0.0,0.18273319998482307
Bulk 318,0.4122979096972925,0.0972996936940326,0.18619007916334473,0.2446878722398006,0.05952444520552954
Bulk 319,0.0692082858814856,0.3314857828633183,0.010581437202562528,0.2220286048676632,0.36669588918497037
Bulk 320,0.6867610417638407,0.017578056348957326,0.0,0.013856803604684985,0.28180409828251707
Bulk 321,0.3904815958295181,0.21023061646454594,0.0,0.06536443463958237,0.3339233530663537
Bulk 322,0.24467733195045427,0.22170193403585473,0.01723175732415536,0.2995696647120001,0.2168193119775356
Bulk 323,0.3160993686938152,0.26894686746390145,0.08204380132291515,0.09628188421130227,0.23662807830806593
Bulk 324,0.7542974124712682,0.0,0.10308741941940977,0.0,0.14261516810932198
Bulk 325,0.4744814649910626,0.1443493916451113,0.1857855847687016,0.0,0.19538355859512438
Bulk 326,0.0,0.23447740358848676,0.24041540995191557,0.30255028831974956,0.22255689813984808
Bulk 327,0.14231531383237103,0.256461910667797,0.1967059869993428,0.14800359720785058,0.2565131912926387
Bulk 328,0.07218350933400844,0.2519903213446983,0.11298673400634966,0.30013866573939807,0.26270076957554545
Bulk 329,0.8386620044669867,0.04349703731306806,0.0,0.0,0.11784095821994527
Bulk 330,0.2362090589489072,0.20016569152978816,0.022875457865121945,0.27924096871629245,0.2615088229398903
Bulk 331,0.12527493595071953,0.22241273079510543,0.0449753753195096,0.24919835642576216,0.3581386015089033
Bulk 332,0.3942089557969038,0.15635609467071102,0.0,0.12090045024497832,0.32853449928740686
Bulk 333,0.3612137781584342,0.1370247870656139,0.18806991751635357,0.09294704209808241,0.2207444751615158
Bulk 334,0.0,0.22920759567104967,0.0,0.42993619671621097,0.3408562076127394
Bulk 335,0.34117088247360416,0.14448734065399602,0.01797155081539143,0.2437986048454537,0.2525716212115547
Bulk 336,0.4086212573376672,0.16182991117161527,0.0,0.0,0.42954883149071754
Bulk 337,0.03907237552221355,0.17777314987318366,0.0184436703024101,0.44531418965314007,0.3193966146490527
Bulk 338,0.3335945007778646,0.07527292956832314,0.04567170443575752,0.46085154903624137,0.08460931618181332
Bulk 339,0.6051795943794825,0.0953967998738031,0.0,0.09522379181775953,0.2041998139289548
Bulk 340,0.23038765463077857,0.11150477110177964,0.04949556320346697,0.38579056871049594,0.22282144235347884
Bulk 341,0.14185454261526284,0.20250055613867918,0.2844343501470641,0.14161886604148743,0.2295916850575065
Bulk 342,0.08069422589992975,0.01656121473987054,0.22227704249023525,0.527299785617977,0.15316773125198743
Bulk 343,0.2881545484307925,0.18725566098136404,0.0,0.2179981086311127,0.3065916819567306
Bulk 344,0.5933955329782963,0.1331858817241791,0.0,0.0416524567103741,0.23176612858715046
Bulk 345,0.6267402917695228,0.09569023787155426,0.0,0.0,0.277569470358923
Bulk 346,0.4634872627829961,0.06460503313128751,0.13902724567302507,0.1382579193573131,0.19462253905537827
Bulk 347,0.36456004442799816,0.22602512649104872,0.0,0.11483853318781798,0.29457629589313516
Bulk 348,0.3137443277600442,0.22973066561859562,0.05406131383801294,0.12284959675948658,0.27961409602386067
Bulk 349,0.08473477409917829,0.23032259613056577,0.14896900802034582,0.3303335116823266,0.20564011006758362
Bulk 350,0.29054308146452895,0.16238673319897753,0.0,0.1712362760513075,0.37583390928518584
Bulk 351,0.5517456364412731,0.011386391420585097,0.35462830024255354,0.08223967189558827,0.0
Bulk 352,0.18883762567222656,0.17547401095602155,0.07649090089608725,0.36186124648544404,0.1973362159902206
Bulk 353,0.39174913670850053,0.2753425230992969,0.0,0.01733772417621481,0.31557061601598774
Bulk 354,0.47213701510519696,0.20655426590078874,0.09770955999399433,0.0,0.22359915900001995
Bulk 355,0.2675514406955137,0.20444402414311555,0.0,0.2721201821317074,0.25588435302966345
Bulk 356,0.35689044536222825,0.13751148154351514,0.25681912831658077,0.1660768425881838,0.08270210218949199
Bulk 357,0.24024721327312396,0.3096796230306579,0.0,0.15177572726600355,0.29829743643021445
Bulk 358,0.43781363011181934,0.17365495506284961,0.0,0.05990340519122776,0.32862800963410327
Bulk 359,0.12363298929067981,0.27084004096024544,0.05523833896556338,0.19784698776202042,0.35244164302149095
Bulk 360,0.17781813537773342,0.1618432270432986,0.14430352075552833,0.25744476004878275,0.2585903567746569
Bulk 361,0.6820897076666474,0.15173650681967102,0.0,0.0,0.16617378551368148
Bulk 362,0.11635346500725124,0.2750931111658254,0.0,0.30507996077337896,0.30347346305354433
Bulk 363,0.09808001795049304,0.1901167608943,0.20531124837991443,0.30799723655537936,0.19849473621991315
Bulk 364,0.17123929627625245,0.24610832430990542,0.07726852259625201,0.13817864947197075,0.36720520734561934
Bulk 365,0.24176688460586415,0.16659349414784588,0.038403063415508844,0.26578670788028785,0.2874498499504933
Bulk 366,0.13419652407165453,0.1528129160261236,0.24460546486082532,0.23452386388502075,0.2338612311563758
Bulk 367,0.5128849330591461,0.11582337901444859,0.0,0.16392587728026078,0.2073658106461444
Bulk 368,0.06468086911973492,0.3240431237250839,0.06221495058828298,0.24577098673457382,0.3032900698323244
Bulk 369,0.2432356842514775,0.16132606829072155,0.0,0.2423334727476882,0.35310477471011276
Bulk 370,0.4962053414046539,0.1601744266292326,0.0,0.15239442294665112,0.19122580901946243
Bulk 371,0.35862850270398927,0.266880666483103,0.0,0.03750591140546941,0.3369849194074383
Bulk 372,0.2274963022251133,0.22882527126220786,0.08675123876126227,0.173969237807211,0.2829579499442056
Bulk 373,0.1540794320630409,0.1778561739446519,0.0,0.4439776826350331,0.22408671135727418
Bulk 374,0.6092217227235639,0.0,0.24402200086168432,0.06906771381803563,0.07768856259671601
Bulk 375,0.1659239497211226,0.17414046232264466,0.0,0.36583542713311085,0.294100160823122
Bulk 376,0.5348401464313446,0.05769440817356282,0.12601094251189068,0.11453648075398934,0.16691802212921258
Bulk 377,0.10965689440294474,0.2868533524165269,0.0,0.31579350715340904,0.28769624602711946
Bulk 378,0.41916702204907696,0.23964873104894965,0.0,0.017021691229735857,0.32416255567223756
Bulk 379,0.14767938419190368,0.28069007827558584,0.027515245371758455,0.19802839544454337,0.3460868967162086
Bulk 380,0.42284302286716,0.16983386389728392,0.0,0.1403693142799905,0.26695379895556565
Bulk 381,0.664143116383403,0.024609760265511805,0.10341229885536467,0.03404358330563821,0.17379124119008235
Bulk 382,0.3475725148025184,0.22129212810537324,0.0,0.14107850012576756,0.2900568569663409
Bulk 383,0.31267796597377406,0.09034747058972202,0.0896086793783891,0.41415878378101645,0.09320710027709835
Bulk 384,0.17758286857799885,0.22857987839455873,0.06131626109548682,0.2773865887503305,0.2551344031816251
Bulk 385,0.0644127446130518,0.15018101093318462,0.16167449730774444,0.38176808608264096,0.2419636610633783
Bulk 386,0.2810735478307475,0.19966616962132064,0.13426188070457537,0.16158345031591004,0.2234149515274464
Bulk 387,0.3061056387297888,0.0924208147209963,0.20503191916416977,0.26568615875203727,0.13075546863300785
Bulk 388,0.20754902799063057,0.28812762828065797,0.05902488759828754,0.19105621757304794,0.25424223855737593
Bulk 389,0.33412724368416796,0.15476668554146825,0.036394129129987775,0.13693761465904922,0.33777432698532694
Bulk 390,0.4480735318901608,0.12630289837320954,0.0,0.10752866846586448,0.3180949012707652
Bulk 391,0.2970364254701206,0.17623288222021374,0.0,0.1565572054587823,0.37017348685088347
Bulk 392,0.3723098981032942,0.17179072949246818,0.0,0.129015425488838,0.3268839469153996
Bulk 393,0.018020251854952034,0.3570503209011991,0.04951331121738194,0.18262749512951346,0.3927886208969535
Bulk 394,0.5817374760939645,0.0,0.0,0.1971980753970005,0.22106444850903495
Bulk 395,0.6066549024648022,0.26214403838541095,0.03640786377517199,0.0,0.09479319537461489
Bulk 396,0.33193186538366426,0.0730122169892975,0.24674582441298792,0.3350191122260625,0.013290980987987885
Bulk 397,0.4473161141058146,0.1704205631840347,0.08313469746108709,0.11778668490566671,0.1813419403433968
Bulk 398,0.3896673454187874,0.10410570736420054,0.2640951496113796,0.11965898789509063,0.12247280971054168
Bulk 399,0.6092296829512073,0.11446701352367937,0.0666513778200899,0.00610745712081421,0.20354446858420933
Bulk 400,0.6240394616810729,0.09866679248032972,0.12900494440094004,0.02821297920661311,0.12007582223104425
Bulk 401,0.4013460863834774,0.12300340342572837,0.0,0.14764521594435787,0.3280052942464364
