,Ast,End,Mic,Neu,Oli
Bulk 0,0.06938898189397888,0.194420178290803,0.1368316000168932,0.38867336028098537,0.21068587951733947
Bulk 1,0.5520858886348761,0.10802312256371037,0.006333325173254324,0.010631200173855349,0.32292646345430387
Bulk 2,0.24135911986452374,0.053409109287525285,0.12335742786297353,0.43175617582158676,0.15011816716339063
Bulk 3,0.02336812191960835,0.26337141582045237,0.1212170680712331,0.3512939601150212,0.24074943407368496
Bulk 4,0.63435777937492,0.07578167039938684,0.0,0.10883895235884962,0.1810215978668436
Bulk 5,0.08545446971587067,0.24087687475517616,0.0,0.38862155157759215,0.28504710395136107
Bulk 6,0.24783831847963733,0.17253489545524,0.07256216648243963,0.2818714990048142,0.22519312057786903
Bulk 7,0.5877660514345668,0.07519916887943037,0.0,0.11406768109372532,0.22296709859227734
Bulk 8,0.08760808881795254,0.18157337107684643,0.2128630574205431,0.3615913561528703,0.1563641265317877
Bulk 9,0.39466256797428667,0.16913782407756017,0.12271783608062886,0.0,0.31348177186752424
Bulk 10,0.10933773435478907,0.22186428211053738,0.03577394884170866,0.37933421399819095,0.253689820694774
Bulk 11,0.20351762419745845,0.1449002539840732,0.07758019853678953,0.3503821330491262,0.22361979023255257
Bulk 12,0.34449372901433906,0.08916805329116675,0.0,0.38299675014335516,0.18334146755113906
Bulk 13,0.09222796938897601,0.18379317463442252,0.05644434151199759,0.4288417721036175,0.23869274236098634
Bulk 14,0.22426825776386916,0.1672060903609903,0.15528269011608745,0.35654119678480667,0.09670176497424635
Bulk 15,0.48000347541344973,0.18788595342986428,0.0,0.05718564368138194,0.27492492747530395
Bulk 16,0.428040179255917,0.09558518326978782,0.04197277816046156,0.22167460272327505,0.21272725659055866
Bulk 17,0.7166661877770479,0.04175445027235901,0.0,0.0,0.24157936195059312
Bulk 18,0.36120715562499456,0.08157126424019998,0.0,0.3615166924666849,0.19570488766812077
Bulk 19,0.1306396769874484,0.17354002236651075,0.08102143214399146,0.41205344744582334,0.20274542105622606
Bulk 20,0.0,0.2556329131922666,0.09025021364427574,0.41996289763794076,0.23415397552551676
Bulk 21,0.36340439322800183,0.007072697910562538,0.10189274511642364,0.3951224768447186,0.13250768690029346
Bulk 22,0.06043310131257026,0.0,0.13595490927441883,0.642617068446812,0.16099492096619883
Bulk 23,0.1511551358501405,0.20334248514593156,0.030331142775987523,0.3069368355514214,0.3082344006765189
Bulk 24,0.302746962564369,0.16524030099929923,0.004101483971144587,0.3282908727881565,0.19962037967703064
Bulk 25,0.256443887780122,0.09285223993075764,0.0,0.4008192749390967,0.2498845973500236
Bulk 26,0.20042107457485986,0.2044780294463459,0.030808686714459934,0.23207536990457342,0.3322168393597609
Bulk 27,0.4184114650100491,0.12717401927880162,0.11308221709646013,0.0366866760143577,0.30464562260033146
Bulk 28,0.23668664549866653,0.1486791922269579,0.057641920343936594,0.2889152719311266,0.26807696999931246
Bulk 29,0.31607724779908286,0.13243792976814442,0.10997858986985688,0.23712570429607396,0.20438052826684178
Bulk 30,0.41180820510696803,0.0,0.022100825750255976,0.4000636662807778,0.1660273028619982
Bulk 31,0.6151874471861428,0.08665388962972763,0.0,0.0,0.2981586631841296
Bulk 32,0.10520784060713508,0.1256062609586332,0.13423218604690898,0.38740089168170244,0.24755282070562026
Bulk 33,0.0674082528867482,0.17606872041251007,0.15164244106529684,0.4353068530942014,0.1695737325412435
Bulk 34,0.26791259005556356,0.13158922669138692,0.0,0.35527599123387876,0.24522219201917075
Bulk 35,0.6234230038179618,0.06040428447804977,0.0,0.3161727117039885,0.0
Bulk 36,0.5419098611625911,0.0,0.22245497326686536,0.06079113997765549,0.17484402559288795
Bulk 37,0.18060135290083318,0.17948843578733853,0.18579853451669545,0.2905213490941679,0.16359032770096496
Bulk 38,0.27513077433971234,0.21649750493590078,0.033470421056208934,0.27030019171831193,0.20460110794986597
Bulk 39,0.05551740135130423,0.260628073061749,0.01943512255069702,0.350263827565068,0.3141555754711818
Bulk 40,0.4801499715801258,0.0,0.1396849468867181,0.36514484189092616,0.015020239642229975
Bulk 41,0.632135939897087,0.03493047125376419,0.0,0.27193297731975297,0.061000611529395704
Bulk 42,0.26325124762292024,0.15915581304058482,0.09822082222005554,0.12569866005217306,0.3536734570642665
Bulk 43,0.22947490467727769,0.16888901087447308,0.019429479842081616,0.25044844869114924,0.3317581559150182
Bulk 44,0.06685585110734771,0.23415523673294114,0.22624644229578608,0.2864509687920926,0.18629150107183248
Bulk 45,0.4114571276468033,0.140049842188562,0.14283731829327975,0.18145184054586092,0.1242038713254939
Bulk 46,0.489924142156685,0.10711322175585677,0.10292558553250426,0.1707083644857349,0.1293286860692189
Bulk 47,0.38406934331611575,0.14809777766027832,0.0,0.13876529466032236,0.32906758436328365
Bulk 48,0.4477905829343632,0.10582549192210355,0.02569241083514763,0.23112762192824446,0.18956389238014115
Bulk 49,0.19851259025991508,0.014556523390345032,0.20041832414253138,0.5010925508037669,0.08542001140344165
Bulk 50,0.25461123192072843,0.179321312036987,0.07203874230046371,0.22895365042369126,0.2650750633181297
Bulk 51,0.31058774945423834,0.14434757097859596,0.0,0.2808285790752173,0.26423610049194834
Bulk 52,0.40075559283191275,0.0,0.09877917782428726,0.36698511731517036,0.13348011202862972
Bulk 53,0.2932944790814628,0.12161739304224939,0.0,0.31063896686768866,0.2744491610085992
Bulk 54,0.2965086902667644,0.12615485494324014,0.13603858225228235,0.23207217896722387,0.20922569357048912
Bulk 55,0.5900298032489204,0.0,0.0,0.3741174843246432,0.03585271242643646
Bulk 56,0.5814827491831316,0.02802926122719957,0.055481339560116104,0.15489841794801845,0.18010823208153426
Bulk 57,0.47093767291265115,0.07952284185336325,0.20538752969774685,0.14283178671941024,0.10132016881682848
Bulk 58,0.38828350865869177,0.105242098233609,0.18851490876709523,0.19456380633166936,0.12339567800893458
Bulk 59,0.1703805000830106,0.2782963382433593,0.0,0.21316600672837424,0.33815715494525583
Bulk 60,0.12479132914066772,0.1022045134757195,0.08613593665734325,0.5143323343144526,0.17253588641181705
Bulk 61,0.4463590704861464,0.05783180754738247,0.0,0.3600102433629916,0.1357988786034796
Bulk 62,0.2244716304273606,0.19212428287811387,0.12837354992040495,0.32460419715741795,0.13042633961670272
Bulk 63,0.3426299037852252,0.12732862907342704,0.016291495038124985,0.26458816700167487,0.2491618051015479
Bulk 64,0.003461263155884196,0.2719415199108031,0.05814746920855156,0.3058689650543483,0.3605807826704128
Bulk 65,0.3272793350666994,0.1542074286288844,0.0,0.27980891989274015,0.23870431641167608
Bulk 66,0.42925466630013526,0.1503014007792434,0.0,0.13588576383024578,0.28455816909037557
Bulk 67,0.001463433306617222,0.20858212231632273,0.15771881336537413,0.26495324903236267,0.3672823819793233
Bulk 68,0.22119679585414623,0.19700094008390498,0.0,0.31486128702622934,0.26694097703571945
Bulk 69,0.24184530854732114,0.1656013953071661,0.0,0.35077585312834053,0.2417774430171723
Bulk 70,0.2930068377515571,0.22357595669561148,0.05864003381573378,0.23225843382657982,0.19251873791051785
Bulk 71,0.3120551489948697,0.04300744014608044,0.10234081479462909,0.38696959038156137,0.1556270056828594
Bulk 72,0.15158578074319357,0.24854794810257816,0.021207261947435385,0.3279533179484014,0.2507056912583916
Bulk 73,0.6277317133109496,0.020977171494356846,0.0,0.2655498093880874,0.08574130580660609
Bulk 74,0.1314420877246524,0.17954456842716174,0.114360180050708,0.30624846653336024,0.2684046972641176
Bulk 75,0.8673357491929266,0.0,0.0,0.07144392800530665,0.0612203228017668
Bulk 76,0.0,0.21299425884849899,0.0534826974753957,0.42000764552374714,0.3135153981523581
Bulk 77,0.7144776558015452,0.027764286606668777,0.0,0.0,0.257758057591786
Bulk 78,0.38474464982288414,0.14958656150614888,0.0,0.29274778345150554,0.17292100521946138
Bulk 79,0.25354634419892036,0.18907091595998107,0.0,0.32470819209896573,0.23267454774213275
Bulk 80,0.3291921525869453,0.17149297537806993,0.06296245390727306,0.16225896721675973,0.27409345091095194
Bulk 81,0.26225046560781606,0.24880686121505224,0.042719765341448154,0.16520876818677163,0.28101413964891186
Bulk 82,0.47460763713135584,0.10848675138339241,0.2644408712653317,0.07307668359272412,0.07938805662719596
Bulk 83,0.15231154236427558,0.21310869013632555,0.0,0.3198886862141918,0.3146910812852071
Bulk 84,0.07274742936662108,0.2591174706411106,0.013834719147982432,0.32192573848720146,0.33237464235708447
Bulk 85,0.32798207262628254,0.12292824920559539,0.028206467059204,0.3682237535448481,0.15265945756406993
Bulk 86,0.2894934655534174,0.09068266324654325,0.01644734326474741,0.4269140759145253,0.17646245202076669
Bulk 87,0.22457852229489117,0.17548237330513455,0.17915890293708323,0.2670708554407093,0.15370934602218184
Bulk 88,0.22398351197010447,0.19918505020234334,0.029359269069551195,0.3448069460105,0.20266522274750093
Bulk 89,0.16948865821585613,0.2682468310258698,0.0,0.21506611083985314,0.3471983999184208
Bulk 90,0.0,0.19817686955701086,0.16476707997062748,0.39004087427644457,0.24701517619591706
Bulk 91,0.14043245598740622,0.1799517561514242,0.1533432161419608,0.28016853176035733,0.24610403995885155
Bulk 92,0.4507784461439539,0.0655634405081238,0.1462652740942785,0.2536218581961505,0.08377098105749341
Bulk 93,0.026031748089194336,0.23978754957628395,0.19069851453263062,0.2535324064908939,0.28994978131099713
Bulk 94,0.05525650061268342,0.2270611017253108,0.04305998611822951,0.3946068035364723,0.28001560800730396
Bulk 95,0.12316418302988519,0.2665684542722364,0.0,0.2370613092786855,0.37320605341919283
Bulk 96,0.9617746735501596,0.0,0.0,0.0,0.03822532644984034
Bulk 97,0.5777134273495415,0.07413318865538587,0.0,0.06464101544947425,0.28351236854559847
Bulk 98,0.37742657917620526,0.0879084015552302,0.2699364247708688,0.19582380020214596,0.06890479429554956
Bulk 99,0.3375443181252779,0.0932369441544282,0.13855264046635773,0.35705521609943913,0.07361088115449695
Bulk 100,0.19097261011137298,0.14346669651790972,0.01863111335695917,0.4133469948054999,0.23358258520825814
Bulk 101,0.3192842774405585,0.1559774065835792,0.06152063353444354,0.22500736307216004,0.23821031936925874
Bulk 102,0.1130741584103133,0.031527943193026896,0.13712287318189495,0.5426584582143043,0.1756165670004607
Bulk 103,0.08866576361963034,0.2891655283387169,0.019604408851306713,0.3222536218385702,0.2803106773517758
Bulk 104,0.21463222891402164,0.13121688428689632,0.04310777263482573,0.4179764976738895,0.19306661649036677
Bulk 105,0.5908009966707458,0.08035639146734212,0.0,0.1255682650327667,0.20327434682914536
Bulk 106,0.3385151740230884,0.17206411705289612,0.0,0.256916063523324,0.23250464540069155
Bulk 107,0.3324202324034163,0.12166894832156319,0.0,0.22311441423404801,0.32279640504097257
Bulk 108,0.13111135275860697,0.17723328371378155,0.031302346491137105,0.3742884149763228,0.2860646020601515
Bulk 109,0.2539894844602494,0.15556518638693778,0.2626761912683247,0.2854971391838666,0.04227199870062143
Bulk 110,0.5095134441932977,0.052956421761577485,0.3676365031605661,0.0,0.06989363088455869
Bulk 111,0.8625374940928466,0.0,0.0,0.0,0.13746250590715337
Bulk 112,0.5061969057212771,0.09391329602072379,0.0,0.21984492632152702,0.18004487193647217
Bulk 113,0.2526622089988401,0.1599252657038179,0.1465304085204163,0.2626086868598283,0.1782734299170973
Bulk 114,0.27390407972531516,0.1019764469424407,0.13965478945879334,0.23732236094916895,0.24714232292428195
Bulk 115,0.5214721231482088,0.07341708218170956,0.10071204501407335,0.07750939532174768,0.22688935433426063
Bulk 116,0.3756087488718933,0.17372150276168122,0.0,0.14344761219384924,0.30722213617257627
Bulk 117,0.17281913434920607,0.22555674130793169,0.0,0.32328666509205556,0.27833745925080666
Bulk 118,0.43858172475783225,0.16675137860323344,0.0,0.17168905610628807,0.22297784053264633
Bulk 119,0.30810175072775914,0.14892856920496303,0.057115960697222475,0.34493541228454905,0.14091830708550634
Bulk 120,0.7488826302112758,0.058126136188911444,0.0,0.019619743190755733,0.17337149040905714
Bulk 121,0.15489775800933625,0.1425601358288931,0.16397555080137013,0.3054360480017057,0.23313050735869478
Bulk 122,0.609462869212135,0.14985955962904826,0.0,0.0,0.2406775711588167
Bulk 123,0.7830109634850545,0.015203263629271992,0.0,0.12054310439623762,0.08124266848943583
Bulk 124,0.01006160865947813,0.2280083121551532,0.27181026665352975,0.3058587388595327,0.1842610736723062
Bulk 125,0.30864351642114496,0.18550118459698378,0.0,0.2218079634749674,0.28404733550690386
Bulk 126,0.0397480808544051,0.13895513186985772,0.15094851539445533,0.43293580979044843,0.2374124620908335
Bulk 127,0.17403395944325137,0.24482380453391214,0.057269107318191154,0.23472399666187788,0.2891491320427674
Bulk 128,0.44527467078447913,0.04210255394214365,0.12482779344150391,0.17709978552086442,0.210695196311009
Bulk 129,0.7258095795950407,0.010915276066995624,0.0,0.006452140904016377,0.2568230034339473
Bulk 130,0.2961019339062271,0.1650761702721587,0.10355377340997686,0.2261011099335831,0.20916701247805433
Bulk 131,0.3400575060573828,0.14489528046257039,0.0,0.24480608406073767,0.27024112941930906
Bulk 132,0.6609587478552031,0.08530278343216072,0.0,0.0,0.25373846871263617
Bulk 133,0.32682579483701757,0.07452589480162576,0.3924812363185917,0.14100720270118708,0.06515987134157797
Bulk 134,0.7394938127120112,0.0,0.0509232503960628,0.20958293689192603,0.0
Bulk 135,0.2183770790996375,0.19242290920197436,0.08566099015047333,0.26065447488868104,0.2428845466592338
Bulk 136,0.2295451037178595,0.10626677380238593,0.13612503785317354,0.3188599920095822,0.2092030926169989
Bulk 137,0.4263904674492666,0.13808626705916868,0.0,0.1733297184818911,0.26219354700967373
Bulk 138,0.2313857972728815,0.16484993582372712,0.12228010607555816,0.15934832912978364,0.3221358316980497
Bulk 139,0.7089609925433601,0.09132562712547512,0.0,0.0,0.19971338033116476
Bulk 140,0.3725712613674004,0.12022497094758934,0.0,0.32409673559719804,0.18310703208781226
Bulk 141,0.17643187772135172,0.11488804070710129,0.2374654177608923,0.2999885703997506,0.1712260934109041
Bulk 142,0.6966926393696316,0.0,0.18359493440305485,0.012369004624435978,0.10734342160287758
Bulk 143,0.4792211584625993,0.11112294697544128,0.19135592785110103,0.1067074008260649,0.11159256588479353
Bulk 144,0.4361426988175803,0.18531482097900417,0.0,0.1670635728968571,0.2114789073065584
Bulk 145,0.4981457772310921,0.12410188979733612,0.02250647393339858,0.14041591534218395,0.21482994369598932
Bulk 146,0.07586953859461443,0.17131882809446816,0.03876766904505765,0.43065923926624344,0.28338472499961637
Bulk 147,0.32364898122271685,0.08214441760931396,0.1895868012421585,0.36452183059438387,0.040097969331426876
Bulk 148,0.37693557576333564,0.0769207304396472,0.2276278834710327,0.2092639481540062,0.10925186217197833
Bulk 149,0.12243048943404053,0.20322169953407207,0.10316897345858335,0.35858099677383054,0.2125978407994735
Bulk 150,0.22056771711345916,0.11382894052568135,0.037966522783844686,0.43685238234418583,0.19078443723282903
Bulk 151,0.27095644843793815,0.1024333824146977,0.18984968489743995,0.347498695711263,0.08926178853866128
Bulk 152,0.17849922204391724,0.13836577652935164,0.27426092040653693,0.3154406139474,0.0934334670727942
Bulk 153,0.347152132618,0.15938580465427973,0.0,0.27781654065769074,0.21564552207002946
Bulk 154,0.169089863294484,0.18669294054498076,0.08128757960368846,0.3211200778894534,0.24180953866739335
Bulk 155,0.36696463995885,0.07988548368840714,0.061715925534692184,0.34426035656219384,0.14717359425585697
Bulk 156,0.783869181628737,0.010105051491474438,0.0,0.17666549365782133,0.029360273221967267
Bulk 157,0.4966001201821245,0.039436703894570935,0.0,0.2470583407302852,0.21690483519301945
Bulk 158,0.637253668558464,0.0,0.0,0.3569842115384821,0.005762119903053891
Bulk 159,0.47218484295036955,0.08073142419875882,0.11278624147115839,0.23381855903823284,0.10047893234148052
Bulk 160,0.23739393056945152,0.14312238644199898,0.2704690628577558,0.24231095893467955,0.10670366119611421
Bulk 161,0.6694619386876218,0.034265646558333564,0.0,0.11036551638970943,0.18590689836433527
Bulk 162,0.6021726172312497,0.1036728157616117,0.0,0.13290439412647617,0.16125017288066243
Bulk 163,0.16867132854448452,0.22593599472041143,0.13566031709438386,0.2568512170175119,0.21288114262320834
Bulk 164,0.6408426368589885,0.18210441540779485,0.0,0.06546913829607037,0.11158380943714627
Bulk 165,0.22529404225806315,0.18662826231926322,0.14069405185230896,0.29167170573792506,0.15571193783243958
Bulk 166,0.6561381440105104,0.06444165684638466,0.0,0.15650131080956642,0.12291888833353852
Bulk 167,0.42722323245666866,0.15643231595278545,0.16003140378000325,0.010552241063132262,0.24576080674741035
Bulk 168,0.22977332114048488,0.15072235320243524,0.10602297546525517,0.3441741643853697,0.16930718580645493
Bulk 169,0.4956661240324465,0.07916151932654825,0.14897701485716197,0.030528406601059464,0.2456669351827839
Bulk 170,0.18966042435151595,0.27246087935769076,0.08315531379694228,0.0888392242576709,0.36588415823618015
Bulk 171,0.04892835695413463,0.2921939038369228,0.08918523726740522,0.25116212569526464,0.3185303762462728
Bulk 172,0.09261912361521858,0.1540722345964017,0.1635010183521176,0.2882852056113352,0.3015224178249268
Bulk 173,0.2688546368867286,0.24857315079588027,0.0,0.15959416665474285,0.3229780456626483
Bulk 174,0.7792862798362773,0.0,0.05322936398628894,0.022372730361285478,0.1451116258161482
Bulk 175,0.43389533735536895,0.08131955370679506,0.11971898615453096,0.2875359766350491,0.077530146148256
Bulk 176,0.15700659570448788,0.23270548210460162,0.0,0.2514846264267691,0.3588032957641413
Bulk 177,0.37087277120264595,0.0,0.3849964054984641,0.24413082329889008,0.0
Bulk 178,0.20974045431546676,0.1257832726742857,0.06001694334458704,0.3843889612336887,0.2200703684319718
Bulk 179,0.24561408719560898,0.1530228347632299,0.10583565520772044,0.2977783158026939,0.19774910703074672
Bulk 180,0.0,0.23535779890447275,0.04981777199881038,0.35497857961694324,0.3598458494797737
Bulk 181,0.4493656953092358,0.11488619180521047,0.044088189417397936,0.26901157534839254,0.12264834811976336
Bulk 182,0.2498401520346952,0.07905736485123264,0.009840989666008408,0.3148478316914077,0.346413661756656
Bulk 183,0.41146336078328133,0.09526776260939566,0.12924353831829682,0.18726737774669086,0.17675796054233536
Bulk 184,0.3059550054721216,0.16550792517679838,0.0,0.32768967461319515,0.2008473947378849
Bulk 185,0.5700952527879894,0.05332684871326053,0.0,0.30550177320905253,0.0710761252896975
Bulk 186,0.13814059143198842,0.15652003203282644,0.25937217317054495,0.31752031843767015,0.12844688492696998
Bulk 187,0.6783451292913442,0.0,0.155699492863584,0.05546857248814226,0.11048680535692962
Bulk 188,0.2600793943735065,0.1352565322092112,0.1546603558800846,0.3478096551909012,0.10219406234629673
Bulk 189,0.7238974959363353,0.0,0.0,0.17985839034690237,0.0962441137167624
Bulk 190,0.34048411688657143,0.1646798645346654,0.0,0.1937837694507221,0.301052249128041
Bulk 191,0.583591044558058,0.02028082990480491,0.0,0.33691478507010203,0.05921334046703517
Bulk 192,0.4097838028511323,0.11232389616505895,0.10175421708733534,0.2138912298522656,0.16224685404420783
Bulk 193,0.5515649033183535,0.05633311500801857,0.25988563075968646,0.09179936705072181,0.040416983863219756
Bulk 194,0.7778102808754287,0.0,0.0,0.0,0.22218971912457125
Bulk 195,0.2420414801512195,0.16366634828867704,0.0,0.2692360206361611,0.32505615092394224
Bulk 196,0.32968543908934966,0.1406401399709238,0.07073216428361556,0.23393777037810254,0.2250044862780085
Bulk 197,0.18331931936103477,0.0745228324045323,0.013439747333392635,0.4483862812048044,0.280331819696236
Bulk 198,0.7266141303147012,0.05793541038066622,0.0,0.10298344308591943,0.11246701621871305
Bulk 199,0.23038945035222363,0.18154011288439634,0.14605883030592817,0.23866841844064363,0.2033431880168081
Bulk 200,0.0,0.22237138761962602,0.13376897262952334,0.3610445597335315,0.28281508001731914
Bulk 201,0.23883759240438895,0.025941862816052853,0.15271989554497672,0.49914743972882786,0.0833532095057536
Bulk 202,0.45880315006029077,0.1291543510111396,0.0,0.24042354484309322,0.17161895408547634
Bulk 203,0.4419499845614236,0.1703463130056338,0.0,0.11113273338145185,0.2765709690514908
Bulk 204,0.3902036626823445,0.23445462460782254,0.0,0.10296495227918333,0.2723767604306496
Bulk 205,0.44865613041601976,0.14477528189318242,0.11679364713522307,0.09134530710293597,0.1984296334526389
Bulk 206,0.5240718826119186,0.06607698322490123,0.1758148897913974,0.11363312140839418,0.12040312296338859
Bulk 207,0.1374243604771232,0.20131606624813247,0.09527366828222646,0.3104380195237308,0.255547885468787
Bulk 208,0.33090016631924846,0.0,0.0,0.4020802937107896,0.267019539969962
Bulk 209,0.3551640246391125,0.1334522148216139,0.08310019476954436,0.22929503156831127,0.19898853420141796
Bulk 210,0.5264580026107063,0.1448409113953174,0.0,0.17036330404197683,0.15833778195199943
Bulk 211,0.21092596416538065,0.07471119884102141,0.02767178025501847,0.45224539868656555,0.2344456580520139
Bulk 212,0.5187198188002305,0.13937440037098683,0.016813696951070673,0.09199906543364005,0.2330930184440719
Bulk 213,0.37661196912522754,0.1393105728037945,0.0,0.20239137545300329,0.28168608261797473
Bulk 214,0.6086403549754168,0.05508105838095725,0.0,0.0,0.33627858664362603
Bulk 215,0.42324934095067435,0.11482676400903799,0.0,0.25604506726329085,0.20587882777699687
Bulk 216,0.1979433448048737,0.24840689002238087,0.0,0.2545217715115243,0.2991279936612212
Bulk 217,0.2684161588896251,0.10877650114008179,0.033292837377023564,0.2999432170376,0.28957128555566947
Bulk 218,0.24365937968131893,0.011270645786308549,0.2204689899755154,0.4494362028729138,0.07516478168394329
Bulk 219,0.21294367566862013,0.19907993686742054,0.12684043951098029,0.2736444631494126,0.1874914848035664
Bulk 220,0.29935504820660425,0.18846335776037504,0.04504260851455326,0.1603859681282183,0.30675301739024924
Bulk 221,0.3237952051997722,0.10345257853388064,0.11768739315469774,0.4550648231116494,0.0
Bulk 222,0.18248172975534327,0.12600190429290786,0.06811850591853288,0.2873534841106465,0.33604437592256947
Bulk 223,0.32660262861741085,0.2490834784690792,0.0,0.13737272359235328,0.2869411693211568
Bulk 224,0.570897647398726,0.09357484811804653,0.05563533944001563,0.24433876085080666,0.035553404192405214
Bulk 225,0.9288732158038528,0.013435177268510439,0.0,0.0,0.057691606927636536
Bulk 226,0.2671148225679313,0.2043603600825334,0.011717196348795145,0.2874205558875228,0.2293870651132174
Bulk 227,0.29027265392867335,0.20368816232050796,0.04154373972177648,0.17522836131333103,0.28926708271571117
Bulk 228,0.35726907213754316,0.14739076204695095,0.027796868176290235,0.19412346719988366,0.273419830439332
Bulk 229,0.29998244268788365,0.15748401060347234,0.01273386205090031,0.3177426656767116,0.21205701898103202
Bulk 230,0.012893879120403665,0.2574964229366529,0.11420338955403345,0.36693593871325453,0.24847036967565536
Bulk 231,0.5732582015898147,0.1307615954114005,0.08619018783403155,0.02894618885963297,0.1808438263051203
Bulk 232,0.0,0.1973098257783873,0.024131856401088333,0.4706785370996109,0.3078797807209135
Bulk 233,0.21802322356310372,0.19779953172281198,0.0,0.3154881424210983,0.26868910229298604
Bulk 234,0.26232372394440895,0.2660487492270904,0.0,0.19305997438417472,0.2785675524443259
Bulk 235,0.5223409384797172,0.09256494675687153,0.0,0.24309513170700248,0.1419989830564088
Bulk 236,0.04862762954243023,0.2268508746545516,0.09044639599727206,0.29796907379432347,0.33610602601142264
Bulk 237,0.4591312324974299,0.13904254366906443,0.0,0.24514200869346905,0.15668421514003658
Bulk 238,0.502357230818548,0.0835145910467514,0.0,0.154088377526811,0.26003980060788956
Bulk 239,0.2573750303116415,0.12244046811922503,0.2036033226536992,0.3466938474396286,0.06988733147580554
Bulk 240,0.3031916290528736,0.11415248633142046,0.11461706707034362,0.29113620272616797,0.17690261481919448
Bulk 241,0.08510913268425364,0.205752351263797,0.12440090095707156,0.3197177035239642,0.26501991157091354
Bulk 242,0.6737648518604284,0.09701749570596811,0.0,0.0,0.22921765243360356
Bulk 243,0.6456980471708147,0.0500627940235719,0.0,0.10901962314152157,0.1952195356640918
Bulk 244,0.6590374717742492,0.08916540902422701,0.0,0.0,0.25179711920152376
Bulk 245,0.655467128901523,0.027978324595348786,0.059850036075274976,0.07403267393200604,0.1826718364958472
Bulk 246,0.03378509314673459,0.2293707995769175,0.09373801028774192,0.29503846536465334,0.3480676316239526
Bulk 247,0.6555670654372683,0.02870309351068595,0.0,0.03974700819978607,0.27598283285225966
Bulk 248,0.27744787023993683,0.19454024212968202,0.0,0.291823902685335,0.23618798494504634
Bulk 249,0.5085991115965707,0.07502430378145908,0.2621284472908485,0.08881656364318774,0.06543157368793426
Bulk 250,0.37950717866488154,0.1481394413673835,0.20795216979732187,0.1082401808450976,0.15616102932531553
Bulk 251,0.2452916293564905,0.08560724366296775,0.0,0.35835122060448127,0.3107499063760606
Bulk 252,0.5019016456484401,0.11232584361634537,0.055956735545233935,0.08213530701629791,0.24768046817368267
Bulk 253,0.12748553011639363,0.23959556981740415,0.09944867424886042,0.2313423444419035,0.30212788137543845
Bulk 254,0.5173333160607442,0.12011146756969014,0.0,0.09995619495342685,0.26259902141613894
Bulk 255,0.3051822407468623,0.1615352184631427,0.0,0.14107437033950246,0.3922081704504926
Bulk 256,0.05587667661172451,0.2558686873704162,0.049701965899519265,0.3594505134249747,0.2791021566933655
Bulk 257,0.0,0.19938068316966728,0.062071792388234695,0.42010979162258605,0.31843773281951204
Bulk 258,0.351096234829125,0.18553978037942723,0.0,0.1909174440237476,0.2724465407677002
Bulk 259,0.3042533348944542,0.20019098447969444,0.0,0.19713854310523254,0.2984171375206188
Bulk 260,0.03875302036947277,0.1522328813129307,0.11034206534922307,0.4463588133426794,0.2523132196256941
Bulk 261,0.21830271256027187,0.17398576761682125,0.04569836238636871,0.2996489253140056,0.2623642321225327
Bulk 262,0.1794078232116678,0.25504654400255994,0.12604396860625333,0.19287838082994796,0.24662328334957104
Bulk 263,0.6952139860108923,0.05770064916901473,0.0,0.05417847492277985,0.19290688989731286
Bulk 264,0.15281525153914252,0.1522698231296332,0.07293796196194915,0.2924202547652326,0.32955670860404246
Bulk 265,0.21082823030082326,0.1319936067891954,0.11675439472633643,0.4714285237971544,0.06899524438649034
Bulk 266,0.2846567991657152,0.12225764263080909,0.07327031467677786,0.3607448967568014,0.1590703467698964
Bulk 267,0.21057232378708327,0.2190862131761316,0.026440027219738125,0.3717693877398843,0.1721320480771627
Bulk 268,0.32745540080408414,0.1674999459172841,0.0,0.29288020088139216,0.2121644523972396
Bulk 269,0.16558052346941204,0.148205244595075,0.21049385706693052,0.27741208646241355,0.19830828840616885
Bulk 270,0.3313565267791858,0.1493841031317117,0.1464668682082989,0.16991980376111449,0.20287269811968917
Bulk 271,0.027177408294829362,0.22189811145730634,0.12364439672015627,0.34288304867104075,0.28439703485666734
Bulk 272,0.3832840149704046,0.17229268626527738,0.0442321920959815,0.09521491954100683,0.3049761871273298
Bulk 273,0.3267824789001056,0.20588564142594548,0.030803522301320066,0.19316345828504167,0.24336489908758707
Bulk 274,0.42035808647519834,0.1468554185329802,0.0,0.2050877637263658,0.2276987312654558
Bulk 275,0.7168166215549004,0.0,0.0032374551450604634,0.279945923300039,0.0
Bulk 276,0.5368376342167006,0.0,0.1510911293414992,0.3120712364418002,0.0
Bulk 277,0.48474126311749,0.0630501645149136,0.20755664720792744,0.09484631267235297,0.14980561248731594
Bulk 278,0.17263644790084426,0.21636636619696195,0.0530047324611644,0.2562447270849547,0.30174772635607466
Bulk 279,0.06450635536452612,0.23166503858560633,0.1524765457566258,0.27673805623643727,0.27461400405680453
Bulk 280,0.5602948640167023,0.09572457155844283,0.0656687817815255,0.12134087594895515,0.1569709066943743
Bulk 281,0.7191346875536019,0.05881262107798732,0.06571776244147104,0.0,0.1563349289269396
Bulk 282,0.35999073993588554,0.14190040044896152,0.10351089930534652,0.2325962414821647,0.16200171882764175
Bulk 283,0.45358138853106356,0.15751005154896688,0.026919237242547748,0.03772292545073286,0.32426639722668893
Bulk 284,0.535503198012509,0.12113364052232993,0.151169849205497,0.14039313846529708,0.051800173794366924
Bulk 285,0.14777262917117076,0.2868019896894948,0.053953071821280674,0.1899372697749508,0.32153503954310286
Bulk 286,0.23456108384874005,0.20549231773806184,0.1763902272467245,0.0890180838137074,0.2945382873527662
Bulk 287,0.07684698123322933,0.1685856645847866,0.08574537355017565,0.3039035872863097,0.3649183933454987
Bulk 288,0.2551742881472897,0.2473108618140055,0.10814296868993359,0.1685993176370258,0.22077256371174542
Bulk 289,0.67961779117355,0.07743195030840826,0.0,0.0,0.24295025851804178
Bulk 290,0.1762975705178629,0.22676106764333456,0.0,0.30257032274199375,0.29437103909680873
Bulk 291,0.27329032787813473,0.16318253849613093,0.36728887544542765,0.06085613340735675,0.13538212477295
Bulk 292,0.10652027293139545,0.2918792302894395,0.08308550480193053,0.26886068843926225,0.24965430353797244
Bulk 293,0.5938177645164372,0.0,0.0,0.12333879589940744,0.2828434395841554
Bulk 294,0.5022738854853758,0.18403521523111468,0.06322700958509342,0.09997888132479335,0.15048500837362283
Bulk 295,0.5773607804994948,0.1261132039465045,0.0,0.0,0.29652601555400065
Bulk 296,0.12264621912363659,0.21156575238972355,0.36166987544949025,0.19343689166747807,0.11068126136967169
Bulk 297,0.4305173340754364,0.08501980085742841,0.3020476225407707,0.08182005183696696,0.10059519068939772
Bulk 298,0.06957119450546682,0.3288219085145256,0.0,0.22772382261597054,0.3738830743640371
Bulk 299,0.6146034201009228,0.13702783735415575,0.0,0.0,0.2483687425449213
Bulk 300,0.06631406246791832,0.09489589519934181,0.19845942974657968,0.47221973156739167,0.16811088101876848
Bulk 301,0.0,0.3161360662770106,0.06718243134554353,0.21210972348347953,0.40457177889396645
Bulk 302,0.0,0.14551869541344442,0.07888643679197165,0.48858183665492716,0.28701303113965676
Bulk 303,0.28324218677521124,0.20642893743713836,0.0,0.2300298323550988,0.28029904343255163
Bulk 304,0.19961389756837827,0.21941513362204335,0.22583650312901815,0.11437562320838317,0.24075884247217708
Bulk 305,0.7365944891065956,0.08003107908765164,0.0,0.0,0.18337443180575275
Bulk 306,0.533633384919294,0.13082906069550096,0.0778420215156511,0.0,0.25769553286955393
Bulk 307,0.5005149970560745,0.13365387434389692,0.0,0.08262352153349353,0.2832076070665352
Bulk 308,0.40273099566912623,0.11595412171472737,0.10326725887426523,0.1660118522309289,0.2120357715109523
Bulk 309,0.3677833365323077,0.16353843140566826,0.02830667421980321,0.22276931169371422,0.21760224614850665
Bulk 310,0.4818993867796488,0.12463576296698141,0.21371768888252318,0.1442725257772644,0.035474635593582285
Bulk 311,0.10892832406355706,0.2662225146315023,0.13370336540660363,0.20859696482375706,0.28254883107457995
Bulk 312,0.26855670345421373,0.21233189280616807,0.1202862984175381,0.1511420946666067,0.24768301065547332
Bulk 313,0.5447059601761738,0.0857029946714321,0.0,0.16482898607857793,0.20476205907381612
Bulk 314,0.5384368894772128,0.16813177420691716,0.025131277993195117,0.06610713429709275,0.20219292402558228
Bulk 315,0.5582832988526651,0.09746213086237844,0.0,0.08691670327934736,0.257337867005609
Bulk 316,0.2954949349480655,0.17995728612629389,0.10316995885481856,0.15950148072498357,0.26187633934583837
Bulk 317,0.23830693537524086,0.19032811658926185,0.13817480619358682,0.17183645428645794,0.2613536875554525
Bulk 318,0.44697155646882686,0.18387095790671212,0.015240971185319143,0.145924841992711,0.20799167244643085
Bulk 319,0.35417770713691604,0.16992798027519299,0.0,0.1671367992734183,0.3087575133144727
Bulk 320,0.16625680957035105,0.21188073888413023,0.18313991066904753,0.15089587715237518,0.2878266637240961
Bulk 321,0.3277850813290584,0.1528915272745011,0.0827053856448982,0.17290346911725582,0.26371453663428657
Bulk 322,0.361700677394301,0.0,0.2811307052767369,0.35716861732896205,0.0
Bulk 323,0.4152936631611182,0.19127534948075717,0.0,0.01467990750608476,0.3787510798520398
Bulk 324,0.3056006351957657,0.26637214960511085,0.1404711820785373,0.02697057092981599,0.2605854621907702
Bulk 325,0.2937987442415893,0.1808508646221266,0.22296694678798862,0.1559916520496194,0.1463917922986762
Bulk 326,0.008382282433741338,0.2497607691170297,0.3387732385126799,0.12298682243036181,0.28009688750618716
Bulk 327,0.4505224397147601,0.15045187517555958,0.21785753955177511,0.0,0.18116814555790525
Bulk 328,0.167364069477701,0.2542659600250532,0.03699409132297439,0.23568419351605352,0.3056916856582179
Bulk 329,0.3051711206911735,0.18438418976898105,0.15038951742645854,0.2051003350960163,0.15495483701737062
Bulk 330,0.3836320512334781,0.24301491991138288,0.09368555641488892,0.015450801451140334,0.2642166709891097
Bulk 331,0.3409561813154014,0.11649837453645555,0.15462547615971622,0.18054239835416777,0.20737756963425888
Bulk 332,0.3889743500397851,0.10267333582026977,0.08932805858313984,0.18709143019552185,0.23193282536128346
Bulk 333,0.7906206292172084,0.0,0.0,0.0,0.20937937078279154
Bulk 334,0.0,0.14928395037122363,0.06400190155440863,0.5584858932967431,0.22822825477762457
Bulk 335,0.46485512973378507,0.15472943242137985,0.0,0.12562503251193094,0.2547904053329043
Bulk 336,0.49189075955953293,0.15837548491791265,0.0,0.0,0.3497337555225545
Bulk 337,0.049439332170501185,0.22629423708141927,0.08483548985217665,0.3585441342585071,0.2808868066373958
Bulk 338,0.16512932892641796,0.21421449679767357,0.0,0.26988621071091057,0.35076996356499796
Bulk 339,0.9647036576464457,0.0,0.0,0.0,0.035296342353554264
Bulk 340,0.09273011984682128,0.08502125593116039,0.14187718297514235,0.5333036442957823,0.1470677969510938
Bulk 341,0.7497591193346933,0.03321258652983057,0.08454726386156755,0.0,0.1324810302739088
Bulk 342,0.06009162797945706,0.08083127103791506,0.17912776913012277,0.53488232012201,0.14506701173049516
Bulk 343,0.3586538306484659,0.15217042186925725,0.06520504215602356,0.10072105444337118,0.32324965088288227
Bulk 344,0.5994276519326918,0.06391266749612677,0.017453841069219288,0.0,0.3192058395019622
Bulk 345,0.33995435586968575,0.13800011411664712,0.2196424807000437,0.10460539301554417,0.19779765629807933
Bulk 346,0.2583714337662638,0.08301702650098317,0.06477515097207166,0.3833339454181903,0.2105024433424909
Bulk 347,0.33125695762579915,0.2566767577965262,0.08341718609770206,0.0834224559299222,0.2452266425500505
Bulk 348,0.33510377901432786,0.21377817965442988,0.0,0.11518411554703635,0.3359339257842059
Bulk 349,0.17857671923769988,0.20401017968846127,0.13445881989894617,0.18875761959976725,0.29419666157512553
Bulk 350,0.23644266598995492,0.24379549964084327,0.0,0.24630007006478133,0.27346176430442043
Bulk 351,0.7542219636145607,0.006764439372056187,0.1986267322434727,0.015098330978779743,0.025288533791130764
Bulk 352,0.0,0.29158565080096455,0.11075125175671287,0.3555172220254096,0.24214587541691296
Bulk 353,0.71417674028776,0.06940982370703183,0.0,0.0,0.2164134360052082
Bulk 354,0.7288600114895685,0.0727675482996875,0.0,0.0,0.19837244021074404
Bulk 355,0.33474077066807595,0.16134592114644888,0.0211221232099013,0.28350758729278797,0.19928359768278578
Bulk 356,0.3903350533597409,0.07564910588133075,0.0,0.3038166832582601,0.23019915750066827
Bulk 357,0.13106726618049483,0.24349649277240393,0.1632207607605301,0.19175989506292299,0.27045558522364804
Bulk 358,0.1550504871073647,0.21967062494555584,0.2240173814746947,0.21399913327533715,0.18726237319704753
Bulk 359,0.25842023246357615,0.21044358042098454,0.08333197297921081,0.2653843173718504,0.18241989676437803
Bulk 360,0.2768367032435567,0.20187518141446484,0.03545480061600041,0.14270792492970064,0.3431253897962774
Bulk 361,0.8783939704474483,0.0,0.12149462536483169,0.00011140418772002555,0.0
Bulk 362,0.2440639264665334,0.1446235087833739,0.02812076571248295,0.37680336161422023,0.20638843742338955
Bulk 363,0.17773646934011186,0.27734984703728643,0.04132076306400545,0.2526933388375911,0.2508995817210052
Bulk 364,0.18065724193614313,0.19048499435558602,0.1496205457897478,0.19546989875251838,0.28376731916600473
Bulk 365,0.2791214253636752,0.179745510361412,0.05180815236990392,0.2917796608862182,0.19754525101879072
Bulk 366,0.14086560295826425,0.21593903381002325,0.07118970810177908,0.278500524368661,0.29350513076127244
Bulk 367,0.5577123398804408,0.1405520354560194,0.0,0.11296232693021047,0.1887732977333293
Bulk 368,0.2504099493203232,0.2552612332774489,0.10115076628365437,0.08315409172895519,0.3100239593896184
Bulk 369,0.19852923081426654,0.09530289891582022,0.22549135390990363,0.4806765163600095,0.0
Bulk 370,0.3244972157968661,0.19015089713835098,0.013703113038695418,0.22780226260676817,0.2438465114193194
Bulk 371,0.5768528143662791,0.18831817396479703,0.0036375776741283056,0.0,0.23119143399479547
Bulk 372,0.22359331285590003,0.23240010358627544,0.09588677512602121,0.21176785248701502,0.23635195594478828
Bulk 373,0.18496181291482053,0.24221310750606312,0.10066319375518513,0.21226083775866114,0.2599010480652701
Bulk 374,0.6929669377904851,0.08850379288739284,0.0,0.0,0.21852926932212202
Bulk 375,0.2910177329276265,0.12417806296609482,0.11577178151629444,0.2541938546307823,0.21483856795920195
Bulk 376,0.4594227302563067,0.0878465564673957,0.19330045300889814,0.14718524092332128,0.11224501934407814
Bulk 377,0.3133980227647448,0.3180762230710993,0.0,0.0,0.368525754164156
Bulk 378,0.7306298438277742,0.0,0.06745235787317923,0.0,0.20191779829904655
Bulk 379,0.3046108983997928,0.14756367322257982,0.04818971184793738,0.21705643510537123,0.2825792814243188
Bulk 380,0.439553916480958,0.17741703978892243,0.0,0.16153212221183466,0.22149692151828498
Bulk 381,0.35774829307147427,0.10534398154792339,0.10201473512210688,0.22731966078373914,0.20757332947475626
Bulk 382,0.40068238769074543,0.2152679155456118,0.0,0.06999658178478226,0.31405311497886035
Bulk 383,0.19312618117482303,0.14346062730787895,0.2842135694552588,0.2642208867473508,0.11497873531468854
Bulk 384,0.16097419399056095,0.3311318695255178,0.0,0.0809608695964861,0.42693306688743526
Bulk 385,0.17959994365583098,0.18246653846171595,0.09297494608181871,0.4236601318514029,0.12129843994923137
Bulk 386,0.3160293698049176,0.17677689097454372,0.18686970456473193,0.033793594120114186,0.2865304405356926
Bulk 387,0.30688668245153694,0.162363897079886,0.057675159564678224,0.1710772177261223,0.30199704317777637
Bulk 388,0.43484295708435167,0.2503971570009477,0.0,0.09895640002622644,0.2158034858884742
Bulk 389,0.8370237011502897,0.09337601428203378,0.0,0.0,0.06960028456767654
Bulk 390,0.3428806231049919,0.1852117613708733,0.0,0.22269489676121065,0.24921271876292408
Bulk 391,0.33012323542230804,0.18653237482189694,0.0,0.29700319545643705,0.18634119429935783
Bulk 392,0.2006813266888616,0.15656663046988284,0.01853649423376322,0.3226106271539074,0.301604921453585
Bulk 393,0.0006567949042511378,0.2771391703176743,0.09653665482546273,0.27360189300743776,0.35206548694517414
Bulk 394,0.37223328875633743,0.19558217567226327,0.0,0.16850434478594795,0.26368019078545135
Bulk 395,0.5065841045708112,0.1131585945275764,0.05291989576372006,0.05695865551278776,0.2703787496251047
Bulk 396,0.3053553770913343,0.20391865833487488,0.15244149286653236,0.15420982311267128,0.18407464859458703
Bulk 397,0.7177335617557716,0.03887202945802549,0.0,0.011044945871028984,0.23234946291517386
Bulk 398,0.6724796289049995,0.04805987729722478,0.0,0.09621414045321042,0.18324635334456546
Bulk 399,0.5639419157882575,0.10604699888859306,0.08744653741331176,0.03762878464604441,0.20493576326379329
Bulk 400,0.4561067735242783,0.09538424592213043,0.0,0.32556300043736164,0.12294598011622965
Bulk 401,0.2325506882903304,0.23377458208914742,0.0946656199144272,0.2247452042287062,0.2142639054773888
Bulk 402,0.6482433934187359,0.04722281291780255,0.031792883599203334,0.0,0.2727409100642582
Bulk 403,0.4517348567834071,0.2078509362635346,0.0,0.10543913232964885,0.2349750746234095
Bulk 404,0.6042829294131331,0.10878801291108997,0.037917527592935554,0.0,0.2490115300828415
