,Ast,End,Mic,Neu,Oli
Bulk 0,0.27349137473547286,0.14232119204320193,0.12107362406272895,0.39571775584141783,0.06739605331717846
Bulk 1,0.4421676940201229,0.12084882293919894,0.10770567651783892,0.1727468922426919,0.1565309142801473
Bulk 2,0.3375075227655067,0.07903472886591596,0.12906365822844307,0.34740279734636464,0.10699129279376962
Bulk 3,0.08949756674882228,0.2505629645158526,0.10457973490711363,0.29512744482138886,0.2602322890068226
Bulk 4,0.5201680229225748,0.12187332872960031,0.0,0.1872427834710575,0.1707158648767674
Bulk 5,0.40777145863807546,0.0,0.0,0.5922285413619245,0.0
Bulk 6,0.5208948320044914,0.12827947739241108,0.0,0.10764472324917036,0.24318096735392722
Bulk 7,0.3224807119669939,0.1295047799661712,0.05598219891655483,0.23964366316242947,0.25238864598785055
Bulk 8,0.2966931985154294,0.15282253259188142,0.08291582985316763,0.25110109645280926,0.21646734258671235
Bulk 9,0.6218473206196146,0.08645014531857512,0.0,0.012257654321060586,0.2794448797407497
Bulk 10,0.07567863418761271,0.06518749634167353,0.059605171170573464,0.5178335965412448,0.28169510175889556
Bulk 11,0.19822190649997126,0.18402262432910801,0.0,0.3007881561490809,0.31696731302183984
Bulk 12,0.3460284134953989,0.16908296414475948,0.0,0.2324257194915457,0.25246290286829587
Bulk 13,0.06775308229630651,0.0,0.10550182915172665,0.7488429814044703,0.07790210714749668
Bulk 14,0.6287735998174306,0.0661842224617696,0.0,0.172433382430781,0.13260879529001882
Bulk 15,0.238232040186618,0.1509615699137914,0.15313535446601975,0.3220311794442729,0.13563985598929792
Bulk 16,0.23385429541566413,0.14043022591483248,0.12348051765731283,0.35816858115316846,0.14406637985902218
Bulk 17,0.4570388621865696,0.015923883158957465,0.3919386673907658,0.07015020282309047,0.06494838444061671
Bulk 18,0.5329977314393913,0.0,0.0,0.23025787830178904,0.23674439025881977
Bulk 19,0.14818542100005017,0.20553840055785436,0.06953752493484817,0.3466993787611454,0.2300392747461018
Bulk 20,0.0,0.1866019889113741,0.10520397230495349,0.4458662666459886,0.26232777213768377
Bulk 21,0.23559079838691746,0.21104216726803693,0.0,0.3289585936076796,0.2244084407373659
Bulk 22,0.20372821559121876,0.0,0.15927616560286512,0.5586571859487998,0.07833843285711634
Bulk 23,0.06004759360613157,0.17915129036778352,0.03196240907367455,0.4662087118851496,0.26262999506726065
Bulk 24,0.21933950810548963,0.16832203720525293,0.10174408412924953,0.3149538327457492,0.19564053781425866
Bulk 25,0.3217717209048091,0.07084796695822806,0.06718000626245073,0.37151680732164155,0.1686834985528706
Bulk 26,0.2744302932989267,0.1354995395813768,0.0545693839535497,0.21112847251674227,0.3243723106494044
Bulk 27,0.4104356600303359,0.06235343344121673,0.0,0.3606332623727524,0.16657764415569504
Bulk 28,0.15909083412410627,0.21227091330806008,0.06414319490854174,0.276444904941832,0.2880501527174601
Bulk 29,0.38919044072440895,0.16579878319792923,0.010355442122151495,0.14620561485008587,0.2884497191054244
Bulk 30,0.41056982853691804,0.07013044061184087,0.027601572376597026,0.3298563768403176,0.1618417816343266
Bulk 31,0.25659500663607804,0.13874354376628456,0.14259508961575423,0.257250713814401,0.2048156461674821
Bulk 32,0.017093121834787523,0.17733667645059834,0.19826259255701112,0.3143381722838875,0.29296943687371557
Bulk 33,0.006938023383295247,0.27154452363291964,0.07215006568329335,0.42929016507394696,0.2200772222265448
Bulk 34,0.26455301160234956,0.1779758018509742,0.0,0.3863961378035578,0.17107504874311835
Bulk 35,0.8056474856321328,0.0,0.0,0.058040690119818356,0.1363118242480488
Bulk 36,0.1513370698964735,0.20700671897341263,0.02940997482392356,0.35643624269509416,0.25580999361109624
Bulk 37,0.20684385781739256,0.17938678814645448,0.14611972632350215,0.22032801850442513,0.24732160920822568
Bulk 38,0.17661946796623068,0.17742461381240976,0.054820771863292185,0.3360629893559334,0.255072157002134
Bulk 39,0.061853948241473077,0.18631804428707038,0.02619074357881638,0.4325148024663091,0.2931224614263311
Bulk 40,0.12688867996525355,0.2748150536274827,0.001118329343622618,0.2316726711528239,0.3655052659108171
Bulk 41,0.2483220213491216,0.08900779706549189,0.23266597011458587,0.34777920503451276,0.08222500643628783
Bulk 42,0.13033459485252835,0.20056839578844124,0.06693060696811962,0.27625828168296546,0.32590812070794534
Bulk 43,0.14673675695204988,0.12580680701011296,0.14366136660662707,0.3969249457957014,0.18687012363550862
Bulk 44,0.13201829116990765,0.2245377341185828,0.058924571061534564,0.29964290898365953,0.2848764946663154
Bulk 45,0.6460101790504652,0.10399171650452586,0.0,0.10656443992272653,0.14343366452228237
Bulk 46,0.28763201845367115,0.15315315563779205,0.14462913135698713,0.27968921987440865,0.13489647467714092
Bulk 47,0.21253366902649062,0.1874995727921036,0.10000911249625562,0.2906351993305897,0.2093224463545605
Bulk 48,0.309362846626965,0.09914260950009383,0.16245344113686253,0.2681665851277376,0.1608745176083411
Bulk 49,0.12673771890596783,0.1683534452318206,0.08247338257359417,0.3721450317942861,0.25029042149433145
Bulk 50,0.12048470434633268,0.1497300213705538,0.14118978292304651,0.30957902614138727,0.27901646521867973
Bulk 51,0.2240086822931931,0.18259323223234775,0.08615190558920977,0.254494513077722,0.25275166680752736
Bulk 52,0.08475094406584856,0.23949294333814697,0.011392421236854192,0.33955477377012594,0.32480891758902425
Bulk 53,0.11031409736643984,0.26565386061902957,0.03751999844467236,0.2677120469753084,0.3187999965945497
Bulk 54,0.34380709331119674,0.16940049598468515,0.04732001521303446,0.3370116271905606,0.1024607683005231
Bulk 55,0.08742132097837331,0.19645584905375,0.10661655643897416,0.3148081742400396,0.29469809928886287
Bulk 56,0.3369308083630411,0.19304579513192816,0.07300647622472695,0.188450661419547,0.20856625886075672
Bulk 57,0.10485821764708299,0.19731673008165307,0.2681338375559118,0.33205120026060403,0.09764001445474822
Bulk 58,0.6508298975593173,0.10164472138943852,0.03892508182387103,0.14058073233047622,0.06801956689689694
Bulk 59,0.37686912878537043,0.08414771375617784,0.0,0.32405545818930326,0.2149276992691484
Bulk 60,0.0333081106993588,0.1637592375134811,0.11760452236420402,0.42834593225413087,0.25698219716882525
Bulk 61,0.43947662139111354,0.14586404819895268,0.020800794660901314,0.30549918994174313,0.0883593458072893
Bulk 62,0.36839423576938224,0.17150515856608936,0.0,0.21740336607557204,0.2426972395889564
Bulk 63,0.47265822458496565,0.10947396994276444,0.0,0.15631327957625557,0.26155452589601436
Bulk 64,0.23599418336253764,0.12112678501770224,0.14982131474146188,0.3535778959953242,0.1394798208829742
Bulk 65,0.6712428968031698,0.028284186587779456,0.0,0.14031637777889822,0.16015653883015238
Bulk 66,0.6700736142150577,0.0,0.0,0.05902157618250476,0.27090480960243757
Bulk 67,0.5527832227092616,0.0,0.0,0.18968812865944315,0.2575286486312953
Bulk 68,0.3317126426200335,0.1358550046877693,0.031201216670807733,0.32087187817990315,0.18035925784148618
Bulk 69,0.22008589086462083,0.09205010769389425,0.11477573217953897,0.42931696065031105,0.14377130861163484
Bulk 70,0.0,0.14674865494227268,0.06913863138736713,0.4952350800580303,0.2888776336123298
Bulk 71,0.2774908736964932,0.15759168679923968,0.0,0.2663363840203525,0.2985810554839147
Bulk 72,0.16449894504695442,0.23521116557641783,0.021207132473186233,0.32684294875284053,0.252239808150601
Bulk 73,0.2645332921108027,0.17223017863019427,0.0,0.2871896262053665,0.2760469030536367
Bulk 74,0.17919867114588922,0.12007501570364268,0.23841093500103802,0.3789198346736502,0.0833955434757798
Bulk 75,0.26487476158319356,0.1516981605045599,0.14415779343791915,0.3368873117965967,0.10238197267773068
Bulk 76,0.07345365376909976,0.18105023517046975,0.07869535566046143,0.48347104770408117,0.18332970769588783
Bulk 77,0.6568376555185168,0.07071885080370321,0.0,0.0,0.27244349367778004
Bulk 78,0.509683191330576,0.06625930559539557,0.0,0.1508854773424701,0.2731720257315584
Bulk 79,0.2106781907298084,0.1685049202854636,0.05736753741917352,0.41955613237722533,0.14389321918832917
Bulk 80,0.19327209392211525,0.24539403035188112,0.02584772022323539,0.19259770794701073,0.3428884475557575
Bulk 81,0.4156668496666298,0.12215270749418855,0.0,0.1958379733409324,0.2663424694982492
Bulk 82,0.8240933472164929,0.0,0.0,0.0,0.17590665278350714
Bulk 83,0.11242301230703071,0.21635602618703112,0.11049841930514293,0.3523244421166314,0.20839810008416382
Bulk 84,0.30684924643324296,0.07423251249018464,0.0,0.5290617532838907,0.08985648779268168
Bulk 85,0.09486646897011654,0.09011191028123341,0.12701754382459976,0.4642168724996051,0.22378720442444522
Bulk 86,0.07938533008143052,0.25502653959407695,0.039148302426510656,0.3165754293541335,0.3098643985438484
Bulk 87,0.4335725386412677,0.08503737582554355,0.0,0.36076617740933153,0.12062390812385725
Bulk 88,0.09794914158536172,0.22181368897126943,0.0,0.3554564511870129,0.324780718256356
Bulk 89,0.20932907591417968,0.165984132673127,0.0,0.3659913498538561,0.2586954415588374
Bulk 90,0.15486808625424894,0.2029187625297243,0.05254894592752274,0.3535767807011986,0.2360874245873054
Bulk 91,0.4490144622847825,0.0687746173437316,0.0,0.31584779850989236,0.16636312186159358
Bulk 92,0.5193153770081368,0.08497965398487486,0.0,0.14304625118924558,0.2526587178177427
Bulk 93,0.2489916953918916,0.07280403842404894,0.21221100700951437,0.3745201574185567,0.09147310175598836
Bulk 94,0.2213620480134802,0.08726732366512237,0.11754904678453124,0.46007326515798685,0.11374831637887942
Bulk 95,0.13948392424218803,0.2753884154655037,0.12851698935605504,0.30391157282443965,0.1526990981118137
Bulk 96,0.532332878762144,0.039078768586421765,0.18268543293635547,0.12706824227496605,0.11883467744011283
Bulk 97,0.6630089318826408,0.05244112860718111,0.0,0.0,0.2845499395101783
Bulk 98,0.3471884247334494,0.03777101997738488,0.29841741920685777,0.24797287629765685,0.06865025978465104
Bulk 99,0.2321203228771622,0.2164921222213534,0.0,0.2696815113340172,0.2817060435674672
Bulk 100,0.03421787957605585,0.21482571339893966,0.07835553292100562,0.49544396593460766,0.17715690816939114
Bulk 101,0.27069366561975394,0.13426782136355053,0.10254394534497042,0.374711703316031,0.1177828643556941
Bulk 102,0.06028347155952742,0.0018404658445869062,0.22948410583322723,0.611204924678752,0.0971870320839065
Bulk 103,0.17583583563743727,0.20343920951421454,0.08725675284171663,0.23632397939147332,0.29714422261515827
Bulk 104,0.23429444899775675,0.2239756255914923,0.061564698254836306,0.21566344726314945,0.2645017798927652
Bulk 105,0.28189833239465567,0.17381752939174627,0.07582072858544138,0.34085731282540205,0.12760609680275456
Bulk 106,0.26829506502925005,0.20535956483960968,0.0,0.31284880343474947,0.2134965666963908
Bulk 107,0.29677201693955746,0.13321403906909432,0.10099016419793637,0.2811635445928449,0.1878602352005669
Bulk 108,0.28989451246665954,0.11684133296389738,0.10699050099593069,0.21884639082661628,0.26742726274689604
Bulk 109,0.3279477038089833,0.0,0.25442858983833233,0.3197809217864094,0.0978427845662751
Bulk 110,0.9054715524485218,0.0,0.0,0.0,0.09452844755147807
Bulk 111,0.3728866363922779,0.15637531426210785,0.19145021012170868,0.16072873281914216,0.1185591064047634
Bulk 112,0.36672220392286214,0.20060731378975113,0.0,0.17981632547383242,0.2528541568135542
Bulk 113,0.3601561590774219,0.2088029947861208,0.0,0.248546375514537,0.18249447062192034
Bulk 114,0.3414417443969355,0.1276411248901162,0.028469178249877148,0.3581487990097393,0.14429915345333197
Bulk 115,0.5603044944733631,0.13642401926213055,0.0,0.035992605548470065,0.26727888071603634
Bulk 116,0.180861913665452,0.1735989147795743,0.24695751903478347,0.2307281654580988,0.16785348706209152
Bulk 117,0.16436672686338838,0.13081211236443463,0.0836214208666879,0.35376834136417445,0.26743139854131465
Bulk 118,0.18949382054286143,0.21011295470637548,0.020975442304146462,0.32580311833902476,0.2536146641075918
Bulk 119,0.5684384378955886,0.0,0.19498668009269807,0.20228897074594507,0.034285911265768194
Bulk 120,0.3046894855443228,0.14530570276213395,0.011436364741541522,0.2524504669804684,0.28611797997153343
Bulk 121,0.5205979416576181,0.025013914592407142,0.11419290668858353,0.3401952370613912,0.0
Bulk 122,0.6750936166903025,0.05577004603124867,0.0,0.03590942527807857,0.23322691200037032
Bulk 123,0.37876598569466474,0.1035650553681184,0.06362653392493563,0.24044055316482643,0.2136018718474546
Bulk 124,0.10868996623234838,0.19396094273292816,0.1437330424502454,0.28448499200189525,0.2691310565825827
Bulk 125,0.5159600449486003,0.1644946820286971,0.0,0.10481045608935523,0.21473481693334748
Bulk 126,0.13779914578187694,0.20871964942582424,0.04323108058425654,0.4021675372023611,0.2080825870056811
Bulk 127,0.29246109516836655,0.1577078695722847,0.028272230430078597,0.2273708213468052,0.2941879834824649
Bulk 128,0.6960558785976844,0.0,0.0,0.09829370732111059,0.20565041408120505
Bulk 129,0.31973458975976726,0.2443577167155775,0.0,0.1140108354605463,0.3218968580641089
Bulk 130,0.19312575759057884,0.029280404879519977,0.3260737357825813,0.3661614521908168,0.08535864955650299
Bulk 131,0.3003438834742081,0.16490602597891993,0.0,0.29615058205686146,0.23859950849001058
Bulk 132,0.6673921820793751,0.07557140945854703,0.0,0.03876232466225858,0.2182740837998194
Bulk 133,0.7308159005856145,0.0,0.025962252442147303,0.0,0.2432218469722382
Bulk 134,0.20601641743446547,0.14168235968725462,0.19032531382297638,0.3111423724184442,0.15083353663685925
Bulk 135,0.4339892498135511,0.005222298104446636,0.03425222640501751,0.38898412601316223,0.13755209966382265
Bulk 136,0.47993027053892395,0.058073981438711536,0.09433345771341174,0.18947520835781442,0.17818708195113828
Bulk 137,0.3638800925453683,0.1487486831717194,0.09308220864038927,0.11552329033721397,0.2787657253053092
Bulk 138,0.11830337057956793,0.1916234710876494,0.15416986514529496,0.33621034180673004,0.19969295138075763
Bulk 139,0.9234534275826248,0.0,0.0,0.0765465724173751,0.0
Bulk 140,0.45442406583708206,0.06939119301167301,0.0,0.2572887414827848,0.21889599966846016
Bulk 141,0.2548072253027427,0.027816372814729488,0.23982202576816178,0.2635423242280452,0.21401205188632083
Bulk 142,0.8312716197891339,0.0,0.0,0.0,0.16872838021086617
Bulk 143,0.19788543378194004,0.20347401294779036,0.1693347008865515,0.20166948757791728,0.22763636480580085
Bulk 144,0.16600617317508592,0.2195593943758544,0.0398357414862952,0.28440950542183013,0.29018918554093437
Bulk 145,0.3410428276249283,0.1945062425509333,0.0,0.31660855837726776,0.1478423714468707
Bulk 146,0.18698191741395556,0.13643452240514575,0.17137185531133753,0.4275044584374016,0.07770724643215965
Bulk 147,0.10484282115724082,0.18407188481144982,0.142337467311815,0.38744683888790676,0.18130098783158757
Bulk 148,0.43269165355249334,0.0,0.23050829173560938,0.29495960528875914,0.04184044942313819
Bulk 149,0.06421751476082492,0.22242463343983332,0.05653527838467442,0.355646073161951,0.30117650025271625
Bulk 150,0.18097644064454121,0.15094918593397713,0.05419117321698343,0.3510812807399699,0.2628019194645282
Bulk 151,0.33657878084342346,0.21315500671425766,0.0,0.19040975873545227,0.2598564537068666
Bulk 152,0.4785309682065621,0.27520922203924325,0.0,0.0,0.24625980975419468
Bulk 153,0.2713009587448038,0.06861486964335839,0.160334278626479,0.31317828104564105,0.18657161193971772
Bulk 154,0.322599923028098,0.20543745142587705,0.0,0.27116990904991195,0.20079271649611302
Bulk 155,0.27787771245065424,0.033007029130788075,0.21346927292094692,0.36277000869468484,0.11287597680292592
Bulk 156,0.49349267052260004,0.1393419023944836,0.08107801509457614,0.0,0.28608741198834015
Bulk 157,0.30693335626066637,0.18942262072164964,0.0,0.23443969653400046,0.2692043264836836
Bulk 158,0.32268155843157625,0.11436151498919801,0.0,0.3783740234920411,0.18458290308718472
Bulk 159,0.580279582339711,0.0430038247384553,0.06603249506895387,0.2613997113695064,0.04928438648337342
Bulk 160,0.10236134711381022,0.2718796912377131,0.08043434918791388,0.2140155488351104,0.33130906362545237
Bulk 161,0.5669578830570852,0.10729237430121397,0.0,0.06726171816722726,0.2584880244744737
Bulk 162,0.1474491879051466,0.17771138930958674,0.08883790567268582,0.34407505538821337,0.2419264617243676
Bulk 163,0.3595129855672839,0.13259666945111387,0.0,0.2830342445855477,0.22485610039605475
Bulk 164,0.20928271387990285,0.1856305693114229,0.08240439710101352,0.26607178692211336,0.2566105327855474
Bulk 165,0.34910943759549007,0.13862770521529805,0.020985414001785465,0.3646885857061632,0.1265888574812633
Bulk 166,0.7923539174220413,0.0,0.0035767389483463406,0.09369071060704574,0.11037863302256681
Bulk 167,0.5489424427166135,0.11962475195126082,0.0,0.24251182562272652,0.08892097970939901
Bulk 168,0.1030494762468772,0.19168458399057278,0.07104326078229868,0.35872723963637304,0.27549543934387827
Bulk 169,0.7858532058103177,0.016776184999966293,0.0,0.0,0.19737060918971602
Bulk 170,0.2328740331463204,0.16546917941449613,0.16866622060087133,0.07273313728248705,0.3602574295558251
Bulk 171,0.23119243983256638,0.1040750037960869,0.050530935093098694,0.32840205100112085,0.2857995702771271
Bulk 172,0.22691791673602543,0.1439559201760806,0.042978449884762765,0.2141134733806972,0.37203423982243394
Bulk 173,0.19699788836663382,0.23893410076307509,0.2348191802002885,0.20704929727606372,0.1221995333939389
Bulk 174,0.7646221697365447,0.002029671090519392,0.0078971712982316,0.20607242410983356,0.01937856376487087
Bulk 175,0.33700127640120353,0.06543761082077637,0.10829996857935754,0.29288360282419684,0.19637754137446545
Bulk 176,0.042474766191302714,0.15272207574827776,0.26518801582225227,0.3800909389915283,0.159524203246639
Bulk 177,0.0771443458579844,0.19306542312087657,0.1451594718842645,0.37568076966124914,0.20894998947562535
Bulk 178,0.3353690042497352,0.16096730655117253,0.02832651273287414,0.1348486583902064,0.34048851807601166
Bulk 179,0.62904405776669,0.0,0.0,0.25465599255569094,0.11629994967761913
Bulk 180,0.2861521498888483,0.17395817675275393,0.04101616896288799,0.3068829100097062,0.19199059438580363
Bulk 181,0.32127282741429464,0.08353637715502873,0.1492608702600918,0.2997615435775214,0.14616838159306353
Bulk 182,0.1937704853161058,0.24718626795150894,0.06952509407703972,0.2242989652463359,0.2652191874090096
Bulk 183,0.41436843929992645,0.18410471478873638,0.0,0.1274072124365034,0.2741196334748338
Bulk 184,0.20703236424616994,0.2767318407794483,0.05331628242950993,0.26022081287334975,0.20269869967152215
Bulk 185,0.3522249487483466,0.08458902717501475,0.0,0.28428851258134363,0.27889751149529524
Bulk 186,0.2713844646455375,0.10739752199839868,0.24444573414467843,0.27805335465758224,0.09871892455380311
Bulk 187,0.5165807788990474,0.09602166859488848,0.0,0.1261907504806467,0.26120680202541746
Bulk 188,0.1514360597727892,0.17467365468146664,0.077681817649205,0.3346848050685156,0.2615236628280237
Bulk 189,0.3838201371546089,0.14762194656241712,0.025406971085533588,0.14415743224797392,0.2989935129494665
Bulk 190,0.33040715297277884,0.14288169473726753,0.15527353096763669,0.22376388484603668,0.14767373647628027
Bulk 191,0.28153408205585423,0.16639786936222892,0.015235838003704583,0.37053772298568066,0.1662944875925316
Bulk 192,0.518983758912697,0.14515222257704327,0.0,0.24811403465745735,0.08774998385280229
Bulk 193,0.4769112930213551,0.07818746182643752,0.33498793032268664,0.05079635985039702,0.059116954979123774
Bulk 194,0.3619620045361176,0.14245684294945668,0.06354701785811495,0.15085212590452424,0.2811820087517866
Bulk 195,0.5144236250608121,0.17938372539054326,0.0,0.042897807499347074,0.26329484204929743
Bulk 196,0.24430454773894816,0.1254576289516945,0.28223401462033826,0.20539385969992177,0.1426099489890971
Bulk 197,0.14486914782385624,0.2500079194937397,0.16101802990057398,0.16625254429122086,0.27785235849060924
Bulk 198,0.8335439483263076,0.05086301361617527,0.0,0.024352005964214263,0.09124103209330282
Bulk 199,0.6360061225143323,0.09867993362341275,0.0,0.07738041314791619,0.1879335307143388
Bulk 200,0.07255348658062234,0.1146069015381387,0.2920355186852678,0.3505853376660014,0.17021875552996968
Bulk 201,0.1969463223426087,0.1690687644303106,0.11501323216742344,0.29069725225187726,0.2282744288077799
Bulk 202,0.22343741443350856,0.2159684908459793,0.04312871046455222,0.2407336016667886,0.27673178258917136
Bulk 203,0.6271244992909121,0.1127129629302523,0.0,0.0,0.26016253777883547
Bulk 204,0.7436473379326529,0.03257087881105043,0.0,0.11758939340765054,0.10619238984864608
Bulk 205,0.41276070845995244,0.2447732165479886,0.0,0.17343291274047934,0.16903316225157958
Bulk 206,0.4623260682392058,0.107228995112548,0.06973095879852236,0.16353310079254746,0.19718087705717652
Bulk 207,0.2774342563536383,0.19976851205836094,0.07061858491574871,0.22899909552170697,0.22317955115054502
Bulk 208,0.3234019139798087,0.0,0.2457898246772205,0.28970448198154264,0.1411037793614281
Bulk 209,0.7930689706724867,0.0,0.0,0.20693102932751314,0.0
Bulk 210,0.4125413733422517,0.12142698459081384,0.026440052488007168,0.23416222779418178,0.20542936178474552
Bulk 211,0.11853492701019606,0.2618813915995539,0.18483188761164265,0.14837600102780377,0.28637579275080355
Bulk 212,0.30582203301414485,0.15542954227940123,0.19411951918697395,0.15910148671647717,0.18552741880300272
Bulk 213,0.15732418829598377,0.2091792439646978,0.08126931715355873,0.2839780387805478,0.26824921180521183
Bulk 214,0.24621247753969436,0.11901504652724973,0.3025655534250178,0.19153887772431835,0.14066804478371983
Bulk 215,0.29697440188506474,0.16105907507201828,0.05599116770361099,0.3187339368734147,0.1672414184658912
Bulk 216,0.07944547189266024,0.24425377786768349,0.009074494045933282,0.3079927326267,0.359233523567023
Bulk 217,0.5278026532294896,0.12653012851373852,0.0,0.12942361631245233,0.21624360194431944
Bulk 218,0.06683403769456586,0.2055761397985187,0.20328034017660454,0.3288512010349163,0.1954582812953945
Bulk 219,0.6720367300255436,0.009345729705794406,0.0189103019124214,0.21034275982092812,0.0893644785353124
Bulk 220,0.7077296388893776,0.14337391371759545,0.0,0.0812125858691209,0.06768386152390614
Bulk 221,0.4294169231088956,0.042266394127458466,0.18380465961603587,0.17358575240365934,0.17092627074395064
Bulk 222,0.47123978048481463,0.11403159021816381,0.0,0.28490829841839754,0.12982033087862413
Bulk 223,0.18509402885531404,0.18908954888368182,0.07612485398387324,0.3420831394036861,0.20760842887344472
Bulk 224,0.5673625902277524,0.07660745510149926,0.06897486823856414,0.11505709450497548,0.1719979919272088
Bulk 225,0.5040809662695195,0.09787489625316562,0.20219901060483025,0.12698648810517832,0.06885863876730644
Bulk 226,0.5058194174050342,0.12670376104097467,0.04598612331515914,0.06227587923796897,0.25921481900086285
Bulk 227,0.07694890588487249,0.2601189059197546,0.030303723949173172,0.24263226215858996,0.3899962020876098
Bulk 228,0.30006074212851946,0.18056446751551022,0.06165904096274115,0.2206429298846396,0.23707281950858958
Bulk 229,0.13533374083834188,0.1926544738050151,0.14854874552659444,0.2502502341480289,0.2732128056820197
Bulk 230,0.07021912083949836,0.2029503958518655,0.14404988416801687,0.39853700763980376,0.18424359150081548
Bulk 231,0.6102623423485318,0.1329026875963748,0.0,0.0,0.2568349700550934
Bulk 232,0.31333766710222394,0.05163795585886887,0.03413342212567141,0.4084359365225212,0.1924550183907146
Bulk 233,0.6383187412550718,0.0,0.0,0.2021819246644168,0.15949933408051134
Bulk 234,0.3769798138150744,0.24135132021597155,0.0,0.11533474280597879,0.2663341231629752
Bulk 235,0.2909198194079499,0.12188813303946835,0.12228797594779314,0.20511494293483978,0.25978912866994874
Bulk 236,0.028721188482119644,0.1539447862584682,0.07398232823259654,0.38810247018046967,0.355249226846346
Bulk 237,0.37737090909933546,0.19186631918120464,0.0,0.20023974194692964,0.23052302977253022
Bulk 238,0.36436207817432864,0.19615690391428314,0.015054291521579506,0.054901350730290045,0.3695253756595188
Bulk 239,0.022477730716857432,0.25732960745409694,0.06321735786996147,0.3883946292544674,0.26858067470461683
Bulk 240,0.30360375397602624,0.21809484277488483,0.003919592285275232,0.21613752923525353,0.2582442817285602
Bulk 241,0.07005813125207516,0.2620971837731901,0.10294369474121429,0.30103137365593063,0.26386961657758984
Bulk 242,0.7433283407928435,0.055189235491967685,0.0,0.0,0.2014824237151888
Bulk 243,0.5040953749909337,0.07313748017301626,0.0,0.2119810040830055,0.21078614075304453
Bulk 244,0.23459722457346488,0.14079993017496342,0.19584742193357685,0.22329491893037048,0.20546050438762445
Bulk 245,0.800581184864831,0.03000443084141219,0.0035871166144028008,0.0,0.165827267679354
Bulk 246,0.10942088896232688,0.31268551667221445,0.0,0.2445107854222072,0.33338280894325156
Bulk 247,0.6548095250439205,0.030195859008826903,0.11936649847688754,0.0,0.19562811747036504
Bulk 248,0.4927759023361557,0.1728236629055084,0.0,0.11713164149657129,0.21726879326176468
Bulk 249,0.7877539073964928,0.012875380804421641,0.0,0.0,0.19937071179908566
Bulk 250,0.7165271911557909,0.03169834549794728,0.01634069915735469,0.0,0.23543376418890716
Bulk 251,0.1331203280225629,0.21443767731282934,0.006873959973812152,0.31756446100814645,0.3280035736826492
Bulk 252,0.333592101212717,0.1387445486038712,0.11358949011613294,0.12958274946863083,0.2844911105986481
Bulk 253,0.2711693793788382,0.2284279397398909,0.0,0.17576209546206653,0.32464058541920443
Bulk 254,0.3358033336096294,0.1331064691713813,0.2042003204406663,0.06286302884830898,0.264026847930014
Bulk 255,0.2948166464835957,0.21608297600343082,0.0,0.2488092161736906,0.24029116133928283
Bulk 256,0.12014910347884222,0.2843222533136816,0.08249324133739663,0.15112924430208502,0.3619061575679946
Bulk 257,0.07127301521598102,0.2999586834992298,0.03439884387794339,0.22485418680570418,0.3695152706011418
Bulk 258,0.4009043794931882,0.09311064990254381,0.0394989879384011,0.12469086335228484,0.3417951193135819
Bulk 259,0.5707302386881045,0.13457356884443183,0.0,0.009100513049739552,0.2855956794177242
Bulk 260,0.09736602449272243,0.08603112428106616,0.15101542512091234,0.4979775000993976,0.16760992600590152
Bulk 261,0.21229723487540839,0.1435308693201072,0.12276399076184442,0.29705748544543037,0.22435041959720958
Bulk 262,0.15898504239369288,0.3024055801994113,0.11457951290482164,0.12465218000426188,0.2993776844978123
Bulk 263,0.600649209823282,0.0,0.0,0.23252166096790566,0.16682912920881238
Bulk 264,0.39844016538510624,0.11002866874925095,0.0,0.27341517938307514,0.21811598648256772
Bulk 265,0.10417817825010332,0.2896320157444216,0.0,0.32823236761377755,0.2779574383916976
Bulk 266,0.09401381670668421,0.21986265724569648,0.17391935601991235,0.31171835499996486,0.20048581502774215
Bulk 267,0.2809310079030607,0.14058516042811287,0.12200304167200146,0.31385353426812224,0.14262725572870277
Bulk 268,0.17600988379999633,0.1562574808274371,0.35404779454622387,0.3136848408263427,0.0
Bulk 269,0.6617430960568865,0.12190387384656486,0.0,0.10452598133234003,0.11182704876420846
Bulk 270,0.42228272072468775,0.18873054089351007,0.0,0.09703748422894048,0.2919492541528617
Bulk 271,0.048831168630602835,0.15039726844859377,0.0975438699656251,0.43329050729935514,0.2699371856558231
Bulk 272,0.28757181276352295,0.13402658666156522,0.1404399471838341,0.19494844482019758,0.24301320857088018
Bulk 273,0.3351503218635644,0.14993750232217573,0.11124399422929665,0.12334634322714251,0.2803218383578206
Bulk 274,0.35210832328611613,0.21438399160828028,0.008722647626628905,0.32651094899659155,0.09827408848238317
Bulk 275,0.09267378836922209,0.22743247679770132,0.12310186402615167,0.2879592631862989,0.26883260762062594
Bulk 276,0.5652416684137005,0.0,0.0,0.37235570365982573,0.062402627926473636
Bulk 277,0.34081088080039684,0.12912821939459282,0.2369123859736213,0.21587682709693115,0.07727168673445793
Bulk 278,0.22399609530762865,0.17452469218833402,0.08807972078288319,0.2781344959900598,0.23526499573109436
Bulk 279,0.3075776959727324,0.13054809177897184,0.07157660056489057,0.24661585514455042,0.24368175653885477
Bulk 280,0.42272191409420057,0.1913719425155387,0.0,0.19046034242719448,0.19544580096306627
Bulk 281,0.8851657837295043,0.0,0.0,0.0,0.11483421627049577
Bulk 282,0.4877577131376453,0.05793484599681955,0.0,0.28947205816416766,0.16483538270136747
Bulk 283,0.4478154762788718,0.17673386107100403,0.019358500989127104,0.12404071244962965,0.23205144921136742
Bulk 284,0.7601007318878426,0.07901136294137316,0.0,0.0,0.1608879051707842
Bulk 285,0.17344351286256393,0.2553669898319499,0.12021043877075309,0.18741484262222566,0.2635642159125074
Bulk 286,0.1407304445520509,0.15486699584162267,0.12024978599369514,0.36946515515891215,0.2146876184537192
Bulk 287,0.05550692376044352,0.14908424904214126,0.09194406239331712,0.3572961747282736,0.3461685900758245
Bulk 288,0.3813402033878008,0.13304846101403978,0.08973582591722201,0.254173364314709,0.14170214536622855
Bulk 289,0.8916671077458367,0.0,0.0,0.0,0.10833289225416329
Bulk 290,0.12556002890406492,0.14584832029806455,0.1815268340073305,0.39487060783365885,0.15219420895688104
Bulk 291,0.5977397400143433,0.1394539601331705,0.0,0.07358717291357662,0.18921912693890966
Bulk 292,0.2628650379511172,0.15924114927754804,0.08677517072463582,0.13374035242091653,0.35737828962578233
Bulk 293,0.23093164852321527,0.1850096680925247,0.10376185725296057,0.16633115873316195,0.3139656673981375
Bulk 294,0.7982921242715646,0.0,0.0,0.0,0.20170787572843546
Bulk 295,0.5200972154724883,0.08758311364578274,0.0468209267444165,0.16142249841427375,0.1840762457230387
Bulk 296,0.4041087797602629,0.1688009092405155,0.09326474573265489,0.11287366481655622,0.22095190045001062
Bulk 297,0.793854673509143,0.02312387684359914,0.0,0.04628251739495804,0.13673893225229994
Bulk 298,0.3215298433683117,0.13654204325152186,0.0,0.32058444885472537,0.22134366452544096
Bulk 299,0.6890761815371443,0.09902049607608479,0.0,0.005756439987411876,0.20614688239935908
Bulk 300,0.14854612742221948,0.0,0.21573670908935338,0.4739539093808813,0.1617632541075458
Bulk 301,0.11691448853819059,0.2672735434267892,0.0007647281515605376,0.2864449294998556,0.32860231038360416
Bulk 302,0.26262318300281534,0.15685781685956152,0.009478446781727864,0.40409548065264667,0.16694507270324854
Bulk 303,0.29410199432233364,0.17995928375731846,0.0,0.2570597743839934,0.26887894753635444
Bulk 304,0.25685684227862166,0.26897629036262494,0.082366637320693,0.14501086539269747,0.24678936464536314
Bulk 305,0.4548007346245359,0.1672010306984587,0.016173495651382798,0.09690353142738686,0.26492120759823573
Bulk 306,0.5694483773257922,0.1175997761904203,0.1750110314864927,0.0,0.1379408149972948
Bulk 307,0.7452174612213385,0.08257631923658121,0.0,0.0,0.17220621954208026
Bulk 308,0.4380962597559502,0.1636772630362861,0.0,0.12734385886940916,0.27088261833835464
Bulk 309,0.38130533539212624,0.27573501896042013,0.0,0.02238736445934493,0.3205722811881087
Bulk 310,0.12708568202272577,0.2616582025925436,0.14695957636026052,0.17577311301363557,0.2885234260108346
Bulk 311,0.3131356574098173,0.1933478781107361,0.027340597063786953,0.20404829936278848,0.2621275680528712
Bulk 312,0.5497514974202531,0.14694106721159458,0.1630747499007966,0.0,0.14023268546735582
Bulk 313,0.15277701961508852,0.29873638707682454,0.0,0.17017535013191384,0.37831124317617304
Bulk 314,0.6222776028817645,0.16582458708807532,0.0,0.17866280714240612,0.03323500288775407
Bulk 315,0.24467839122104137,0.19130074763139351,0.09277083658052614,0.2558509966930876,0.2153990278739515
Bulk 316,0.23135549015895823,0.21855656836845125,0.1033433188676888,0.1286590429272759,0.3180855796776258
Bulk 317,0.18537897847706475,0.24143409687345932,0.086235683301766,0.21473808485878235,0.2722131564889276
Bulk 318,0.7718832142618433,0.04930390259729515,0.0,0.0,0.17881288314086147
Bulk 319,0.08519931242672515,0.2872205706915609,0.12038978472072855,0.20276263003364955,0.30442770212733594
Bulk 320,0.598692928945,0.09335312940960735,0.0,0.07217128378460645,0.2357826578607862
Bulk 321,0.26765372700942575,0.2469227050450788,0.019003700806923568,0.2046191754663133,0.2618006916722585
Bulk 322,0.16737803798969494,0.16722613945035933,0.12091116382602736,0.351469909662853,0.1930147490710652
Bulk 323,0.4010785678277519,0.17103766879553794,0.29590201500137003,0.0,0.13198174837534024
Bulk 324,0.45082555242289707,0.21561943181235765,0.0,0.0,0.33355501576474533
Bulk 325,0.2823138305539685,0.09716127472931418,0.3853724226939417,0.12645630916748962,0.1086961628552858
Bulk 326,0.07357520446496361,0.23254521393643218,0.46043864504797083,0.0,0.23344093655063336
Bulk 327,0.6811257943663002,0.06411288882256098,0.05680411119230928,0.0,0.1979572056188296
Bulk 328,0.4047903563398525,0.16880194432568935,0.0,0.189815152033353,0.23659254730110513
Bulk 329,0.5277571111173657,0.1807491828804546,0.0,0.04843051471162221,0.24306319129055756
Bulk 330,0.22922556081691878,0.20231711540324576,0.12620353299722062,0.14445584974031087,0.297797941042304
Bulk 331,0.36489581809143445,0.1768947360630042,0.0,0.2317575683512316,0.22645187749432982
Bulk 332,0.22037938677711194,0.27986151618228383,0.0,0.22845940483619742,0.2712996922044067
Bulk 333,0.7376447798471373,0.028616457995041346,0.0,0.0,0.23373876215782136
Bulk 334,0.03891269058451142,0.22908293989590645,0.0,0.4649026776811102,0.267101691838472
Bulk 335,0.37182830414015766,0.176936552909155,0.15276255400540342,0.1969514680146663,0.10152112093061773
Bulk 336,0.5325146660665641,0.10094312725047079,0.0,0.005094572863942845,0.3614476338190222
Bulk 337,0.18286719857891687,0.26267611868283,0.003750778553139038,0.35186859943487026,0.19883730475024383
Bulk 338,0.2282942921583538,0.13525346812758296,0.07034078293826221,0.3605396635969439,0.20557179317885715
Bulk 339,0.719027903823078,0.055301932229139324,0.09664642033357525,0.0,0.12902374361420746
Bulk 340,0.2606674647688561,0.07710431050847713,0.1518111032308818,0.22480584113462607,0.28561128035715894
Bulk 341,0.21909998055192975,0.1061637524536982,0.3609182519927454,0.3039242808573709,0.00989373414425595
Bulk 342,0.0,0.1607448257217981,0.09925479183937941,0.5055719501793898,0.23442843225943252
Bulk 343,0.20379043594813792,0.19994101585158716,0.0,0.2577180322974013,0.3385505159028737
Bulk 344,0.49968589044669987,0.1411594572275913,0.0,0.16362915839273498,0.19552549393297394
Bulk 345,0.31256642177665556,0.26854224585531483,0.0,0.08856920592302432,0.3303221264450053
Bulk 346,0.20249911683869656,0.14937898703957483,0.05171156989883796,0.3382852422303171,0.25812508399257367
Bulk 347,0.32070489783364436,0.16143264645078825,0.022085324478026653,0.2453260948259455,0.2504510364115954
Bulk 348,0.4267130775018798,0.12214853838166269,0.16176712170869745,0.031149803782531352,0.2582214586252289
Bulk 349,0.2576818685459382,0.2429951594565509,0.07671115840854646,0.2094217442778636,0.21319006931110085
Bulk 350,0.3276722663479741,0.2499642298150129,0.0,0.10421169142366808,0.3181518124133449
Bulk 351,0.9506035989169067,0.0,0.0,0.0,0.049396401083093275
Bulk 352,0.2374862100896121,0.0,0.2408113969244204,0.5197538794753868,0.0019485135105808261
Bulk 353,0.21532458556145792,0.23484575661800106,0.011668540690093697,0.2001172252148751,0.3380438919155721
Bulk 354,0.6357829630747405,0.09349272511773636,0.08658872455950142,0.0,0.18413558724802187
Bulk 355,0.2237577798076714,0.12021073146229759,0.18356769265827896,0.291280885287523,0.18118291078422902
Bulk 356,0.41041177790891786,0.12499215432152393,0.06597665106221456,0.22486277358662118,0.17375664312072248
Bulk 357,0.2733767304725486,0.21635505077169498,0.0,0.1791658420981561,0.33110237665760034
Bulk 358,0.527662014200025,0.07081607999286936,0.0,0.21523213932135618,0.18628976648574938
Bulk 359,0.29104864062543107,0.15396508472955672,0.1377810789410841,0.18971442581255057,0.22749076989137754
Bulk 360,0.27825793619070815,0.2512289396696139,0.09790273879910037,0.11012481683711191,0.26248556850346566
Bulk 361,0.4863318746107242,0.20841262311766323,0.10323885597763419,0.08396937627352842,0.11804727002044997
Bulk 362,0.20118722225688426,0.1720837369696552,0.0841930293092702,0.40914479793526454,0.1333912135289258
Bulk 363,0.2747750815135228,0.19809391072064153,0.0,0.29890173857589736,0.22822926918993838
Bulk 364,0.23370495715249598,0.16977004352663244,0.11694149985594031,0.26823831959227135,0.21134517987265988
Bulk 365,0.42050366387941523,0.09299984134056329,0.141376462861877,0.2842887980009225,0.06083123391722195
Bulk 366,0.16790271819768163,0.237895727039222,0.011558676131256282,0.2601107484454583,0.3225321301863819
Bulk 367,0.5060410826459281,0.09660863465843733,0.0075795885289888995,0.05178257067211368,0.3379881234945321
Bulk 368,0.07765828320169939,0.27518278265387397,0.06405748068594568,0.19493797679903632,0.3881634766594447
Bulk 369,0.2025063741803194,0.2526195709446852,0.0,0.25432808790035244,0.290545966974643
Bulk 370,0.3214138116228496,0.1572763547564322,0.14672934973963017,0.21802639570590324,0.15655408817518485
Bulk 371,0.3273814988563181,0.2517583578571285,0.0,0.036236269679333515,0.38462387360721983
Bulk 372,0.11372967050179397,0.1323309446751174,0.05576580379832868,0.39122104286985504,0.30695253815490486
Bulk 373,0.19337506769824678,0.24680575873382746,0.018842877949558374,0.25854320712126844,0.2824330884970989
Bulk 374,0.39132105981442494,0.1845887304192661,0.10515700610530242,0.07162067788446941,0.2473125257765371
Bulk 375,0.29561220532526744,0.07111016116548304,0.0,0.3597325234852469,0.2735451100240026
Bulk 376,0.7346199415716534,0.0,0.0,0.0,0.26538005842834644
Bulk 377,0.34355537704491756,0.19672951335555283,0.02089376704533303,0.23518375714270254,0.203637585411494
Bulk 378,0.2547197954779495,0.3042671676513163,0.0,0.1480693564103955,0.29294368046033864
Bulk 379,0.18983887186216616,0.2533253192513677,0.06197137571017683,0.20203954737406946,0.2928248858022198
Bulk 380,0.3751761392316574,0.14885373814976804,0.11543031915164094,0.2024462238904017,0.15809357957653186
Bulk 381,0.4339882465699077,0.10656451145086675,0.10873239496178626,0.17443582738571933,0.17627901963171996
Bulk 382,0.28463656252154607,0.14560192240104805,0.1911351517039648,0.17611953994773485,0.20250682342570617
Bulk 383,0.23508257551610315,0.191638774397706,0.029224985878279458,0.27503212003153815,0.2690215441763733
Bulk 384,0.15591796850512624,0.27552815669697234,0.08958140772179764,0.13639417314032318,0.3425782939357807
Bulk 385,0.15421183920616105,0.19551777446601296,0.05832056536151149,0.28039825453905587,0.3115515664272588
Bulk 386,0.44478443449224675,0.16094683690159,0.02421722148992465,0.1576930224955484,0.21235848462069032
Bulk 387,0.3038724307763396,0.2550474969721885,0.0,0.19774005775255127,0.24334001449892068
Bulk 388,0.03146084138683156,0.36901326369665727,0.13577031830537886,0.2342255627262841,0.22953001388484834
Bulk 389,0.36326411991806334,0.24705900361995828,0.03307264782349473,0.08250216296264143,0.2741020656758423
Bulk 390,0.5138083118385631,0.09862325777902917,0.0,0.17232450386163736,0.2152439265207703
Bulk 391,0.14242759144186723,0.17469012533887646,0.04084980611165026,0.37899358018372764,0.2630388969238784
Bulk 392,0.38210868060243425,0.10956521398704583,0.01288378598166915,0.2655797016969426,0.22986261773190822
Bulk 393,0.19647987164976022,0.3189372702666276,0.01609754719854149,0.17221341885690628,0.29627189202816434
Bulk 394,0.508898605059115,0.13345919435811965,0.0,0.14754855502615252,0.21009364555661275
Bulk 395,0.6882061690346519,0.07672032071090003,0.0,0.0,0.235073510254448
Bulk 396,0.7696958865153214,0.11961346584258467,0.0,0.0,0.110690647642094
Bulk 397,0.46585366388087823,0.22402430647761612,0.03462280063388108,0.01510125838776945,0.2603979706198551
Bulk 398,0.5673138646397841,0.1903262228873994,0.0,0.22027728139890124,0.022082631073915344
Bulk 399,0.578785509849646,0.10564439068909257,0.04746789058615549,0.16726425137029696,0.10083795750480892
Bulk 400,0.28124911101685873,0.16181203569020705,0.12140742420555481,0.1618110348859509,0.27372039420142835
Bulk 401,0.2849117074218419,0.2156995563085816,0.0357161437424757,0.22139795189290012,0.24227464063420076
Bulk 402,0.10073366232566736,0.20032256513802146,0.0050197617375832195,0.34597060639782223,0.3479534044009057
