,Ast,End,Mic,Neu,Oli
Bulk 0,0.0015126095661915056,0.23814140680377563,0.06270211875129396,0.35636320567037455,0.34128065920836437
Bulk 1,0.23022320016939302,0.11459170836728183,0.06713371505652231,0.3817313445804814,0.20632003182632142
Bulk 2,0.15748680145790436,0.20535859640395548,0.16410811075229947,0.2430032700638194,0.2300432213220212
Bulk 3,0.1527400646445753,0.10048408392650234,0.13393610664711725,0.44912429419108224,0.1637154505907229
Bulk 4,0.727986758619199,0.004333428833418416,0.0,0.1026824598256261,0.16499735272175645
Bulk 5,0.047863324892257975,0.23573222307210548,0.032426380773073755,0.3815250949472685,0.3024529763152943
Bulk 6,0.48955160931567887,0.13067694742709493,0.01573025577231643,0.20345015543837738,0.16059103204653233
Bulk 7,0.3654076141854235,0.14021696055606925,0.09975595790746995,0.3507765696630216,0.0438428976880157
Bulk 8,0.1894321403299884,0.21123462150238975,0.019261054162771612,0.3623873618157761,0.21768482218907426
Bulk 9,0.5215022952402886,0.1463966029349346,0.0,0.033848350281935634,0.2982527515428413
Bulk 10,0.034130815044811844,0.20724471438691694,0.0999467811770356,0.47350121868845807,0.1851764707027776
Bulk 11,0.1525427683611377,0.160799381710648,0.014247084897185423,0.35923894797545136,0.31317181705557756
Bulk 12,0.35204913731378346,0.17932889344478845,0.0,0.15820163002226423,0.3104203392191639
Bulk 13,0.1474447517926053,0.024901407001727844,0.15543626758360823,0.450424732443155,0.22179284117890352
Bulk 14,0.4590741723519292,0.05856557636804627,0.17330924651846688,0.19987693519105276,0.1091740695705048
Bulk 15,0.4619082110979847,0.0910184121573388,0.0,0.2927525907734381,0.15432078597123838
Bulk 16,0.1415641209434398,0.2059296400748584,0.06485642111035307,0.34114057968495687,0.2465092381863918
Bulk 17,0.3203521386658876,0.11953579891130224,0.25481649905746107,0.16646867736755644,0.1388268859977927
Bulk 18,0.5179159525296387,0.07375868133025713,0.0034003031519271357,0.15341717803835028,0.25150788494982657
Bulk 19,0.3831874126746245,0.08448540533813224,0.016411435371154307,0.3376095476565241,0.17830619895956493
Bulk 20,0.01379986056378695,0.3127704037461598,0.06341325552261552,0.2726885689206989,0.33732791124673894
Bulk 21,0.13604016968180635,0.196723954953383,0.008696061031395473,0.37004608259716576,0.2884937317362495
Bulk 22,0.0,0.23683158146097122,0.05938520147233628,0.42451967989483386,0.27926353717185864
Bulk 23,0.1861066364747382,0.1560866899354891,0.0007655391195198726,0.4569737883498032,0.20006734612044974
Bulk 24,0.4212945119878893,0.10624077471396298,0.06797736824384856,0.3254054921187173,0.07908185293558186
Bulk 25,0.2090548401248498,0.17182048714677442,0.035298068666848356,0.3347007590177221,0.24912584504380542
Bulk 26,0.07639128166039272,0.09457769509028265,0.12380622870438822,0.3868945695211452,0.3183302250237912
Bulk 27,0.27505835920405336,0.12176044943048821,0.0,0.45921367421359627,0.14396751715186223
Bulk 28,0.2939022974646599,0.11795895175177903,0.0,0.35734234573534823,0.23079640504821275
Bulk 29,0.35869590150830355,0.1971342054937769,0.0,0.12388514631918965,0.32028474667872997
Bulk 30,0.5979732178140346,0.0,0.0,0.35852127281452184,0.04350550937144367
Bulk 31,0.6219154078555921,0.04067103273722557,0.0,0.0678988641848596,0.2695146952223227
Bulk 32,0.12948915012496057,0.19657474201672176,0.0561985623421261,0.2933844085298376,0.3243531369863538
Bulk 33,0.008586278286817038,0.23038194172834123,0.11444665075451409,0.3386331918598081,0.30795193737051957
Bulk 34,0.4290519778047386,0.05353667800913838,0.0,0.35766537343925775,0.15974597074686533
Bulk 35,0.5490399603868528,0.10323387863065094,0.0,0.12411624898951082,0.22360991199298538
Bulk 36,0.30750339379987707,0.11694888443535036,0.22619952695808285,0.27408821054578836,0.07525998426090144
Bulk 37,0.6688910090980981,0.08459207955965464,0.0,0.1033280391696882,0.14318887217255913
Bulk 38,0.5613042125186234,0.12268573563724323,0.0,0.12755977280621622,0.18845027903791706
Bulk 39,0.0,0.18463673334682848,0.1624901639499182,0.4580770716759556,0.19479603102729767
Bulk 40,0.20598889349040445,0.1776366844726523,0.0,0.41091045687452155,0.20546396516242177
Bulk 41,0.5277347574754115,0.11466823706547129,0.0,0.11840016219401123,0.23919684326510607
Bulk 42,0.38932859997922714,0.03680092107600659,0.1600899070305512,0.2045626624440812,0.20921790947013388
Bulk 43,0.0,0.13354834566673848,0.12920293956123677,0.5190901511816057,0.21815856359041907
Bulk 44,0.23750928340858124,0.1469328089304648,0.053443087238248546,0.3256704118110925,0.23644440861161287
Bulk 45,0.6684183076350494,0.13403742711725958,0.00806786495334031,0.03847425536780317,0.15100214492654754
Bulk 46,0.5209870726065557,0.11207476085104781,0.006150847998211478,0.1481482926458235,0.21263902589836156
Bulk 47,0.4955696660670429,0.09690837095766427,0.0,0.10462744860723361,0.3028945143680592
Bulk 48,0.38591009218871203,0.1324401912704282,0.10259291499255156,0.19029150120621044,0.18876530034209785
Bulk 49,0.2324315246734531,0.031781910754402634,0.10012166736686753,0.4902846381375658,0.145380259067711
Bulk 50,0.26717588933243414,0.10559793545245158,0.13388603720267087,0.2681348507760022,0.22520528723644131
Bulk 51,0.44931410195051863,0.025603994222350195,0.031132241032168308,0.3818654432861521,0.1120842195088109
Bulk 52,0.713641123855686,0.0,0.0,0.28635887614431393,0.0
Bulk 53,0.08357403596207495,0.24046362547787187,0.11249181668252191,0.21718553010989167,0.3462849917676397
Bulk 54,0.3819072472510418,0.030273078015982554,0.17283555781138654,0.3836296072117062,0.03135450970988269
Bulk 55,0.23685842065806312,0.20533783344364723,0.0,0.26109703379474725,0.29670671210354244
Bulk 56,0.28214168083401114,0.15457728169482254,0.23300457592384957,0.13924396374981113,0.19103249779750564
Bulk 57,0.5208101980509598,0.11861606270751111,0.0,0.13544888218847262,0.22512485705305652
Bulk 58,0.7531488190772281,0.04612436729310139,0.0,0.0,0.20072681362967054
Bulk 59,0.1918756135832886,0.1981765511312614,0.0294567534190302,0.26718046204149476,0.31331061982492503
Bulk 60,0.3391121959310441,0.10029456316569338,0.2149518060769887,0.3456414348262738,0.0
Bulk 61,0.17862229498983256,0.22071646951844806,0.0,0.2516125838668396,0.3490486516248797
Bulk 62,0.29753966402149046,0.11417917444234157,0.15772778841214408,0.3826040484261233,0.04794932469790068
Bulk 63,0.5191800980813219,0.0637128688290118,0.0,0.20559191337235638,0.21151511971730988
Bulk 64,0.16244910184186165,0.12313796460563602,0.17465801826648691,0.3911587703413164,0.148596144944699
Bulk 65,0.4116331240758122,0.1737051250987627,0.0,0.09169390860626338,0.3229678422191617
Bulk 66,0.1735584003973102,0.17994947705611936,0.09305707491556449,0.4073504666516942,0.1460845809793117
Bulk 67,0.31904495202434,0.09613265638937883,0.0908545292142561,0.2561631954362587,0.2378046669357664
Bulk 68,0.17290077645882757,0.19215425138111952,0.0,0.3730649756040643,0.2618799965559886
Bulk 69,0.06883635524208284,0.27151188088897654,0.041907336561080796,0.3302565492076089,0.2874878781002509
Bulk 70,0.40977173971071,0.01487867236126839,0.08706771288820309,0.39477301803978154,0.0935088570000371
Bulk 71,0.3636830223740971,0.10855552440942633,0.03389105496510566,0.258014399577709,0.23585599867366178
Bulk 72,0.009653032735397051,0.1393792089263193,0.14595535947472335,0.39753720586799257,0.3074751929955677
Bulk 73,0.27408731469219166,0.16409659163652604,0.0509130907574108,0.380086194398114,0.13081680851575755
Bulk 74,0.3657973658844599,0.07119781238970725,0.1507161246646706,0.23025614379464435,0.182032553266518
Bulk 75,0.3705859894854905,0.1340575276768976,0.0,0.21241413763492908,0.2829423452026828
Bulk 76,0.006473091897621223,0.23735036948549462,0.12481228882390145,0.3623882893761935,0.26897596041678923
Bulk 77,0.4273948966952894,0.12467031111000969,0.039193274096102404,0.34269499009054666,0.06604652800805201
Bulk 78,0.38096108117490673,0.17924502692470426,0.0,0.25140940613036455,0.18838448577002437
Bulk 79,0.17929569697736658,0.17990973574794236,0.0,0.4158304146957319,0.22496415257895921
Bulk 80,0.24400383858220404,0.19157175439074822,0.18810335347118692,0.17097264882679425,0.2053484047290667
Bulk 81,0.38334957970382466,0.051562661121109014,0.1880504554213711,0.2345272012207602,0.14251010253293508
Bulk 82,0.815785262789862,0.01749864548270811,0.01975479816943162,0.0,0.14696129355799847
Bulk 83,0.2013413073915764,0.22734811180659134,0.0,0.2446986601103295,0.3266119206915029
Bulk 84,0.08322999250697591,0.2022259315944806,0.0699681794184172,0.38614980715866365,0.2584260893214627
Bulk 85,0.12676201029228354,0.18799399816126547,0.038001967603780495,0.43103019620427047,0.21621182773840003
Bulk 86,0.00032035040108554055,0.24726282268930794,0.12863694836869155,0.3553739365229787,0.2684059420179364
Bulk 87,0.433273438799277,0.13343371799489595,0.0,0.21216907141343336,0.22112377179239368
Bulk 88,0.06469151068837287,0.24631301721371995,0.1045452528219588,0.39123005862587346,0.1932201606500749
Bulk 89,0.2026744862807217,0.1608356078587744,0.08581475352456758,0.4356664126582402,0.1150087396776962
Bulk 90,0.5066695865075431,0.0,0.06555290332444311,0.42777751016801385,0.0
Bulk 91,0.12558316557190227,0.13748315088178176,0.17314026406773295,0.29618156424227515,0.2676118552363079
Bulk 92,0.579372276102843,0.15754075029890283,0.0,0.0713438390215005,0.19174313457675363
Bulk 93,0.17933821379770296,0.0555346370419049,0.24558811535258226,0.46434959991024904,0.05518943389756075
Bulk 94,0.6030572887047068,0.0,0.0,0.3111072310780901,0.08583548021720323
Bulk 95,0.1400419630026338,0.18546306131260143,0.05496286643365233,0.40333282271146653,0.21619928653964582
Bulk 96,0.768937994085831,0.0,0.0,0.0,0.23106200591416906
Bulk 97,0.42705999970993347,0.21259551443708172,0.0,0.14964602526465706,0.21069846058832759
Bulk 98,0.36030906862550743,0.10426417436499018,0.19537614388654242,0.19549759509560022,0.1445530180273599
Bulk 99,0.3569777605076212,0.12360524760785924,0.0354956024278799,0.21485375739634965,0.2690676320602899
Bulk 100,0.17135705679172772,0.10550755783142618,0.0738318618310036,0.5065399638995378,0.14276355964630472
Bulk 101,0.5400712692910982,0.12498519496747046,0.0,0.057016043488141536,0.2779274922532899
Bulk 102,0.2880861441772268,0.0,0.15196060748798815,0.5599532483347849,0.0
Bulk 103,0.12406600269529328,0.1506579852568173,0.08400527863666016,0.4288213894755415,0.2124493439356878
Bulk 104,0.20178851502977255,0.08901868848067138,0.1985018117628896,0.3967103301991797,0.11398065452748685
Bulk 105,0.4625446640084686,0.07741414432042497,0.0,0.19902652356198228,0.2610146681091241
Bulk 106,0.43432219544693246,0.07196875078810129,0.11338636171643623,0.1903766193262605,0.18994607272226954
Bulk 107,0.25913901446465776,0.1099500788873881,0.06033934562359072,0.3214970889825309,0.24907447204183264
Bulk 108,0.10218580433465711,0.11721502254948235,0.1749589319549462,0.4098918286361687,0.19574841252474562
Bulk 109,0.41024744006288666,0.16096510188181465,0.0,0.21014941866118547,0.2186380393941133
Bulk 110,0.9242101482622914,0.0,0.0,0.0,0.07578985173770862
Bulk 111,0.5595541957289808,0.11158868930934326,0.08027213167476296,0.09544661014275332,0.15313837314415954
Bulk 112,0.3783008628126045,0.16201060752536525,0.0,0.23365709113672092,0.22603143852530938
Bulk 113,0.5496088358624075,0.0374118852048018,0.002745565586289895,0.2520918114136011,0.15814190193289962
Bulk 114,0.19996854890678145,0.15597230718045937,0.13142371500789435,0.3219166983920661,0.19071873051279864
Bulk 115,0.46819407061273527,0.15505817318486242,0.0,0.12652221578347825,0.250225540418924
Bulk 116,0.44670302649009447,0.05098268825790006,0.0,0.27694613013827096,0.22536815511373448
Bulk 117,0.2271606616161307,0.16865267612130005,0.04391867364035825,0.3585631921990518,0.20170479642315925
Bulk 118,0.3886495175784928,0.1533053966183508,0.0,0.2149182522580682,0.2431268335450882
Bulk 119,0.5680909017236688,0.06433925501109897,0.0,0.12268624624357859,0.24488359702165358
Bulk 120,0.28566125282733645,0.15406311880789772,0.10875364357266129,0.14035335497079268,0.31116862982131194
Bulk 121,0.35238889168444754,0.10555211136272667,0.0,0.21883480471267394,0.32322419224015186
Bulk 122,0.9072508312139195,0.0,0.0,0.0,0.0927491687860805
Bulk 123,0.5474407230788908,0.08805025691406024,0.0,0.14060047697291508,0.22390854303413388
Bulk 124,0.45484768865818387,0.14452731946788683,0.0,0.18220809610731248,0.21841689576661683
Bulk 125,0.4165230999595641,0.1835251306032315,0.0,0.22284782307530016,0.17710394636190427
Bulk 126,0.1251122982615523,0.02431201869170927,0.018544765975702034,0.6714937454462313,0.16053717162480513
Bulk 127,0.13701634251634195,0.2221289932659895,0.004360593328760244,0.3451726461499604,0.29132142473894806
Bulk 128,0.16713857338080618,0.20993999921822318,0.018618668164278925,0.3051959292986246,0.2991068299380671
Bulk 129,0.47278655396220703,0.15073435663555468,0.0,0.18288928380566283,0.19358980559657543
Bulk 130,0.4204101472607585,0.16764109152162712,0.0,0.01832183901318082,0.3936269222044335
Bulk 131,0.6636808321829363,0.08821694505469872,0.0,0.13664624785650445,0.1114559749058607
Bulk 132,0.7809334383741596,0.0,0.0,0.11850204094677101,0.10056452067906943
Bulk 133,0.689846418235345,0.0,0.13926925564182485,0.0808316900865679,0.09005263603626218
Bulk 134,0.5502097471310559,0.01033989062113466,0.0,0.19566186236539812,0.24378849988241147
Bulk 135,0.3348797965981919,0.11563549253665203,0.03446243173007392,0.33875612095047863,0.1762661581846034
Bulk 136,0.27708537210739614,0.1810641175078149,0.16442109789388445,0.14971484261028872,0.22771456988061575
Bulk 137,0.7401510414214616,0.06776531877785749,0.0,0.03486307146100592,0.15722056833967496
Bulk 138,0.21716544086539502,0.1529301388473014,0.19119516170937162,0.2471198163549004,0.1915894422230316
Bulk 139,0.6847682520512309,0.0590357035251599,0.0,0.0,0.25619604442360916
Bulk 140,0.42239095223523554,0.13647341200056054,0.0,0.147301876519958,0.2938337592442459
Bulk 141,0.14650107646274352,0.24792328883937498,0.10474401147351878,0.3192063212735857,0.181625301950777
Bulk 142,0.8265605593454185,0.0,0.036126913761693295,0.0,0.13731252689288836
Bulk 143,0.3299091620881557,0.1461367056810301,0.0957097875838812,0.22231495418947816,0.20592939045745481
Bulk 144,0.4443103930269847,0.09094834683139985,0.11173218419708636,0.11140857510397778,0.24160050084055124
Bulk 145,0.23959610073577714,0.18188737570701594,0.14201078392326683,0.11658919992740178,0.3199165397065383
Bulk 146,0.26992894735784284,0.030415133669325446,0.1746243068033515,0.440499349082707,0.08453226308677314
Bulk 147,0.061662838301925024,0.18693645535785308,0.13996547078341068,0.3506260114798023,0.2608092240770089
Bulk 148,0.20564614459628794,0.23563845202517752,0.09905755926674185,0.3167874666364877,0.14287037747530507
Bulk 149,0.22588219466777523,0.15381179426948127,0.0,0.3528391917390783,0.2674668193236651
Bulk 150,0.4513557352494974,0.0,0.14270798184918043,0.4059362829013221,0.0
Bulk 151,0.4859853260387302,0.09217142621308318,0.14059504767059014,0.15558973522583439,0.12565846485176235
Bulk 152,0.2039846587940893,0.19559187165558595,0.17604561059046286,0.19740828298453655,0.22696957597532527
Bulk 153,0.29340509791023894,0.20613250260906413,0.02146939027021559,0.21560610685968618,0.26338690235079515
Bulk 154,0.23176537912740247,0.19741255698747961,0.13352518339116573,0.21539784110093196,0.22189903939302016
Bulk 155,0.14086484300600163,0.14486227521237308,0.12334931374158109,0.3736098557676865,0.21731371227235763
Bulk 156,0.46589092914213054,0.15887973973574204,0.02993398682123824,0.0627727199421373,0.2825226243587518
Bulk 157,0.1823151000200379,0.14682250682330467,0.10000336025304403,0.3005674167975412,0.2702916161060721
Bulk 158,0.40883559507086586,0.16313654077757694,0.0,0.21653753793196243,0.21149032621959468
Bulk 159,0.3791859642771422,0.2159198216647983,0.0,0.1083301282213102,0.2965640858367492
Bulk 160,0.49903792520136064,0.0,0.08663336758336283,0.315404131786013,0.09892457542926371
Bulk 161,0.32006868731053384,0.20563355014346546,0.0963166303975538,0.11743009280062626,0.2605510393478206
Bulk 162,0.21169349896819786,0.20806985200626507,0.0610043145042228,0.25362432848426436,0.2656080060370498
Bulk 163,0.12832543005399333,0.24385248703099335,0.08108880581352651,0.24725930261853968,0.2994739744829472
Bulk 164,0.2751222057227503,0.13710014828849482,0.07633838740343174,0.3089674356384145,0.20247182294690863
Bulk 165,0.17178046035071745,0.16230246958296182,0.21526290208137128,0.27474473149976775,0.17590943648518165
Bulk 166,0.8157605481811238,0.004422491265772912,0.03234856099600934,0.0,0.147468399557094
Bulk 167,0.4811910396270014,0.11684426521430614,0.0002336335224677983,0.3114152478856475,0.09031581375057718
Bulk 168,0.12017679695137402,0.19823136441424352,0.14298052790106544,0.3704801840674252,0.16813112666589183
Bulk 169,0.3868503459616227,0.08762496473784295,0.14102837348667155,0.18273775979641954,0.20175855601744316
Bulk 170,0.21569394534644548,0.12230678469579753,0.3270689098060363,0.08189663205634849,0.2530337280953722
Bulk 171,0.11399335915714655,0.21481805799654483,0.0,0.41037628151037286,0.2608123013359358
Bulk 172,0.13086222234094164,0.19273588523733484,0.14477748831078985,0.14714339877537744,0.38448100533555635
Bulk 173,0.43298122912467085,0.11341720793195205,0.09321294616193783,0.25484207832334593,0.10554653845809323
Bulk 174,0.6224980299313854,0.0727789310320083,0.0,0.060550909682787715,0.24417212935381866
Bulk 175,0.3766895104985286,0.09887040122070066,0.08026655380738677,0.18322267627443425,0.2609508581989497
Bulk 176,0.14661082875253187,0.2301587907833481,0.026771369599287016,0.3369146216312231,0.25954438923360984
Bulk 177,0.047233264564919136,0.135663012032655,0.2283633846735069,0.31722211170727327,0.2715182270216459
Bulk 178,0.19482899309838303,0.2184836025224954,0.0004722543471303252,0.34125925142198693,0.24495589861000439
Bulk 179,0.22341266301494453,0.16936069919700422,0.14919292823776087,0.2544181430550397,0.20361556649525062
Bulk 180,0.17045767845079676,0.10631351209054966,0.21368970197497011,0.3754476272676588,0.13409148021602466
Bulk 181,0.31654734134974427,0.09648549478855573,0.014835210700581433,0.259096022081376,0.3130359310797424
Bulk 182,0.12754842598831387,0.2208545331843221,0.014667167264214328,0.2919459087457146,0.34498396481743515
Bulk 183,0.24727288911022166,0.1801215947137954,0.0932441440557736,0.20391092612491413,0.2754504459952952
Bulk 184,0.24911907859649718,0.159411175069198,0.03544987184351914,0.2649699298911133,0.2910499445996725
Bulk 185,0.42813198296028887,0.139990532459111,0.0,0.16833920516285697,0.2635382794177431
Bulk 186,0.2899117853777245,0.19185088386446275,0.11605801297472867,0.13316416376982135,0.26901515401326276
Bulk 187,0.3416169549797979,0.09418028713801861,0.10088683478319281,0.21092966906997368,0.252386254029017
Bulk 188,0.08287419524372103,0.16120413400612113,0.16149218373888918,0.38785005273897855,0.20657943427229022
Bulk 189,0.509171667233452,0.10469456674900669,0.0,0.1059193670584681,0.28021439895907335
Bulk 190,0.5572612045102435,0.1478737301029458,0.05146332862071975,0.08698192594640228,0.15641981081968862
Bulk 191,0.233699758141243,0.20569307249713625,0.17763760964658687,0.18732011839920618,0.19564944131582773
Bulk 192,0.4857274459314252,0.14386188000160652,0.0,0.13342157600592794,0.2369890980610402
Bulk 193,0.945236180781682,0.0,0.0,0.0,0.0547638192183179
Bulk 194,0.5157812539375681,0.13852216850562804,0.050520444885974285,0.13850407646790533,0.1566720562029242
Bulk 195,0.7392500796051694,0.0,0.0,0.07650469240078142,0.18424522799404927
Bulk 196,0.2606611912457411,0.2663505541157288,0.05739987715826816,0.07591293723957047,0.3396754402406915
Bulk 197,0.3385072899040742,0.1677939910502188,0.1848832383298213,0.2414282800090983,0.06738720070678737
Bulk 198,0.8557241510224906,0.0,0.014424661354630518,0.0,0.12985118762287906
Bulk 199,0.25553741669977803,0.2727937007398535,0.0,0.1578509109390658,0.3138179716213027
Bulk 200,0.1984317952335921,0.10254219865653721,0.11346362619689224,0.46149743043707425,0.12406494947590421
Bulk 201,0.15616205031793678,0.21380200149160722,0.09523094786974627,0.25482161202411113,0.2799833882965985
Bulk 202,0.18819810789438024,0.21563730429407527,0.042188365078636623,0.23818593977429828,0.3157902829586096
Bulk 203,0.5555382643101595,0.11518607258797597,0.0,0.0,0.3292756631018644
Bulk 204,0.584466876548295,0.1464692117490294,0.0,0.0,0.2690639117026757
Bulk 205,0.4622745363324375,0.16739190949253863,0.03047695664653954,0.11023657259774691,0.22962002493073744
Bulk 206,0.7294520846932026,0.030222072590710886,0.0,0.06619454733492876,0.17413129538115782
Bulk 207,0.25947028682990825,0.2641471400988513,0.0,0.17425817921778905,0.3021243938534513
Bulk 208,0.05766431646356932,0.13310762292959022,0.15933539756877022,0.25590054603052087,0.39399211700754944
Bulk 209,0.5845437246737574,0.08074805601761739,0.0,0.07705037022004316,0.25765784908858214
Bulk 210,0.590701616555028,0.0972758400297061,0.0,0.0,0.312022543415266
Bulk 211,0.06284698765774843,0.21188835369691786,0.0911118707636108,0.404229242156875,0.2299235457248479
Bulk 212,0.42879925395150303,0.12132069435585657,0.10264677037046292,0.0,0.3472332813221775
Bulk 213,0.47310848908771147,0.16194828346240167,0.0,0.14535714681551568,0.21958608063437107
Bulk 214,0.5607352059283809,0.06656656612326714,0.09825165592255318,0.13882778623275677,0.13561878579304196
Bulk 215,0.2912941868512024,0.15006510692400143,0.0,0.2724286390821591,0.28621206714263714
Bulk 216,0.13751213477373692,0.2543126588244681,0.0,0.3056248882720663,0.3025503181297288
Bulk 217,0.46712244753071774,0.036255589245925826,0.0034684440887765935,0.4288236355506616,0.06432988358391814
Bulk 218,0.31193899937619735,0.13994070978392953,0.14926824607598746,0.2718994760944275,0.1269525686694582
Bulk 219,0.696692554171776,0.03748156933552789,0.0,0.0,0.2658258764926961
Bulk 220,0.8679489082017406,0.0,0.01991068705079456,0.047024520327877836,0.06511588441958696
Bulk 221,0.24051964595518116,0.19243682876478815,0.1593677035738571,0.15457772514382537,0.25309809656234816
Bulk 222,0.1965472452587471,0.0972600848402129,0.0,0.43769420165763284,0.2684984682434071
Bulk 223,0.2419000461648963,0.1699343743807004,0.14526603698925902,0.289244516618682,0.15365502584646226
Bulk 224,0.3818677079596286,0.1543732833844312,0.09524211067597327,0.15417183933416545,0.21434505864580136
Bulk 225,0.795284673595687,0.06690676059523337,0.0,0.13780856580907966,0.0
Bulk 226,0.33453457405497283,0.19213920826321104,0.16689679071300317,0.12506692274782846,0.1813625042209845
Bulk 227,0.16129427902956808,0.16912919368827617,0.043409145813562894,0.4137771848975626,0.21239019657103023
Bulk 228,0.5977397348181835,0.0,0.0,0.23461514336744735,0.1676451218143691
Bulk 229,0.42482289769907294,0.1450497240384438,0.0,0.2133598090981891,0.21676756916429407
Bulk 230,0.2918658173565576,0.11816201999270973,0.14271960782295975,0.413291725798412,0.03396082902936083
Bulk 231,0.4864898207111453,0.1710038773300708,0.0,0.07628620358947644,0.26622009836930743
Bulk 232,0.15177325613752582,0.21850123188453877,0.016153957932784107,0.41674963769807005,0.19682191634708132
Bulk 233,0.3036142521875466,0.1951655025974436,0.0,0.27494651844016255,0.22627372677484706
Bulk 234,0.2773622968282502,0.186525610643578,0.08107750595500719,0.19595859321354753,0.259075993359617
Bulk 235,0.3150357267783134,0.09537308697415098,0.16733828406504708,0.23408451011573797,0.18816839206675068
Bulk 236,0.04028562874409035,0.2690156549600021,0.05545893607138087,0.36805940990980257,0.2671803703147242
Bulk 237,0.2144581379336778,0.1782032863877428,0.28946209145826907,0.18261381707624424,0.13526266714406598
Bulk 238,0.6706788003111759,0.033197396617850275,0.0,0.0,0.29612380307097386
Bulk 239,0.0,0.2209327295776989,0.1307691749990399,0.43728788287434633,0.21101021254891472
Bulk 240,0.32962140730505285,0.16613726664527245,0.0,0.2514033499176369,0.2528379761320378
Bulk 241,0.24935392717800936,0.09003512962258574,0.10094915487877516,0.39613631186543735,0.16352547645519236
Bulk 242,0.870410279847639,0.006866618059055064,0.0,0.036303416423960705,0.0864196856693452
Bulk 243,0.3073510726198455,0.2659855770804642,0.0,0.1574957447987422,0.269167605500948
Bulk 244,0.24041913173666507,0.2000288753355589,0.22666719914388786,0.2156518699498739,0.1172329238340142
Bulk 245,0.7959855334717724,0.044313653430601486,0.0,0.000621530421693851,0.15907928267593233
Bulk 246,0.026803865138534333,0.2951933740921474,0.07875210292444264,0.3043057302492082,0.29494492759566737
Bulk 247,0.17844627164370563,0.22407243797686263,0.08984407588948998,0.2536499952000249,0.2539872192899169
Bulk 248,0.35124198679742813,0.16579149800873866,0.18465584097403542,0.11656960405875523,0.18174107016104252
Bulk 249,0.557568128064362,0.07217789592665262,0.2003932516565457,0.09592529388648387,0.07393543046595584
Bulk 250,0.7087354263514984,0.058828211354843646,0.0,0.0,0.2324363622936579
Bulk 251,0.17159372310614135,0.14191494467497068,0.17865203802999713,0.3547951386903518,0.15304415549853906
Bulk 252,0.30584868562649314,0.13816443238009268,0.0,0.35870976243856406,0.19727711955485008
Bulk 253,0.7390944379186593,0.07610757253917842,0.05523822005062925,0.08623854732025213,0.0433212221712809
Bulk 254,0.5411011804827992,0.13292836867267777,0.06067198638888802,0.0,0.2652984644556351
Bulk 255,0.3955175949330732,0.19613725686718828,0.0784176493405285,0.0,0.32992749885920997
Bulk 256,0.2544674193768037,0.13213733468628694,0.032238795030690784,0.4116861532706554,0.16947029763556326
Bulk 257,0.04180150897238063,0.21939535743807262,0.11631578769106267,0.35637759954775966,0.2661097463507245
Bulk 258,0.5663323078667878,0.0019869966512783724,0.17019252109059502,0.2614881743913388,0.0
Bulk 259,0.49325928186089735,0.19338109640713008,0.0,0.04713617297642615,0.2662234487555463
Bulk 260,0.026122935348609672,0.24802097317039662,0.0754013606742039,0.31693400912397357,0.33352072168281627
Bulk 261,0.44554772793264785,0.06797472914211661,0.07343042599722814,0.3168006840525605,0.09624643287544683
Bulk 262,0.17938729882223609,0.23631427552492232,0.004488603405114791,0.33863633108385244,0.24117349116387446
Bulk 263,0.2364778699043409,0.2458384172964721,0.0,0.1454693895072668,0.3722143232919204
Bulk 264,0.21601589655710368,0.21004084218398877,0.018720481636088106,0.22097058526827315,0.3342521943545464
Bulk 265,0.32318183791918725,0.1121315839281326,0.0,0.41335973328357956,0.15132684486910047
Bulk 266,0.35148593744963474,0.15755168204080444,0.20120415998832852,0.12058980028604377,0.16916842023518858
Bulk 267,0.4474649121601206,0.0,0.22255238032108463,0.24894992038278763,0.0810327871360071
Bulk 268,0.4900110051246786,0.06663584236262696,0.0,0.34141815401795217,0.10193499849474219
Bulk 269,0.379424749016992,0.19458048741058576,0.003035372636608719,0.10530958060942357,0.31764981032638995
Bulk 270,0.5283979834195485,0.10040509605425278,0.17681211419020204,0.046094868478575496,0.1482899378574213
Bulk 271,0.03103734268018499,0.24175918940655908,0.02934393578908104,0.363887432076549,0.33397210004762584
Bulk 272,0.35854635034577154,0.2040351622167698,0.010497455651860483,0.12321991334345396,0.3037011184421443
Bulk 273,0.38700180621377356,0.08196882284303736,0.12269900824790644,0.3334341882861098,0.07489617440917275
Bulk 274,0.47279944362358617,0.13777428166091096,0.0,0.1515769996786157,0.2378492750368872
Bulk 275,0.17081366428935352,0.18449327118047235,0.004754732328037029,0.38899897644272463,0.25093935575941234
Bulk 276,0.29031007799082115,0.16442185752975036,0.03757362314798672,0.2563923021357994,0.2513021391956425
Bulk 277,0.6721944153559439,0.11722114021722604,0.0,0.0,0.21058444442682991
Bulk 278,0.3822746131538029,0.12950088657359626,0.0,0.24728145486139205,0.24094304541120892
Bulk 279,0.43708543877651723,0.12298952017739603,0.09352135460198056,0.3334734010205083,0.012930285423597811
Bulk 280,0.37859195481632535,0.15230895979348935,0.050522415730272364,0.18696937661578197,0.23160729304413114
Bulk 281,0.7852885543107754,0.07075776855263884,0.021497853199494224,0.0,0.12245582393709155
Bulk 282,0.44241153834008184,0.16592607699465356,0.0,0.21594692178927913,0.17571546287598547
Bulk 283,0.3317583087845673,0.21395766321828638,0.0,0.1919938818365564,0.26229014616059
Bulk 284,0.8390643786321734,0.04203816101601406,0.0,0.10864858559545412,0.010248874756358408
Bulk 285,0.040995276848646074,0.29686468326617277,0.08304628530038358,0.2893027024142538,0.2897910521705438
Bulk 286,0.3307188990492317,0.19710976231514782,0.18278476020771456,0.11361105857114374,0.17577551985676226
Bulk 287,0.04587885140724552,0.08187380689084615,0.14209315215029292,0.3519792693836077,0.3781749201680076
Bulk 288,0.3428046604011859,0.20401404444988125,0.0,0.3031334832023105,0.15004781194662234
Bulk 289,0.5659711954457564,0.04533586231620222,0.14746474584397268,0.0,0.2412281963940687
Bulk 290,0.3863901509312192,0.0005733304607624535,0.1088039035947735,0.3925016617204403,0.11173095329280461
Bulk 291,0.581723259535976,0.08422430610047087,0.0,0.20779848742587476,0.1262539469376785
Bulk 292,0.33112548122657565,0.20546939952521429,0.046314262010075255,0.32182886258115023,0.09526199465698452
Bulk 293,0.44794164615911375,0.0040207079733100455,0.07324395448342992,0.29876077849452254,0.17603291288962372
Bulk 294,0.3413860062937822,0.18397715032159964,0.17198209374656367,0.001626907400852229,0.3010278422372022
Bulk 295,0.5841263612997395,0.06761385746659428,0.0,0.1958257131574801,0.1524340680761862
Bulk 296,0.8437738986012263,0.036708248713527146,0.0,0.0,0.11951785268524667
Bulk 297,0.503974986149001,0.06978828690092304,0.16839461491582017,0.1849177133991365,0.07292439863511924
Bulk 298,0.18693524443801146,0.31468324789723295,0.0,0.22887568412405498,0.2695058235407005
Bulk 299,0.4820364650289013,0.14364913573959914,0.0,0.1976407261642927,0.17667367306720683
Bulk 300,0.10646027395351076,0.12871759908143618,0.13273971603613588,0.4433795688150616,0.18870284211385557
Bulk 301,0.10690960243089316,0.2687814328983537,0.0,0.3393805990686622,0.2849283656020909
Bulk 302,0.44185306089375254,0.0,0.0,0.5581469391062475,0.0
Bulk 303,0.2729321027965233,0.24596983554096663,0.08208776837175784,0.17587382058873305,0.22313647270201914
Bulk 304,0.18237154858397547,0.2728336699279109,0.0,0.2765068896871101,0.26828789180100343
Bulk 305,0.44227177907543125,0.1863241333703449,0.0,0.0695260438823872,0.3018780436718366
Bulk 306,0.3267247239163448,0.2215708286189788,0.07878496315914316,0.12634429489855356,0.24657518940697967
Bulk 307,0.31856405352729256,0.1931103525600187,0.1674371912419745,0.18728159559798463,0.13360680707272968
Bulk 308,0.35795401029782076,0.1194363159946676,0.0,0.25782553497271704,0.2647841387347948
Bulk 309,0.4890423871244516,0.0804091872572384,0.16633298427784213,0.05327942400481358,0.21093601733565437
Bulk 310,0.31293092564311953,0.2454303680363695,0.0490783869691858,0.11476480158480858,0.2777955177665167
Bulk 311,0.3726210866150725,0.04182515879170374,0.15277617565892948,0.31116937474867995,0.12160820418561438
Bulk 312,0.2791562528679747,0.17824402189842697,0.15142254294832533,0.21722004070167486,0.17395714158359818
Bulk 313,0.31447425322088496,0.09833505419184785,0.026000785963535014,0.3041986450926106,0.2569912615311215
Bulk 314,0.44784063042225786,0.19248191506326204,0.0,0.10913462588682879,0.2505428286276513
Bulk 315,0.45870612795914684,0.1662711678592212,0.0,0.11698204573739349,0.2580406584442384
Bulk 316,0.24197072154515814,0.2310672736033288,0.0,0.196069722297473,0.33089228255404
Bulk 317,0.7062027957218184,0.09729817432204715,0.0,0.0,0.19649902995613458
Bulk 318,0.42180338344586743,0.09267838792948076,0.0,0.29604181791886053,0.1894764107057914
Bulk 319,0.19542631121059367,0.22839910661877824,0.1479818408274136,0.17845966156921148,0.24973307977400291
Bulk 320,0.4837913405875493,0.12490616455731743,0.0,0.176031908209865,0.21527058664526832
Bulk 321,0.3414668671208703,0.17751387631989984,0.050265093413436907,0.1748382068038899,0.25591595634190295
Bulk 322,0.4999335710835496,0.06560670480135464,0.14851591893122415,0.23732038028620958,0.048623424897662165
Bulk 323,0.07982300611236026,0.22439909131616972,0.2791801371883021,0.1566607966102859,0.2599369687728819
Bulk 324,0.38578182707500464,0.2471129700263509,0.05306027634653985,0.0,0.31404492655210453
Bulk 325,0.5037312220570836,0.03265682457000794,0.38910111333737724,0.0,0.07451084003553106
Bulk 326,0.0,0.2724285817962046,0.2551019685754619,0.21796993678712584,0.2544995128412078
Bulk 327,0.0673384704662314,0.1989445431477847,0.15513950156285058,0.2500112733232375,0.3285662114998958
Bulk 328,0.34216924623757233,0.2491177794440539,0.0,0.08551008828689809,0.3232028860314758
Bulk 329,0.2865506137713385,0.1434055935181921,0.1296728878719168,0.3063782112780392,0.13399269356051327
Bulk 330,0.35092270617058735,0.28699136647203477,0.0,0.07463047858321194,0.28745544877416596
Bulk 331,0.24186657539938805,0.16455809887850373,0.15968840863007402,0.21631691167133407,0.21757000542070012
Bulk 332,0.3602728716584151,0.22971304843212312,0.0,0.0,0.41001407990946176
Bulk 333,0.6610144934668514,0.06452295529641582,0.06791543385537743,0.0,0.20654711738135537
Bulk 334,0.18230264587730827,0.05711059646739304,0.0,0.6819571598621582,0.0786295977931406
Bulk 335,0.4371355884800808,0.1150145430182393,0.24621133427380162,0.0,0.20163853422787822
Bulk 336,0.42576667506181665,0.21771372717417223,0.0,0.056626667330071837,0.2998929304339394
Bulk 337,0.06257095124033674,0.17908983107787024,0.06325081499670424,0.43680559087494447,0.25828281181014434
Bulk 338,0.11386730246782516,0.1873680921156921,0.19473826414512962,0.32295833909018007,0.18106800218117297
Bulk 339,0.4475299174159901,0.03558040186902784,0.42106810500718933,0.09582157570779284,0.0
Bulk 340,0.12577987090253134,0.06521932156282458,0.20313544021902336,0.49397903201257176,0.11188633530304895
Bulk 341,0.39009796880747727,0.2410812976600869,0.024002230847449117,0.08553488329319212,0.2592836193917947
Bulk 342,0.03587741612821419,0.1759719511132495,0.19460605187832744,0.4015072665226114,0.19203731435759747
Bulk 343,0.3618955312010543,0.10485265791695612,0.0,0.21657343321297026,0.3166783776690194
Bulk 344,0.7000526696027861,0.01969765349342103,0.0,0.0,0.2802496769037928
Bulk 345,0.46955727366377376,0.19602331302071413,0.0,0.0,0.334419413315512
Bulk 346,0.38030513153986967,0.06126719494537871,0.08116373503160654,0.467277361082058,0.009986577401087302
Bulk 347,0.3896963141928158,0.29252958622869757,0.0,0.1066186628459502,0.21115543673253648
Bulk 348,0.6925601363502001,0.037990223288418,0.0,0.0,0.2694496403613819
Bulk 349,0.711605759951764,0.0,0.15054821699782356,0.13784602305041238,0.0
Bulk 350,0.20283357534389929,0.184130575284817,0.18401813666048178,0.13399148079562892,0.29502623191517313
Bulk 351,0.6833997743403567,0.03764598130070664,0.13794476857124308,0.1410094757876936,0.0
Bulk 352,0.08972572430941034,0.2976990855149339,0.17261651717854115,0.26096498652688066,0.17899368647023392
Bulk 353,0.3310693623042346,0.2855469776393893,0.04928708108189234,0.0,0.33409657897448364
Bulk 354,0.611919765891282,0.20719329709886355,0.0,0.011975033328640472,0.16891190368121403
Bulk 355,0.2629745110743045,0.19848823871517454,0.06768785164308322,0.20410714067711688,0.2667422578903209
Bulk 356,0.3797780612401605,0.16034175832760791,0.0,0.23881153576082265,0.2210686446714089
Bulk 357,0.14897013686337948,0.2746419863585365,0.14773340996411788,0.15350730783890534,0.27514715897506076
Bulk 358,0.3602558513504633,0.13697064576281734,0.06338334754454043,0.1656225346542677,0.2737676206879114
Bulk 359,0.06736814122979626,0.21932251941662356,0.10900610001895528,0.28249239837959567,0.32181084095502926
Bulk 360,0.7341357146792149,0.0,0.0,0.0,0.2658642853207851
Bulk 361,0.4910081541704815,0.18987491774810675,0.0,0.05244713013109889,0.26666979795031287
Bulk 362,0.20964428353834214,0.13283661608695335,0.0,0.37872895689401015,0.2787901434806943
Bulk 363,0.23581629725315348,0.1921762553739767,0.1588583779487635,0.2654243806323527,0.14772468879175354
Bulk 364,0.1180297300129707,0.15898029952424048,0.13588025683064647,0.334841727104045,0.25226798652809745
Bulk 365,0.2861888639900792,0.12183308102433146,0.05068745179171307,0.3038070901155159,0.2374835130783604
Bulk 366,0.2779097796015864,0.14290587721307033,0.04515392318700461,0.3009639355457915,0.23306648445254702
Bulk 367,0.3205297675498728,0.21377584741178862,0.0,0.22586988064185434,0.23982450439648426
Bulk 368,0.24947404530968711,0.23833703245917995,0.0,0.15707826264922375,0.3551106595819092
Bulk 369,0.25363247182567533,0.2734999654243297,0.03263470191752919,0.11383509396905778,0.32639776686340805
Bulk 370,0.3691060745553037,0.18034516224933878,0.11152362546677426,0.09311769530582097,0.2459074424227623
Bulk 371,0.5522220755298568,0.16910371462694435,0.06011361227066338,0.0,0.21856059757253554
Bulk 372,0.267950034580024,0.24257703540942335,0.0,0.1661940768590953,0.3232788531514574
Bulk 373,0.25447953068525897,0.1968173010931686,0.07960039736673188,0.2656027315648502,0.20350003928999016
Bulk 374,0.4442756224789556,0.11186559747250936,0.0,0.22369745688232542,0.22016132316620954
Bulk 375,0.10490173476873368,0.19064061622400585,0.08673236039878919,0.26755065729381244,0.3501746313146588
Bulk 376,0.6206281044518404,0.11728039322247731,0.0,0.06920951018804203,0.19288199213764035
Bulk 377,0.32435857951615327,0.22743851626848316,0.0,0.33727720924480975,0.11092569497055389
Bulk 378,0.27588397723317537,0.2773037355810304,0.0,0.06447093178632082,0.38234135539947345
Bulk 379,0.32160867127025394,0.15109483208262456,0.07741696255713833,0.14442087824433078,0.3054586558456523
Bulk 380,0.3536283218628222,0.20003568951091838,0.01369191912687639,0.15184415506618376,0.28079991443319935
Bulk 381,0.5991310143995213,0.10725651251480181,0.0,0.0,0.29361247308567684
Bulk 382,0.4892997325812025,0.13943075745434122,0.2234202466851153,0.0,0.14784926327934086
Bulk 383,0.18884923308802085,0.12502961383094957,0.2402233772754985,0.39231655233035123,0.05358122347518
Bulk 384,0.2001868880306351,0.3329357684025238,0.08427015871259853,0.0,0.38260718485424255
Bulk 385,0.32646976909421155,0.0,0.2668894230075856,0.362239144618896,0.04440166327930671
Bulk 386,0.374968341693934,0.1232268713526301,0.04661357033333256,0.22919237108158466,0.22599884553851876
Bulk 387,0.41102925530156964,0.2036883640385278,0.0,0.10988997007224173,0.27539241058766073
Bulk 388,0.207686810523326,0.28850128647404844,0.0,0.19977404668882762,0.304037856313798
Bulk 389,0.4750453069328095,0.16782629474747748,0.0,0.0,0.357128398319713
Bulk 390,0.3099520151493613,0.11485678300346364,0.15356671222969642,0.25238087625691025,0.1692436133605683
Bulk 391,0.40610839789724584,0.16965257598333658,0.0,0.20710989580774783,0.2171291303116697
Bulk 392,0.3283919785414097,0.21117413185025274,0.0,0.20214893468313705,0.2582849549252004
Bulk 393,0.1745581243000977,0.28625043623404217,0.08631766713472268,0.11501450778521266,0.3378592645459249
Bulk 394,0.4513077119767312,0.0913771032418543,0.0,0.24075053981729078,0.21656464496412386
Bulk 395,0.3536096203706094,0.21373472284227293,0.04667478350599178,0.13339467476303846,0.2525861985180874
Bulk 396,0.27223524340738714,0.15518076673769202,0.19894151464124904,0.21270188734776174,0.1609405878659102
Bulk 397,0.575363218973258,0.13722690787559136,0.0,0.0,0.28740987315115063
Bulk 398,0.24826167179128228,0.14789699127546374,0.1702494662461494,0.3330607585713815,0.10053111211572316
Bulk 399,0.5546150603882996,0.15138036219358264,0.0,0.15753434274785225,0.13647023467026562
Bulk 400,0.22759490828019008,0.09785062026249171,0.24658780836657998,0.3041087345885258,0.12385792850221247
Bulk 401,0.6140203814403151,0.13961409018238938,0.0,0.0,0.2463655283772955
Bulk 402,0.2354070577802283,0.2498372135976881,0.06866664402277199,0.054272402817047316,0.39181668178226425
Bulk 403,0.31346224353312474,0.1557464536354836,0.14373037706009398,0.21828387958523748,0.1687770461860603
Bulk 404,0.33910494247975687,0.23913722006542318,0.0,0.09547888074253538,0.32627895671228463
Bulk 405,0.33961300537332006,0.20355868029223714,0.0,0.2645562900100401,0.19227202432440255
Bulk 406,0.298310135078124,0.09037209621042958,0.21670318134995084,0.1686991970009529,0.22591539036054264
