,Ast,End,Mic,Neu,Oli
Bulk 0,0.03361395369756084,0.21272136831283686,0.10483304359228783,0.38177420572699117,0.26705742867032334
Bulk 1,0.43823348516538024,0.1492281172859236,0.0,0.23474223114431583,0.17779616640438037
Bulk 2,0.07725768681201357,0.20382589775225515,0.10418224126195264,0.3529471977241772,0.2617869764496014
Bulk 3,0.2635788373607081,0.14211585217057984,0.16282290046217102,0.3902624772020213,0.041219932804519764
Bulk 4,0.45052586026382413,0.14276500509011036,0.04460666343538636,0.09458653089689421,0.2675159403137849
Bulk 5,0.13979534588911224,0.1410760507318341,0.024706340354415286,0.5347950695349201,0.15962719348971827
Bulk 6,0.802960097320918,0.054926176140782546,0.0,0.0,0.14211372653829946
Bulk 7,0.16311801759040265,0.14589138575162033,0.04342804915927838,0.40006449586056253,0.24749805163813615
Bulk 8,0.40762042018752864,0.16153490774176757,0.006735577497981363,0.26979612659563545,0.15431296797708702
Bulk 9,0.21161779521623622,0.19011730914004052,0.20617554508360567,0.17502838039110286,0.21706097016901457
Bulk 10,0.1692994678274341,0.10687130516158086,0.08903784966764841,0.5151525605270292,0.11963881681630754
Bulk 11,0.24396095942317186,0.026033530073698456,0.05919114261003006,0.603215595629236,0.06759877226386357
Bulk 12,0.24967117613426731,0.17128933118279835,0.0,0.2720481761515169,0.3069913165314175
Bulk 13,0.05272105219482096,0.17791678945605358,0.09916417193791131,0.41908663659497086,0.2511113498162433
Bulk 14,0.2625457990127837,0.10044477428529887,0.2435473984234156,0.3067725797864071,0.08668944849209495
Bulk 15,0.26571770625578445,0.12733168777294998,0.023362100912632,0.36540050336107216,0.21818800169756142
Bulk 16,0.2496196006766726,0.1638168758701941,0.06873143020438553,0.2187058421314867,0.2991262511172611
Bulk 17,0.4179599630352451,0.1183918833483873,0.06277194751652067,0.24489525408650495,0.1559809520133421
Bulk 18,0.36313908089377783,0.041670838429798365,0.19950692984739127,0.2591786739117433,0.1365044769172894
Bulk 19,0.23969553486249973,0.17431668308791995,0.07784468105930172,0.341248980871239,0.16689412011903973
Bulk 20,0.22994973916590994,0.04733970361212881,0.08268201492816536,0.5665360482793343,0.07349249401446147
Bulk 21,0.47940078489764454,0.17683428934331138,0.0,0.31186637858799443,0.03189854717104971
Bulk 22,0.0,0.18364697118152293,0.1265367499290183,0.5273365475332931,0.1624797313561657
Bulk 23,0.3456867022927988,0.044298550855229164,0.08602672828359573,0.39352034424049176,0.1304676743278847
Bulk 24,0.46871438224868667,0.08858640827951163,0.0,0.25135849637332597,0.19134071309847578
Bulk 25,0.01414133621061146,0.1047803137313086,0.21176233389636406,0.5381445548377652,0.1311714613239507
Bulk 26,0.43235740597643124,0.0,0.010412867458703427,0.2940054608092447,0.2632242657556205
Bulk 27,0.4489669267694125,0.1543244529995453,0.012278256777958253,0.167964854321753,0.21646550913133092
Bulk 28,0.11906581030426303,0.18331666041069045,0.11390159828974294,0.2658752911230465,0.317840639872257
Bulk 29,0.6463320236895156,0.06357675230356209,0.0,0.0,0.2900912240069224
Bulk 30,0.38843887360683294,0.0886894473493924,0.0,0.26183092607431124,0.26104075296946333
Bulk 31,0.6852009523376185,0.030086863627949222,0.0,0.00808631206690523,0.276625871967527
Bulk 32,0.02077624803847023,0.23794188020337667,0.11096489515758427,0.3047142250298955,0.32560275157067353
Bulk 33,0.0963221967870407,0.20865201725268834,0.12629608659725253,0.4051975424837401,0.16353215687927844
Bulk 34,0.35848299842711107,0.11427494301960393,0.0,0.29514938874529184,0.2320926698079932
Bulk 35,0.7803620416949103,0.05368972629485429,0.0,0.04305640210327789,0.12289182990695752
Bulk 36,0.3923489126844824,0.14734985415685345,0.0,0.21026574397482142,0.2500354891838427
Bulk 37,0.3421996971063505,0.1344046820160207,0.0,0.24753314096124834,0.2758624799163804
Bulk 38,0.20543108843238203,0.24724537174242156,0.0056339062939502,0.29669754626254363,0.24499208726870242
Bulk 39,0.1302609074664217,0.23944397858883265,0.0,0.3184830439231385,0.3118120700216071
Bulk 40,0.27851270220235047,0.15814236410083832,0.02708052696863568,0.32143300375840295,0.21483140296977246
Bulk 41,0.6233512604299304,0.05012292969790663,0.0,0.0,0.32652580987216306
Bulk 42,0.27042877518310693,0.21686716613056717,0.0,0.2772070217637492,0.2354970369225767
Bulk 43,0.18023220782828675,0.10225583304365159,0.10742657383506833,0.35349630041889163,0.25658908487410176
Bulk 44,0.006555258186136797,0.199654449346525,0.26974652517006614,0.2799496117491029,0.24409415554816905
Bulk 45,0.4792638665451402,0.096520702046151,0.21038168161233448,0.0842375394263523,0.129596210370022
Bulk 46,0.4902033958683871,0.12535946189492672,0.041203302921123,0.06992540139344074,0.2733084379221224
Bulk 47,0.30297112332086734,0.0,0.0,0.4599034183721513,0.23712545830698148
Bulk 48,0.23649537363760945,0.1863259742600235,0.17052455431409583,0.26430835398132074,0.1423457438069505
Bulk 49,0.004065570500849258,0.12620605413992703,0.09366287462942967,0.5340684450485459,0.24199705568124813
Bulk 50,0.28438591289949194,0.17887602790281196,0.0,0.2743258476228841,0.2624122115748121
Bulk 51,0.14169735711004974,0.26465047236382566,0.03744650752446601,0.24412726986750405,0.31207839313415453
Bulk 52,0.07830553655045516,0.19427630602529558,0.04798416821145565,0.43733499957297384,0.24209898963981988
Bulk 53,0.7142824483520531,0.0,0.0,0.23471454165329306,0.05100300999465368
Bulk 54,0.6836603097764611,0.0,0.0006287534040803924,0.31571093681945867,0.0
Bulk 55,0.1809301730310616,0.22663864589857013,0.02694861565342814,0.33862883078233985,0.22685373463460026
Bulk 56,0.42317674082607865,0.15379757699630855,0.0,0.2604492968784346,0.1625763852991781
Bulk 57,0.86299486829235,0.0,0.0,0.0,0.1370051317076501
Bulk 58,0.6254561737253135,0.15068426573508428,0.0,0.03350029042285047,0.19035927011675186
Bulk 59,0.4539765975829124,0.06494684752869774,0.09543929006437392,0.3337988647055001,0.05183840011851566
Bulk 60,0.06196720051266027,0.2378600485434922,0.13219160482962347,0.3724105757585602,0.19557057035566391
Bulk 61,0.057174310482371954,0.16397845594607352,0.0980694061243105,0.48711826507390465,0.19365956237333928
Bulk 62,0.735665994920539,0.0,0.0,0.12203743644232577,0.14229656863713522
Bulk 63,0.3153864665723877,0.15319783200728376,0.07062298207050902,0.27866661166451806,0.18212610768530138
Bulk 64,0.0503456480850192,0.0,0.3330703377437864,0.605295675294916,0.01128833887627848
Bulk 65,0.30658423769989707,0.16121990410900205,0.0,0.323497583307578,0.20869827488352294
Bulk 66,0.21416009981259831,0.18819390792937088,0.06072191567721212,0.25483828700828715,0.28208578957253155
Bulk 67,0.21655711217964163,0.11136471931167735,0.05594793255772164,0.30489682574886273,0.31123341020209655
Bulk 68,0.26554042101345954,0.16842268257310666,0.0,0.4011840587470176,0.1648528376664162
Bulk 69,0.04346735655369059,0.16234134285252616,0.14835875032157658,0.34828433647824997,0.29754821379395674
Bulk 70,0.13404293501215586,0.0,0.18247291428347265,0.6782039768915213,0.005280173812850158
Bulk 71,0.565065491856532,0.014286660760497345,0.05973397563110765,0.2978169717798724,0.0630968999719906
Bulk 72,0.19227127187492127,0.055131881008681126,0.0027204492746945677,0.553241233883708,0.1966351639579949
Bulk 73,0.22218176161408634,0.17049788921410877,0.0,0.3260011702931606,0.2813191788786444
Bulk 74,0.16422894444712755,0.17486821968805732,0.24180197306237508,0.20903068578754253,0.21007017701489758
Bulk 75,0.4832937303130498,0.13443360679131094,0.12242416272245488,0.12920339691482252,0.13064510325836184
Bulk 76,0.14747456362904074,0.2369767738518865,0.001882986345396958,0.3886016014919885,0.22506407468168718
Bulk 77,0.517259171307743,0.14249746902685517,0.0,0.11943811316407517,0.22080524650132657
Bulk 78,0.36133370130259557,0.0990785312432638,0.17758093832419725,0.22749743284119034,0.13450939628875308
Bulk 79,0.19026466994743746,0.22967910500199265,0.0,0.260362896332363,0.3196933287182069
Bulk 80,0.5272698085554928,0.0021969955923471798,0.12767441082827533,0.21760482884965657,0.1252539561742281
Bulk 81,0.1353583418246066,0.18970216813746968,0.019447838979717816,0.35965783713288985,0.2958338139253161
Bulk 82,0.4873899875726765,0.08333083581491357,0.1982201493029228,0.10428821825340936,0.1267708090560777
Bulk 83,0.39289359554119685,0.1668595324152282,0.012564203180903897,0.19348820620637813,0.234194462656293
Bulk 84,0.08004721349608662,0.2231108236313449,0.058423409761274914,0.35142301417472216,0.2869955389365714
Bulk 85,0.0,0.2205408744253294,0.039778660475966565,0.42572430756236906,0.3139561575363349
Bulk 86,0.20168343182748813,0.051780287358287776,0.1687493611590976,0.5095748628463528,0.06821205680877357
Bulk 87,0.47969141605969523,0.10104455066523242,0.0,0.1879836040284868,0.23128042924658565
Bulk 88,0.22360501772354993,0.15834487301517736,0.07720297306218421,0.35868493538324336,0.18216220081584514
Bulk 89,0.28465300124621,0.169140549703035,0.0,0.33644808642114765,0.2097583626296073
Bulk 90,0.13546520089158123,0.15983425357073003,0.08189932169630276,0.3541039718295669,0.26869725201181904
Bulk 91,0.19909551141053602,0.19761161813852068,0.10974799278140554,0.2924756891621148,0.20106918850742303
Bulk 92,0.4480816124301353,0.08424447037367988,0.10838243844220088,0.18902374432341942,0.17026773443056462
Bulk 93,0.02308297429441664,0.18429624795470156,0.10274479341640132,0.37803286532598285,0.3118431190084977
Bulk 94,0.2820047767073114,0.0,0.06989220092563411,0.496534823512261,0.15156819885479358
Bulk 95,0.06418838422683724,0.2525696517828409,0.08752300503727381,0.35621931056965345,0.23949964838339458
Bulk 96,0.7278634917906768,0.08127086216322083,0.0,0.0,0.1908656460461023
Bulk 97,0.42260617132430844,0.09420429262389285,0.10620741730680257,0.1639848664748048,0.2129972522701913
Bulk 98,0.3750685073222489,0.0637646436155052,0.20612774069120918,0.1449015350953845,0.2101375732756523
Bulk 99,0.117512290635759,0.19135904567486586,0.1698556384290925,0.35071295726924534,0.17056006799103732
Bulk 100,0.18132144881171786,0.07923145925329506,0.07446712342256664,0.5377065183015006,0.1272734502109197
Bulk 101,0.585977057453439,0.07656790766918488,0.015123308796967036,0.15077562792218743,0.17155609815822184
Bulk 102,0.030370682108934077,0.14274971901942382,0.10362903825023415,0.4624562827596329,0.2607942778617749
Bulk 103,0.0,0.21265508639178085,0.07158733485840343,0.36058034265756167,0.35517723609225405
Bulk 104,0.18058752905660164,0.1927340505693131,0.09204602644073903,0.4390001139032353,0.09563228003011098
Bulk 105,0.32116889334732246,0.17261486351939065,0.09217805258937144,0.25876489314971374,0.15527329739420173
Bulk 106,0.5733355373378796,0.11643512628870076,0.0,0.0975756214572791,0.2126537149161405
Bulk 107,0.5955177373218158,0.0,0.0,0.21293941151363133,0.19154285116455289
Bulk 108,0.1380315673773781,0.13772602195160547,0.10625450816520983,0.40746784348434795,0.21052005902145865
Bulk 109,0.13828087656133012,0.21149189948738054,0.04533911654907064,0.2737392575936584,0.3311488498085603
Bulk 110,0.5012361399830934,0.005994198843790389,0.3795612792336473,0.11320838193946899,0.0
Bulk 111,0.8195765788669093,0.0,0.0,0.03915745851032733,0.1412659626227635
Bulk 112,0.38792856338259224,0.1748095282829627,0.0,0.25538005769055316,0.1818818506438919
Bulk 113,0.2872668769446417,0.19780968172641847,0.11060645837349144,0.21406451943291874,0.19025246352252967
Bulk 114,0.17548695416311394,0.2212471917731184,0.07648873883178488,0.2538872289005361,0.2728898863314466
Bulk 115,0.3807034958522582,0.11861922293462177,0.04059506407780158,0.3346022275364881,0.12547998959883025
Bulk 116,0.5131804707887601,0.06412843042565555,0.03559786357014112,0.32280320398375106,0.06429003123169225
Bulk 117,0.10151307335356437,0.2077295225404305,0.021172735887140186,0.40002054211229754,0.26956412610656744
Bulk 118,0.5277730162921943,0.06010651361088326,0.0,0.29813924021268773,0.11398122988423483
Bulk 119,0.32231866826754296,0.15634077335752686,0.04443187975459583,0.2787128522815376,0.19819582633879684
Bulk 120,0.29154200425279386,0.1721009587631759,0.0399714499360535,0.30316971454374086,0.19321587250423577
Bulk 121,0.19365118991672645,0.1435755320748497,0.04795426415487816,0.3914845563626613,0.2233344574908845
Bulk 122,0.8713423401721061,0.01882671934998107,0.0,0.08722946991182455,0.022601470566088237
Bulk 123,0.22962239444481683,0.09074095368513871,0.16788620348217206,0.34504942676066014,0.16670102162721248
Bulk 124,0.5948825969220516,0.1101702564414123,0.0,0.10860784778687015,0.18633929884966594
Bulk 125,0.5114210420365995,0.08033216140443648,0.022047318578827607,0.25571862715893023,0.13048085082120622
Bulk 126,0.040500511759284034,0.00888545937994697,0.20840953371234067,0.5790650803741185,0.16313941477430977
Bulk 127,0.24850938296589,0.1534904136541246,0.06346114428469384,0.26884141708497655,0.265697642010315
Bulk 128,0.36401413445611325,0.04024057686840762,0.13491368304939444,0.3011120511027593,0.15971955452332526
Bulk 129,0.3410971027703849,0.10641175300783542,0.12925595553470307,0.19066235824761485,0.2325728304394618
Bulk 130,0.47891849269303494,0.0774818275108766,0.0608651242134724,0.14169223882023024,0.24104231676238583
Bulk 131,0.6080307147887313,0.10333295761080007,0.0,0.07954031125427798,0.2090960163461907
Bulk 132,0.47125697215779583,0.20102834858609944,0.0,0.10457584296837151,0.2231388362877331
Bulk 133,0.9274101379849236,0.0,0.0,0.0,0.07258986201507651
Bulk 134,0.5983383778699215,0.05447582565424357,0.03841481801244469,0.16795507881737162,0.14081589964601873
Bulk 135,0.18503107888363174,0.12005831257144664,0.14050022197160184,0.3475616632360059,0.20684872333731377
Bulk 136,0.2062157239175447,0.17586007583708432,0.11065069223907206,0.20426112887968625,0.3030123791266127
Bulk 137,0.7387328087931946,0.0,0.0,0.048874148106998375,0.21239304309980694
Bulk 138,0.22276141168147556,0.13870923821933479,0.11152924217888388,0.18126214865671153,0.34573795926359424
Bulk 139,0.5250001119606782,0.14522546242378964,0.0,0.1323934662372688,0.19738095937826328
Bulk 140,0.35193680273413663,0.1815005287832209,0.0,0.23011496061378772,0.23644770786885475
Bulk 141,0.22772022522510935,0.1299893314673087,0.1417199307850886,0.3049766930763432,0.19559381944615012
Bulk 142,0.8008354405324325,0.0,0.0,0.0,0.19916455946756756
Bulk 143,0.2861162675084676,0.14945674777406837,0.12707881268546992,0.2228845133734996,0.2144636586584944
Bulk 144,0.12708107688720952,0.2393163981888321,0.12440200345073879,0.27805531293104657,0.23114520854217294
Bulk 145,0.32544648699553763,0.13936066114870863,0.13358672753246248,0.28835574771508377,0.11325037660820743
Bulk 146,0.18396402428687136,0.08337424866828085,0.16040203947558002,0.36850023309839064,0.20375945447087707
Bulk 147,0.057315325925921194,0.2151298890324929,0.12090819109332433,0.29824637327581477,0.3084002206724469
Bulk 148,0.2929599021883109,0.12433088086493181,0.14264637572445432,0.33802582852152424,0.10203701270077861
Bulk 149,0.10528997904282023,0.19067739618971247,0.0633033594163289,0.3467423357464864,0.2939869296046519
Bulk 150,0.3625383041806707,0.0,0.20901437551454125,0.3648740411244849,0.0635732791803033
Bulk 151,0.2994359233722985,0.13036189469386353,0.038446148244031614,0.3741451467138681,0.1576108869759383
Bulk 152,0.4255549004101002,0.18650195552282037,0.24150174331532603,0.10517158404521809,0.041269816706535345
Bulk 153,0.09634496752895472,0.20279535606082275,0.223552215313605,0.2096116008880151,0.26769586020860237
Bulk 154,0.24984118794424096,0.2236851291945588,0.03510060194633172,0.26983710883833406,0.22153597207653444
Bulk 155,0.295886065892986,0.15778370147951054,0.00750803262757443,0.21414571505352537,0.3246764849464037
Bulk 156,0.607827205316015,0.07106765687728576,0.0,0.1086583460779502,0.21244679172874903
Bulk 157,0.347126222489999,0.12598155319388923,0.0,0.2501035012510538,0.2767887230650579
Bulk 158,0.14409099293497807,0.21586257220085028,0.007546880681065597,0.4278934229966217,0.20460613118648438
Bulk 159,0.33060415524627423,0.10987421076125807,0.09622908307482096,0.16630648458222003,0.2969860663354267
Bulk 160,0.4250795273178878,0.21500765673786637,0.0082638545979822,0.038323250313753214,0.3133257110325102
Bulk 161,0.5827161579282122,0.1477598804145771,0.0,0.01684439538148401,0.25267956627572663
Bulk 162,0.12672332167087258,0.21380899864907643,0.17388118526678545,0.23332736441779073,0.2522591299954748
Bulk 163,0.40812386866516376,0.16913479698660075,0.0,0.17744429885652183,0.2452970354917137
Bulk 164,0.3660833827848791,0.13328750059860073,0.0,0.2603387124985633,0.2402904041179569
Bulk 165,0.08122603854020016,0.1823882153629251,0.20453385051599315,0.3688227964112988,0.1630290991695829
Bulk 166,0.5060659217734671,0.11327774116454575,0.03995346497376917,0.19208428941357353,0.14861858267464428
Bulk 167,0.43337425808965674,0.1593439898785401,0.0,0.19195363568468596,0.2153281163471171
Bulk 168,0.0,0.236659322010096,0.0829491030884937,0.2772183192593966,0.4031732556420137
Bulk 169,0.5879264768441621,0.0,0.0,0.10878583400723775,0.3032876891486002
Bulk 170,0.2856834384093557,0.22437144068994985,0.23830664693978687,0.0,0.25163847396090744
Bulk 171,0.10633041872226391,0.11876290444114922,0.0030769150583727397,0.5000039393845641,0.27182582239365016
Bulk 172,0.29305373721792694,0.23599017920401205,0.005562920661327166,0.1871528218060113,0.27824034111072266
Bulk 173,0.7351276498073551,0.08369404963263431,0.0,0.0,0.18117830056001064
Bulk 174,0.7483729050774982,0.03319993733966708,0.006902959250534959,0.05617782153794559,0.15534637679435426
Bulk 175,0.2820090049738561,0.07949824335826515,0.2838721698460466,0.28420402074156276,0.07041656108026942
Bulk 176,0.13387496394703727,0.09050176143481513,0.17044243085807714,0.41229443808356514,0.19288640567650522
Bulk 177,0.06241228796834758,0.21498547732597326,0.07557804680167729,0.35736695388179524,0.2896572340222066
Bulk 178,0.3292084306295306,0.19700584290623308,0.0,0.2526589925831192,0.22112673388111714
Bulk 179,0.17293250332272028,0.16475301303534554,0.02237661544717955,0.42822433840494806,0.21171352978980648
Bulk 180,0.066633155005672,0.1590083642817313,0.23250520119754026,0.26911533130561593,0.27273794820944053
Bulk 181,0.4158491606566843,0.178785314453302,0.0,0.14322129898738334,0.2621442259026305
Bulk 182,0.3341888070470321,0.1627466480764846,0.0830052291116834,0.26157879882742385,0.158480516937376
Bulk 183,0.40303025160031203,0.17606158587283613,0.00267862855315925,0.18459988133077418,0.23362965264291827
Bulk 184,0.37788187061923645,0.0,0.21890674375853103,0.30826392074792447,0.09494746487430802
Bulk 185,0.18208912509173686,0.1259587142117098,0.1304127955879448,0.3589813624331591,0.20255800267544938
Bulk 186,0.24328399228051145,0.1340063028363617,0.09848409245602129,0.33659011245782033,0.18763549996928516
Bulk 187,0.5551706408252968,0.027999391204030073,0.0,0.10815331380589988,0.3086766541647734
Bulk 188,0.21915543744094332,0.15319456518098035,0.07029676337245869,0.3513828063493305,0.20597042765628704
Bulk 189,0.45167398348786514,0.046530055676773645,0.16150006213746537,0.25993994050572045,0.08035595819217514
Bulk 190,0.3765546701543286,0.10003688037960264,0.06096011006850377,0.27435564554275105,0.18809269385481395
Bulk 191,0.4073308552660673,0.10599413792964953,0.1377111109725638,0.14445202606937346,0.20451186976234587
Bulk 192,0.47446639093121157,0.11391247822752552,0.0,0.18378760474628147,0.2278335260949814
Bulk 193,0.29936663122002344,0.10093693891143081,0.3581703193325197,0.18972968954051977,0.051796420995506263
Bulk 194,0.676158716274719,0.07031353234777435,0.0,0.06047731840984588,0.1930504329676606
Bulk 195,0.22197572589171338,0.21132375800815467,0.09632189584876998,0.24247699172953796,0.22790162852182397
Bulk 196,0.39133135152643495,0.2025428730940014,0.08759535940981021,0.09377237234914192,0.22475804362061155
Bulk 197,0.32075908681387816,0.1922197138310066,0.0662010487622888,0.1681207036163778,0.2526994469764485
Bulk 198,0.8555013322777469,0.02849366613105764,0.0,0.0,0.11600500159119542
Bulk 199,0.3412216373495402,0.177576766910139,0.06445579821786111,0.17770118913796093,0.23904460838449879
Bulk 200,0.07929899837051232,0.2743129935588684,0.2169958341166825,0.14148635240110444,0.28790582155283223
Bulk 201,0.24153398158060851,0.11911765451342882,0.0,0.39200635035511666,0.24734201355084612
Bulk 202,0.32227511633202927,0.10106625874150896,0.08371333089821396,0.3551556010396919,0.13778969298855595
Bulk 203,0.287715412097878,0.1844557361115383,0.07895530140344824,0.287197177555818,0.1616763728313175
Bulk 204,0.39538900891789075,0.18247126462064506,0.04008251214533085,0.1686553350493726,0.21340187926676085
Bulk 205,0.5503130966875335,0.12665826112687684,0.0,0.0011768752460532656,0.3218517669395364
Bulk 206,0.7712010340185214,0.020814801615382888,0.0,0.09222877461036225,0.11575538975573355
Bulk 207,0.33462436786911987,0.11530381269365195,0.06648471625652398,0.2656930526834543,0.21789405049724986
Bulk 208,0.17077531938029844,0.16464087800108193,0.03165828818390214,0.3798497988181719,0.25307571561654557
Bulk 209,0.5656651858165544,0.10344415795009247,0.0,0.24942878558744222,0.08146187064591075
Bulk 210,1.0,0.0,0.0,0.0,0.0
Bulk 211,0.19358103111419542,0.07645692207217486,0.11684553194306711,0.4412025801253203,0.17191393474524228
Bulk 212,0.47401601068301685,0.12740731200624342,0.1592392294383488,0.0069043332789471504,0.2324331145934438
Bulk 213,0.3089837313572271,0.18540405891316594,0.05394703196715841,0.16331793261883007,0.2883472451436184
Bulk 214,0.4820716677570504,0.06835905208693176,0.1899877708520154,0.09341064411581652,0.16617086518818586
Bulk 215,0.07266522212312079,0.22721780976683192,0.10235374896988862,0.30912129040747494,0.28864192873268374
Bulk 216,0.16684097295696476,0.2157081630864052,0.017918710540975588,0.3702041194674711,0.2293280339481833
Bulk 217,0.22023676915172866,0.16571745791652312,0.04196860578208805,0.33082672092582577,0.2412504462238344
Bulk 218,0.00461033889583284,0.2584132796652412,0.17367571994674602,0.3110889313350196,0.2522117301571604
Bulk 219,0.3752997308918765,0.15420501720173369,0.05733792249206951,0.21131895380423849,0.2018383756100819
Bulk 220,0.572033166358509,0.15673127494915767,0.024143300610241784,0.0,0.2470922580820915
Bulk 221,0.42020789261936803,0.18074838203392857,0.0,0.2734580529029119,0.12558567244379162
Bulk 222,0.2404298959433634,0.03519594906175265,0.1406535777341433,0.3376082958935617,0.2461122813671789
Bulk 223,0.26121065367389074,0.15369273878734122,0.0,0.3054587102429574,0.2796378972958106
Bulk 224,0.4111511816559161,0.1170292798031023,0.1964881934549169,0.13629661957359326,0.13903472551247148
Bulk 225,0.7092842589441313,0.07776159995331572,0.039722194965544216,0.17323194613700874,0.0
Bulk 226,0.5257019881733319,0.14366189551914735,0.0,0.12212342741970857,0.20851268888781213
Bulk 227,0.07466003909127693,0.16851309587538385,0.10946459175370142,0.41302867526388354,0.23433359801575424
Bulk 228,0.20912713297921953,0.2372039878233659,0.0,0.20279433459252977,0.3508745446048848
Bulk 229,0.26372723562298445,0.18288141643759673,0.020888746250745646,0.2520162230934088,0.28048637859526443
Bulk 230,0.1624996792183754,0.135178931668379,0.07102616603675845,0.5172411916534347,0.11405403142305244
Bulk 231,0.5065058452911273,0.13091358038298728,0.0,0.05610787666244093,0.3064726976634443
Bulk 232,0.0,0.24092707516470172,0.09360414424702766,0.2920627077752922,0.3734060728129784
Bulk 233,0.23762538530099458,0.15689715250688768,0.11156004128351443,0.2570250338472062,0.2368923870613972
Bulk 234,0.18311251100242812,0.23276969924518487,0.07856145812088268,0.2514347027492961,0.2541216288822084
Bulk 235,0.2131566117698491,0.2159179380704976,0.07717269690647009,0.2567781024644891,0.236974650788694
Bulk 236,0.0,0.22268386073012705,0.09832116104245697,0.40489391622302373,0.2741010620043923
Bulk 237,0.3177263075005928,0.06146902720006573,0.26780758017032896,0.1480645473642108,0.20493253776480183
Bulk 238,0.38203138641876755,0.07217467230028222,0.0,0.19812115823542917,0.347672783045521
Bulk 239,0.12408634852022983,0.17812849816664103,0.12335561585763655,0.3487246748841398,0.22570486257135286
Bulk 240,0.21690531065239257,0.1353591318267394,0.14248878279110433,0.3314649691349532,0.17378180559481038
Bulk 241,0.011484770700235377,0.2807475308490237,0.04687542042160917,0.3330436333578604,0.3278486446712714
Bulk 242,0.7648363292444672,0.06702433831367939,0.0,0.1340948880957571,0.03404444434609624
Bulk 243,0.5412259189660624,0.11783735737898025,0.0,0.08882302976582686,0.2521136938891306
Bulk 244,0.5007646802408183,0.09654494901153936,0.2586697893555967,0.14402058139204554,0.0
Bulk 245,0.7010090572950904,0.05729565127631578,0.0,0.0,0.2416952914285937
Bulk 246,0.17195862180022856,0.2767816994239593,0.0,0.26112082763851513,0.2901388511372969
Bulk 247,0.2519439071333309,0.15272033412552796,0.162502083478344,0.2666657899436408,0.16616788531915633
Bulk 248,0.6067540583119737,0.12773879323933143,0.0,0.04791394773137072,0.21759320071732405
Bulk 249,0.8026566203121835,0.0,0.0,0.0,0.19734337968781637
Bulk 250,0.5771452639093814,0.14346924539224248,0.0,0.0,0.27938549069837604
Bulk 251,0.1518307582964412,0.15874690364178926,0.07104018094404985,0.35661737647796155,0.2617647806397583
Bulk 252,0.2706470307817464,0.19673748694089727,0.038976704479297596,0.25924748691553406,0.23439129088252475
Bulk 253,0.45989969729157737,0.03731712741287307,0.07511983272923992,0.32101061324385993,0.10665272932244967
Bulk 254,0.4718880802749886,0.12176362283125088,0.0,0.13370040120133767,0.2726478956924229
Bulk 255,0.11901903301582964,0.2340004389394486,0.09801198751300466,0.2592131526022149,0.2897553879295022
Bulk 256,0.35302351475075755,0.13459250869089745,0.0009425700091105962,0.34893637588948484,0.16250503065974947
Bulk 257,0.07909077851258624,0.40266927793301466,0.0,0.14150359701561954,0.37673634653877947
Bulk 258,0.32157816955551344,0.16988616394718897,0.0,0.23494576782445054,0.27358989867284705
Bulk 259,0.48151650898557125,0.11361530511303061,0.031518347811808144,0.1604576394439576,0.21289219864563236
Bulk 260,0.14707369739054546,0.1300049875445544,0.05602573172698751,0.41985458736649106,0.24704099597142154
Bulk 261,0.0456950206363627,0.2026215714416736,0.025163490073347363,0.3117167045990997,0.4148032132495167
Bulk 262,0.1949458231038023,0.15211540724982361,0.10120487579563636,0.22531166339443828,0.3264222304562994
Bulk 263,0.647377330470117,0.09540609487915311,0.0,0.1117251039445725,0.1454914707061574
Bulk 264,0.19167410640359578,0.1715793543627267,0.08339351835191273,0.25010984671141506,0.30324317417034974
Bulk 265,0.16387367004547618,0.1808610826137008,0.06626639464790939,0.3996406190914343,0.1893582336014793
Bulk 266,0.7353972009228543,0.0,0.014482852952346992,0.10378431637397365,0.146335629750825
Bulk 267,0.323067332083343,0.12815550207712942,0.09587210948822847,0.3283613539421449,0.1245437024091543
Bulk 268,0.34237179788441174,0.1435921641442704,0.0,0.27274021118068087,0.24129582679063713
Bulk 269,0.516708691684582,0.12587105359930115,0.039194309840532064,0.1377643534848556,0.18046159139072915
Bulk 270,0.572010394891196,0.08703147759180775,0.0,0.07024176848648371,0.27071635903051255
Bulk 271,0.07759946156755627,0.17466588015376225,0.10228889478489345,0.3999617879480539,0.2454839755457341
Bulk 272,0.3296878775180637,0.20021171536797366,0.14741324999615796,0.09866273619358717,0.22402442092421754
Bulk 273,0.35050323762508934,0.21401214139062277,0.0,0.12381047060071666,0.3116741503835712
Bulk 274,0.25953253998256004,0.18140753428460527,0.1381574067353246,0.3871722659383386,0.03373025305917147
Bulk 275,0.09725298999321948,0.13202762950512206,0.15074666996303057,0.4127781652161019,0.20719454532252607
Bulk 276,0.33671507695900166,0.14041004247871827,0.1746332407233786,0.21142588762578335,0.13681575221311804
Bulk 277,0.6299820421450669,0.0904536928753858,0.0,0.14815535026168114,0.13140891471786617
Bulk 278,0.33237361730131326,0.1528038279243462,0.055275102709055696,0.21407449668065595,0.24547295538462885
Bulk 279,0.12314350638137156,0.11883477561073405,0.29871321731160655,0.36537933619937596,0.09392916449691185
Bulk 280,0.5645563988943755,0.12752072514221163,0.06702908229102932,0.11144981002305493,0.12944398364932866
Bulk 281,0.3869133495567387,0.13847552030401433,0.19415343328416285,0.18916203619429156,0.09129566066079242
Bulk 282,0.506737179401425,0.1411584977046019,0.0,0.16737344241958205,0.18473088047439104
Bulk 283,0.2592136088383793,0.1736829133213459,0.2572402511058961,0.1609556418397446,0.14890758489463407
Bulk 284,0.5279106991476117,0.09839900845860276,0.25331029438288777,0.12037999801089776,0.0
Bulk 285,0.09941109448275204,0.21415527422854616,0.08443998937476999,0.3477134493886842,0.2542801925252476
Bulk 286,0.136323257687468,0.24657361917331594,0.11259932976297221,0.24408438700535398,0.26041940637088995
Bulk 287,0.14397190520759234,0.16714639138030155,0.07505465400873257,0.43524703059140246,0.17858001881197094
Bulk 288,0.4269759043988125,0.21109421245435364,0.007001233803412399,0.16261290297004422,0.19231574637337706
Bulk 289,0.7660991770299144,0.0,0.0,0.0,0.23390082297008558
Bulk 290,0.09633995338989916,0.24957529192989786,0.03834960907373165,0.27309915526142675,0.3426359903450445
Bulk 291,0.6595653948515565,0.0650244977263916,0.0,0.0,0.27541010742205196
Bulk 292,0.49627713419712255,0.17369210505814076,0.0,0.12885168951643042,0.20117907122830617
Bulk 293,0.2880756648189601,0.08547471468048498,0.0,0.30581380752037424,0.3206358129801806
Bulk 294,0.3475299147709879,0.15565437637159907,0.12181607172994657,0.16493837253010638,0.2100612645973602
Bulk 295,0.4965704091987544,0.17676452488348804,0.14469828761770123,0.022576536014200444,0.15939024228585585
Bulk 296,0.617592656688436,0.11812897785053757,0.0,0.0,0.2642783654610265
Bulk 297,0.4539990186676726,0.0886714383310366,0.26600941010084633,0.14641070266461073,0.04490943023583392
Bulk 298,0.24047437123006038,0.19903160197794492,0.09327506219593953,0.1807791244298321,0.28643984016622304
Bulk 299,0.6164891714615003,0.13665754453476062,0.0,0.006432826731313601,0.24042045727242548
Bulk 300,0.4655106465373922,0.13753617405082869,0.0,0.32030388391541786,0.07664929549636124
Bulk 301,0.09133405559397098,0.2604176308797234,0.0,0.3160473630448851,0.33220095048142045
Bulk 302,0.2033406454414035,0.189397791749917,0.020881252618565042,0.32461045874202515,0.26176985144808923
Bulk 303,0.38971422832034136,0.20190548514765072,0.0,0.1569042959420793,0.2514759905899287
Bulk 304,0.33213023747312614,0.21612949708674148,0.0,0.20837623258542398,0.24336403285470848
Bulk 305,0.6250939211779882,0.03636148267691171,0.24020808681300626,0.04552404677797015,0.05281246255412359
Bulk 306,0.4091913997870435,0.17803355633627763,0.07101508886388874,0.19749187955248085,0.14426807546030923
Bulk 307,0.6026870338093735,0.06127266469734504,0.0,0.04299337578363817,0.29304692570964325
Bulk 308,0.4498070951845332,0.06705458728007258,0.09071481504607326,0.18666756506653526,0.20575593742278564
Bulk 309,0.4114386667561705,0.17736157569835978,0.0006099194113550852,0.2065525383520422,0.2040372997820725
Bulk 310,0.2460403985602179,0.13942291324748388,0.16110355162084736,0.30723288152018985,0.14620025505126094
Bulk 311,0.1747209846617989,0.1962299918045864,0.09658632997744593,0.22457625691285807,0.3078864366433108
Bulk 312,0.229164111655547,0.21380168916351006,0.08143456668754864,0.2430446804215653,0.232554952071829
Bulk 313,0.20005297333450864,0.17162136745444437,0.08178208141018313,0.2599633392649478,0.28658023853591613
Bulk 314,0.48093770820303605,0.15970194021170722,0.12302828296192334,0.11558144461122598,0.12075062401210745
Bulk 315,0.3987563670543902,0.12907057377606787,0.1750102864377446,0.08320596541130593,0.21395680732049135
Bulk 316,0.46760535805348324,0.05869302852606936,0.08239870683249118,0.18047808555593325,0.21082482103202302
Bulk 317,0.1717318771099105,0.1832897504093115,0.09560402812082437,0.2756227493222279,0.2737515950377257
Bulk 318,0.8972108976981327,0.0,0.038037018341397735,0.06475208396046964,0.0
Bulk 319,0.1841111729119498,0.2653641674111776,0.08197013602414585,0.19247002260731824,0.2760845010454086
Bulk 320,0.3135735666073246,0.14459762129895176,0.19265050185002314,0.23398599345744506,0.11519231678625556
Bulk 321,0.4415607191764505,0.18436314092526374,0.0,0.1309434284445536,0.24313271145373222
Bulk 322,0.48783913037786264,0.07922024653746765,0.06599499119495378,0.2808738874264857,0.08607174446323025
Bulk 323,0.3779871192934946,0.19984435515177246,0.13075554109323279,0.05044949916790446,0.24096348529359568
Bulk 324,0.4958509881476911,0.142065474562501,0.0,0.24633383745659174,0.1157496998332162
Bulk 325,0.2715456481776173,0.17130539679226553,0.31637201185074526,0.0578082654642336,0.18296867771513833
Bulk 326,0.1243799516484604,0.16277561554320336,0.3041174968982654,0.30178165922240946,0.10694527668766135
Bulk 327,0.3628043227835797,0.19605026931118394,0.10854431230682152,0.1785349900736822,0.15406610552473263
Bulk 328,0.31996910420007896,0.20500773962711932,0.029942169338239757,0.17058185945113188,0.27449912738343013
Bulk 329,0.5065883064665061,0.1645679337604432,0.0,0.05908888371016728,0.2697548760628835
Bulk 330,0.43883554936597285,0.08438239157592857,0.0,0.27777317677344576,0.19900888228465277
Bulk 331,0.2744023285522189,0.21697099348808752,0.0,0.20179557229755346,0.30683110566214006
Bulk 332,0.616509330808114,0.19038556548905536,0.0,0.0,0.19310510370283052
Bulk 333,0.6252461541407366,0.07476225289202013,0.0,0.022183296039107375,0.27780829692813586
Bulk 334,0.0,0.23535299564072296,0.05552971886590791,0.4327415256925781,0.2763757598007911
Bulk 335,0.48965083241556373,0.09055934644620921,0.051518888574464766,0.1807897918096082,0.18748114075415412
Bulk 336,0.39463954106366234,0.19716265383890022,0.0,0.0,0.4081978050974374
Bulk 337,0.07891156535750689,0.1442599484061594,0.039665558877692166,0.44915798157861664,0.2880049457800249
Bulk 338,0.1640111335427228,0.2721259323914609,0.1008719538456716,0.23337670274064773,0.2296142774794969
Bulk 339,0.8053695921285271,0.018810609212097644,0.0,0.0,0.17581979865937522
Bulk 340,0.24515007103424336,0.16407884648231336,0.0437349035339563,0.3438521692671797,0.2031840096823073
Bulk 341,0.2674564842940285,0.11756831062889074,0.22337722617532743,0.21599430127486682,0.17560367762688642
Bulk 342,0.0,0.22863720989134406,0.12714908924897872,0.38914893930035316,0.25506476155932417
Bulk 343,0.17428251612806026,0.18203238924572065,0.20962508470303154,0.1650024458421031,0.2690575640810844
Bulk 344,0.3496835138249089,0.1538908323872256,0.10500096308140934,0.15496168675009886,0.23646300395635722
Bulk 345,0.532833312832224,0.1847758541472073,0.0,0.0,0.2823908330205688
Bulk 346,0.1547330286617169,0.18978134426038398,0.041103068447544404,0.3350361768994575,0.2793463817308971
Bulk 347,0.7135153726059708,0.0,0.0,0.07724494843264408,0.20923967896138518
Bulk 348,0.38959440577897525,0.12807963256590457,0.14165686865997237,0.1501947458242599,0.19047434717088801
Bulk 349,0.4745207040974736,0.10980441223871845,0.0,0.28732567850477025,0.12834920515903772
Bulk 350,0.290328172736608,0.23858101471913884,0.11595828127320933,0.07433282518060218,0.2807997060904417
Bulk 351,0.8121575364530468,0.0,0.1327099608186152,0.048784521122441166,0.006347981605897024
Bulk 352,0.0,0.21353240144866845,0.10952711024799776,0.4106855019748071,0.2662549863285268
Bulk 353,0.35943855028021643,0.20826131279819707,0.00012704448351212678,0.10278751907238647,0.329385573365688
Bulk 354,0.6775706720476237,0.08243864118192529,0.0,0.0,0.23999068677045102
Bulk 355,0.2236669378365109,0.19068643719189468,0.15601235487717308,0.24656446923090677,0.1830698008635145
Bulk 356,0.2318896825835171,0.1976948853467556,0.09276187702613867,0.2287819358827897,0.24887161916079883
Bulk 357,0.32709092732947337,0.2475751500774006,0.0,0.08887804001249772,0.3364558825806283
Bulk 358,0.26242100256596934,0.21965521172527402,0.06667291107453473,0.14121006635309336,0.3100408082811286
Bulk 359,0.0,0.2633517534218185,0.16591782149590828,0.3122803820876457,0.25845004299462765
Bulk 360,0.19299504079856028,0.20308184784747452,0.11256135894783709,0.1989665811311556,0.29239517127497255
Bulk 361,0.27545700657686195,0.21720871570330946,0.050960274529599406,0.23728987390314393,0.21908412928708518
Bulk 362,0.17745858306102377,0.10665548987700149,0.04319726908270357,0.44573630054080116,0.22695235743847006
Bulk 363,0.1559675694551745,0.20670130365226058,0.10468358615416898,0.27598524050368195,0.25666230023471404
Bulk 364,0.2546294612784784,0.08753480793155567,0.15717633969577088,0.3287777071699081,0.17188168392428685
Bulk 365,0.6423566825653555,0.0,0.0,0.20780910878793124,0.14983420864671326
Bulk 366,0.04986618087329139,0.15807198315103357,0.18896233658771558,0.38211453455692956,0.22098496483102986
Bulk 367,0.5077420118230409,0.0841389137939102,0.056413866656108876,0.20215307415371306,0.14955213357322691
Bulk 368,0.11193732446726351,0.3197759870437638,0.13793970991898305,0.0,0.4303469785699897
Bulk 369,0.3055713229263078,0.18871399824733925,0.0,0.32111895046583216,0.18459572836052077
Bulk 370,0.22786996799918977,0.24111614032971032,0.05737159361536459,0.18706115403489698,0.2865811440208384
Bulk 371,0.47068378222233853,0.2210224137594136,0.0,0.07366102639257952,0.2346327776256684
Bulk 372,0.4230097530323699,0.1071694031114878,0.014215505770373853,0.2991729282613014,0.15643240982446718
Bulk 373,0.35760579413192234,0.20237084026353702,0.06660047077066386,0.24378711583446,0.1296357789994168
Bulk 374,0.7050556041883027,0.0,0.0,0.17200957054016625,0.12293482527153102
Bulk 375,0.1557317139986103,0.24379779087726644,0.014800406078271228,0.2184192462948642,0.3672508427509877
Bulk 376,0.6083161929714112,0.11651066645051841,0.05484660091034589,0.0,0.22032653966772459
Bulk 377,0.13973592841066798,0.2750976467006314,0.03716132715231173,0.30021163909516463,0.24779345864122423
Bulk 378,0.2068640378805452,0.21136376497876969,0.0,0.19962330612569576,0.3821488910149894
Bulk 379,0.18746585739846555,0.14712607305216965,0.19942267916945938,0.31597300717783666,0.1500123832020688
Bulk 380,0.40534714304227853,0.135738743377315,0.07173466496160624,0.18272239157903197,0.20445705703976824
Bulk 381,0.527894294829166,0.10892201474469473,0.046682143986798666,0.0,0.31650154643934053
Bulk 382,0.40787701473345406,0.19826917472966218,0.0,0.09663700330267394,0.29721680723420973
Bulk 383,0.2835213829085203,0.12955206405287506,0.22766917754645544,0.18024464352764044,0.17901273196450881
Bulk 384,0.10075263232470752,0.3347642627153838,0.03290167381068406,0.0,0.5315814311492247
Bulk 385,0.15934118004550143,0.1428467357738538,0.08088258680518369,0.4398023304831124,0.17712716689234875
Bulk 386,0.3924648789396964,0.10700670729649596,0.06605205366300157,0.07705481372247219,0.35742154637833384
Bulk 387,0.3804408497763308,0.17296768690448128,0.0,0.07339119272177579,0.3732002705974121
Bulk 388,0.36248093762793593,0.23483060350824989,0.0,0.16723250694123845,0.23545595192257565
Bulk 389,0.2574842623480924,0.19936844543468257,0.16014782240208086,0.18670826367541069,0.19629120613973344
Bulk 390,0.28509002958996166,0.1736111032913969,0.06883898243816147,0.2202786334053405,0.25218125127513963
Bulk 391,0.3581095588900264,0.17513684692649725,0.09097011586735394,0.16403107659846497,0.21175240171765738
Bulk 392,0.18942726857219924,0.22477268104699508,0.11302425544143388,0.21018894843619018,0.2625868465031817
Bulk 393,0.26240270855130476,0.251251515218861,0.012195803779796994,0.21249123791331392,0.26165873453672334
Bulk 394,0.3362873858324401,0.1863551261167337,0.0,0.1677258270617522,0.3096316609890739
Bulk 395,0.38969025655770395,0.1750873830178675,0.08957409863042638,0.10707163603748238,0.23857662575651975
Bulk 396,0.4264884072093543,0.17754312544116324,0.1580528974374087,0.05497486112896626,0.18294070878310753
Bulk 397,0.5895979318287543,0.16355866436780245,0.0,0.03418129388559911,0.21266210991784412
Bulk 398,0.7453428232563795,0.059043548887650524,0.0,0.0,0.19561362785597
Bulk 399,0.4954707863219709,0.14117215320806348,0.13363223755950868,0.20834837984285834,0.021376443067598602
Bulk 400,0.394895279258796,0.09977879714728435,0.2102167211334672,0.279030865305351,0.0160783371551016
