,Ast,End,Mic,Neu,Oli
Bulk 0,0.3226344714964211,0.01566170901496004,0.08135497782054027,0.47801565477146585,0.10233318689661271
Bulk 1,0.6461461105929216,0.013176378003166334,0.0,0.12576680681123933,0.21491070459267292
Bulk 2,0.296048257284925,0.09357055613541826,0.0998309685879421,0.35044898018666065,0.1601012378050539
Bulk 3,0.05300535445898797,0.2293440083381427,0.18521492517224378,0.3218770245183787,0.2105586875122469
Bulk 4,0.558216574284707,0.1272461190642486,0.0,0.0,0.31453730665104446
Bulk 5,0.26536872415901586,0.15414683946176083,0.0,0.3642227983957169,0.21626163798350648
Bulk 6,0.2236659082752116,0.17434556850589591,0.2442147327833155,0.20489027521755146,0.15288351521802548
Bulk 7,0.2817501081871417,0.10319368556564797,0.05246992447508513,0.39770131318427565,0.16488496858784957
Bulk 8,0.5306490318297568,0.0,0.25143548823480927,0.21791547993543403,0.0
Bulk 9,0.3892556081244215,0.18415679471729632,0.0,0.1170871330082354,0.3095004641500468
Bulk 10,0.12980766504013005,0.11972884216224115,0.15374680205832705,0.4482028435621323,0.14851384717716953
Bulk 11,0.36834866640197705,0.1869512583412306,0.024891648837901712,0.2666079244695387,0.15320050194935195
Bulk 12,0.3001554696738777,0.06700935699045005,0.12296975715875569,0.2998737840236512,0.2099916321532654
Bulk 13,0.11613920822867882,0.0,0.08789898374817959,0.6096955089527866,0.18626629907035505
Bulk 14,0.7269100398379919,0.059054887084113925,0.0,0.0,0.21403507307789432
Bulk 15,0.6899445549704122,0.0,0.0,0.15840533239487425,0.15165011263471348
Bulk 16,0.1607138840709263,0.1814957532781611,0.05581497215593099,0.3771909608051317,0.2247844296898501
Bulk 17,0.648014335584602,0.03320190212619742,0.0,0.08856817375104309,0.23021558853815752
Bulk 18,0.6329036562462803,0.002403619599149249,0.018066224379049953,0.23102834887939747,0.11559815089612296
Bulk 19,0.17825444017066758,0.0,0.07624151447866638,0.6436449770642462,0.10185906828641987
Bulk 20,0.04753212584659353,0.19188865941617886,0.17392002230485543,0.33717419913813024,0.2494849932942419
Bulk 21,0.09036120323394872,0.2317589532188488,0.0,0.2967187921720264,0.3811610513751761
Bulk 22,0.10490873535936955,0.13892046459357676,0.049828389125800975,0.5433721785730665,0.1629702323481862
Bulk 23,0.1700224033761155,0.18704970461753334,0.06603552890981854,0.3354667718747844,0.2414255912217482
Bulk 24,0.4939729126132106,0.08236909248624423,0.05739078848886484,0.19482753428233365,0.17143967212934672
Bulk 25,0.14804646497694504,0.2285265774507606,0.003874770797514998,0.3492455004797206,0.2703066862950588
Bulk 26,0.31857117795014533,0.0,0.11364395663462709,0.4122363070023712,0.15554855841285647
Bulk 27,0.5008329702091472,0.12409526395731861,0.0,0.14697225873586142,0.22809950709767277
Bulk 28,0.10697133583904518,0.12596628920489358,0.09144188364989994,0.3771104495333033,0.29851004177285806
Bulk 29,0.35455495530168046,0.20668389020703085,0.0,0.03576305558088495,0.4029980989104037
Bulk 30,0.5830232398259013,0.0,0.0,0.34392580719392546,0.07305095298017318
Bulk 31,0.42507153145115745,0.11319770725696375,0.0,0.25377985195880937,0.20795090933306937
Bulk 32,0.3483589416988856,0.04554226215699405,0.28101067874277846,0.29733417796197387,0.027753939439367995
Bulk 33,0.030313040197149813,0.24297748034468525,0.06798420648781375,0.3551646081075024,0.3035606648628487
Bulk 34,0.21115454292990396,0.1880809111451799,0.0,0.28606658625512643,0.31469795966978975
Bulk 35,0.7133388007807614,0.00930706723368347,0.0,0.15580906313472936,0.12154506885082583
Bulk 36,0.271376135133447,0.14197300420744993,0.02518282729782941,0.2997733552808461,0.26169467808042746
Bulk 37,0.45356333424093515,0.14852029869846092,0.0,0.19566460202547464,0.20225176503512937
Bulk 38,0.4869725840072574,0.10539392276170126,0.0,0.1514033481208803,0.2562301451101609
Bulk 39,0.0001673864663249348,0.14550273440403963,0.19955175309149828,0.5106974032269154,0.1440807228112218
Bulk 40,0.17408294707830174,0.23724625752000142,0.0,0.40807942216738324,0.18059137323431368
Bulk 41,0.46096121139087726,0.0927899707187994,0.028575105310414416,0.29049087460876705,0.12718283797114174
Bulk 42,0.2871503535289467,0.1964424880508339,0.10647447136875494,0.16621076916415353,0.24372191788731104
Bulk 43,0.3704491051681237,0.0,0.16649435247948172,0.46305654235239474,0.0
Bulk 44,0.0011157197640614396,0.2506446560703682,0.16322540406428127,0.3348465352666022,0.2501676848346869
Bulk 45,0.4837609028012707,0.0,0.2803577619503866,0.23588133524834268,0.0
Bulk 46,0.3417076058797534,0.14971153111652874,0.132617914682159,0.22307760416971084,0.152885344151848
Bulk 47,0.26971321225921613,0.14455351046033824,0.0,0.3678999643556052,0.21783331292484048
Bulk 48,0.565634540680848,0.0420454611022311,0.0,0.18520742959646078,0.2071125686204602
Bulk 49,0.06712066126431188,0.20431433236684854,0.08056614969937759,0.38403109957990295,0.263967757089559
Bulk 50,0.4438892348854074,0.04009213250486924,0.05935113010242807,0.40054806745021065,0.05611943505708477
Bulk 51,0.23328865240115335,0.18822844586469986,0.038419573558479074,0.26425840418011837,0.27580492399554934
Bulk 52,0.09091805068698981,0.19068535124661343,0.03711090867062141,0.37614761360002724,0.3051380757957481
Bulk 53,0.09225481378498183,0.2156037747258925,0.06691777977974377,0.34808559507844394,0.27713803663093795
Bulk 54,0.6941688952203576,0.03900306605339655,0.0,0.2668280387262458,0.0
Bulk 55,0.07768698376516353,0.19893791798560512,0.07755846899859861,0.22014616362747388,0.42567046562315874
Bulk 56,0.43258222491632486,0.16408820402750013,0.0,0.17157201271935013,0.23175755833682485
Bulk 57,0.3916496976892052,0.15514189899656539,0.12702142338461853,0.11061789497681838,0.21556908495279242
Bulk 58,0.452356730352577,0.13857186299101046,0.16780537946616378,0.023784940887089632,0.21748108630315913
Bulk 59,0.23724474780483124,0.12428385349098023,0.06619115112554341,0.37514857055511125,0.19713167702353382
Bulk 60,0.07556419668647762,0.20373845360928577,0.07250184868462414,0.36262482335372187,0.2855706776658906
Bulk 61,0.3300312971762084,0.06186224826050865,0.11309680223651464,0.3281809495266031,0.16682870280016532
Bulk 62,0.24982985835122942,0.1442346763556921,0.09336335737513285,0.3211869799704214,0.1913851279475243
Bulk 63,0.8168186072595336,0.0,0.0,0.10974035167408476,0.07344104106638161
Bulk 64,0.15236829558815868,0.18988181885259162,0.0726283230355397,0.35991827691905903,0.22520328560465105
Bulk 65,0.40664867828164375,0.18597424153847406,0.0,0.20772314898939812,0.19965393119048414
Bulk 66,0.47656174016667313,0.05802453260699103,0.0,0.16795595178232636,0.29745777544400964
Bulk 67,0.3661107296781336,0.0844936473049379,0.05108969320753696,0.29094542935732864,0.20736050045206295
Bulk 68,0.3824741454374611,0.1178744374809458,0.0,0.3383423925991404,0.1613090244824527
Bulk 69,0.1520599344399829,0.1364725318348343,0.0815633265889692,0.443418628277433,0.18648557885878056
Bulk 70,0.08338849281745044,0.1655837403583841,0.060955542270682346,0.4475677428963798,0.24250448165710342
Bulk 71,0.29759624628366066,0.18325383248752827,0.0,0.2886924477317335,0.23045747349707754
Bulk 72,0.0,0.1945655236499987,0.15273174604765938,0.331879621264177,0.32082310903816474
Bulk 73,0.28450764703469994,0.08400285280652968,0.048302254169258416,0.3083546163173987,0.27483262967211336
Bulk 74,0.31918496242550304,0.12664052739219014,0.06593388339767557,0.2930996989446032,0.19514092784002804
Bulk 75,0.5667580863643018,0.051018818966749216,0.04127831211268575,0.17722241470358718,0.16372236785267597
Bulk 76,0.04306327013044072,0.19171367944718196,0.11086341739664404,0.47966586426661184,0.17469376875912132
Bulk 77,0.4791865183309012,0.13925703758369976,0.0,0.15701721318010362,0.22453923090529543
Bulk 78,0.22794879579243163,0.2139302823909919,0.12423466476202542,0.19257549617252404,0.24131076088202702
Bulk 79,0.277065131328473,0.13988587703518204,0.07701267637997915,0.2930556851042123,0.2129806301521535
Bulk 80,0.2910015465039135,0.2129205862860931,0.043055619460594455,0.22485541126119676,0.2281668364882022
Bulk 81,0.5771386306876066,0.0,0.0,0.2134482953895531,0.20941307392284014
Bulk 82,0.530647336182255,0.0662002777157805,0.2496375760997686,0.05024756368374583,0.10326724631845006
Bulk 83,0.26369132877540136,0.1489200513657604,0.028382004740447775,0.29917967789699434,0.2598269372213961
Bulk 84,0.17262630552409672,0.22316423008175418,0.0,0.34005171732983785,0.26415774706431133
Bulk 85,0.0,0.2290298487096739,0.1127315629151046,0.3378552078351961,0.32038338054002546
Bulk 86,0.3451047229016379,0.20880714890831115,0.0,0.21481349764759283,0.231274630542458
Bulk 87,0.45046469993316757,0.11765769165089181,0.0,0.30302119377595976,0.12885641463998082
Bulk 88,0.36371272880051086,0.0,0.07842892250163633,0.5223930015474196,0.03546534715043315
Bulk 89,0.283723091676826,0.15563399850974882,0.0,0.30316409480729894,0.25747881500612624
Bulk 90,0.2451793498719197,0.06146624513441768,0.07247378960689459,0.45549786090029953,0.1653827544864685
Bulk 91,0.29358231890245834,0.10773601319075796,0.0,0.3213035659402308,0.27737810196655294
Bulk 92,0.4485186972491793,0.08180432877920858,0.14828076400655293,0.17198515043414925,0.14941105953091008
Bulk 93,0.1413993113567637,0.21669037697856067,0.17586956841671222,0.22730876663250543,0.23873197661545797
Bulk 94,0.24493705049914252,0.1479295073238833,0.0,0.3415851999438843,0.26554824223308987
Bulk 95,0.3186771120705182,0.11370188618854095,0.1392752599108274,0.29888540857217816,0.1294603332579354
Bulk 96,0.7982241952789836,0.04803321334582202,0.0,0.1537425913751943,0.0
Bulk 97,0.6444803176915248,0.035791156821983666,0.0,0.12322393487759213,0.19650459060889944
Bulk 98,0.2948043327342965,0.06309677416793885,0.27566589110186435,0.2775286322364557,0.0889043697594446
Bulk 99,0.22574912875853134,0.13944267098934213,0.09912506853514584,0.29351153159119875,0.242171600125782
Bulk 100,0.22616190748662254,0.16093892107423263,0.0,0.40015761916112536,0.21274155227801952
Bulk 101,0.4083702660026595,0.14033815566847635,0.0,0.20497991933929727,0.24631165898956686
Bulk 102,0.13482731086452826,0.20317743988015255,0.028282321591660886,0.3352840474038802,0.29842888025977826
Bulk 103,0.05369334991307925,0.16618696727993118,0.0605240731464941,0.39673753438282916,0.3228580752776663
Bulk 104,0.0888180695895109,0.3009566131213536,0.09678475739964404,0.23045619222147343,0.28298436766801804
Bulk 105,0.4451854249833681,0.07426064762916632,0.0,0.28722258668748296,0.19333134069998265
Bulk 106,0.2238099916059367,0.18570443306419723,0.0,0.38416110217348676,0.2063244731563794
Bulk 107,0.22233164145958725,0.11836131492343269,0.08071636975383627,0.31690965203667826,0.2616810218264655
Bulk 108,0.027255874937101028,0.21716984561361077,0.14034377949312635,0.349620313491272,0.26561018646488993
Bulk 109,0.25093035498993904,0.04670928853748815,0.150147001001955,0.41421474213953896,0.1379986133310789
Bulk 110,0.6952735214083833,0.021272686778913454,0.18208691226234971,0.10136687955035358,0.0
Bulk 111,0.7553344169236209,0.05224802698072127,0.0,0.0,0.1924175560956579
Bulk 112,0.3730832454593619,0.058633998368549246,0.14082349081117032,0.26858670209221924,0.1588725632686995
Bulk 113,0.23757611014883212,0.24005020046674902,0.06413838807861895,0.22482408177259408,0.23341121953320593
Bulk 114,0.3258441338802017,0.09941221067736408,0.2539459510515961,0.23627348996329156,0.0845242144275465
Bulk 115,0.2474664738517693,0.12149569120540939,0.18561679674782955,0.21318359478141463,0.23223744341357708
Bulk 116,0.18360728746571076,0.1819744517254408,0.07987604473889573,0.3194263987716829,0.23511581729826977
Bulk 117,0.16237457033877842,0.13352306344156498,0.07932595486508046,0.34540407591139966,0.2793723354431765
Bulk 118,0.35800105091366385,0.004598321182075356,0.12080502643239505,0.3487877296733664,0.16780787179849924
Bulk 119,0.280556567335123,0.20936930181713762,0.0573721206923961,0.2945975221595667,0.15810448799577653
Bulk 120,0.3132243100970198,0.08527237134158795,0.19359619216644458,0.32013880476212725,0.08776832163282036
Bulk 121,0.06835471601968406,0.14071238187772298,0.12929700559808474,0.40453506881684054,0.2571008276876678
Bulk 122,0.469807982421492,0.14774629397661215,0.0,0.24225310750705933,0.14019261609483646
Bulk 123,0.2054970750339893,0.08366384291875331,0.335511366477487,0.3004914059743618,0.07483630959540848
Bulk 124,0.42562585198494407,0.068772049221318,0.07836026322951736,0.21320777751250802,0.21403405805171247
Bulk 125,0.22831436833398158,0.17884187886935762,0.2876281739665975,0.1988087072410102,0.10640687158905307
Bulk 126,0.14270299990720584,0.07894371512024542,0.04360645115874089,0.5596919646341485,0.17505486917965946
Bulk 127,0.1860327965692547,0.21657747576899772,0.023595079788149603,0.27125460219450637,0.30254004567909154
Bulk 128,0.23520431745239956,0.14837061292106876,0.06724978206336477,0.1979722665494233,0.3512030210137436
Bulk 129,0.47162850944953905,0.0,0.16306154539366519,0.1567639530286792,0.20854599212811645
Bulk 130,0.3012512979031299,0.129566181527755,0.10301507303906032,0.24280764397007404,0.22335980355998067
Bulk 131,0.5983860321699593,0.0,0.0,0.3319278404546783,0.06968612737536231
Bulk 132,0.5663397527128342,0.11630357566032835,0.10361881875177831,0.08017362351997669,0.13356422935508241
Bulk 133,0.6211278335427393,0.09327395648128727,0.06715004910621002,0.023712352650502488,0.194735808219261
Bulk 134,0.2646961118222519,0.0517969459721907,0.23029987716378392,0.3677003336217778,0.0855067314199958
Bulk 135,0.2509909529905042,0.08491831215126631,0.10217302429825631,0.38942140492412874,0.17249630563584448
Bulk 136,0.14047887216085103,0.21000472348828886,0.147999490992718,0.25048317762194,0.2510337357362022
Bulk 137,0.6318067512790937,0.0,0.0,0.3281029030197603,0.040090345701145974
Bulk 138,0.23038987150111753,0.1745482189616339,0.10432498354427834,0.27559937501382153,0.21513755097914872
Bulk 139,0.5998945803126549,0.05395242187938439,0.0,0.2342583544673439,0.1118946433406169
Bulk 140,0.4954745957816303,0.062399130543270495,0.0024554953614252524,0.19762322965648615,0.24204754865718783
Bulk 141,0.3724918513172292,0.039339599225228825,0.0726235445092971,0.4005902000822253,0.11495480486601953
Bulk 142,0.3420843009108129,0.020500199978464462,0.45445665158138404,0.11780042917486261,0.06515841835447603
Bulk 143,0.5412504439357413,0.1582561131400411,0.0681146858362456,0.1008349438123529,0.1315438132756193
Bulk 144,0.3419180931646729,0.06686135940869965,0.0,0.35260897330403584,0.23861157412259154
Bulk 145,0.5249991314058392,0.12668716813438083,0.0022119929964328163,0.12335502777275117,0.22274667969059583
Bulk 146,0.19353644065013753,0.127476522136808,0.1524392694245173,0.22213183319958008,0.304415934588957
Bulk 147,0.19235513032428453,0.19625472944277642,0.11380312102156614,0.32770077319259044,0.1698862460187824
Bulk 148,0.342528213018804,0.1621891338558768,0.0,0.21494680052129633,0.28033585260402294
Bulk 149,0.10144575417858523,0.24549771252702202,0.12578850153804355,0.2945014486176777,0.23276658313867146
Bulk 150,0.15712333228834985,0.14199725911689492,0.02314782743934137,0.42206396972172505,0.2556676114336889
Bulk 151,0.16119634907169844,0.1674716919473702,0.3136463633712432,0.21307783965779378,0.14460775595189437
Bulk 152,0.4834775994218342,0.20606742110923162,0.0,0.03852937523226978,0.27192560423666445
Bulk 153,0.3440865608596922,0.12252993233865325,0.0,0.23108270213015197,0.30230080467150267
Bulk 154,0.6244120795864426,0.0,0.07865970200924088,0.2969282184043165,0.0
Bulk 155,0.2619584245454763,0.13014788244756034,0.01609261306021967,0.28210353494988955,0.3096975449968542
Bulk 156,0.2618149182184078,0.20177457082927552,0.04988291053739051,0.3187808560206686,0.16774674439425757
Bulk 157,0.36824862815501225,0.022291588770348918,0.12414134087650129,0.3322358515627411,0.15308259063539637
Bulk 158,0.24576939017640007,0.12388281412214922,0.021685399338806328,0.3136126141755131,0.29504978218713124
Bulk 159,0.11258538628285648,0.1740139995843507,0.1953880531021979,0.29967209761708974,0.21834046341350521
Bulk 160,0.6663882217611616,0.12099223418927324,0.0,0.08846217774749016,0.12415736630207501
Bulk 161,0.3925984731768745,0.06589664083095387,0.17353659306481264,0.13979825383712915,0.2281700390902299
Bulk 162,0.35183393124829926,0.152402445726005,0.0,0.307114979022007,0.18864864400368864
Bulk 163,0.24888105969736082,0.07476543316832875,0.21807035998886817,0.20858557770114688,0.24969756944429536
Bulk 164,0.6079456633518793,0.12701565171607618,0.0,0.018935491750926268,0.2461031931811183
Bulk 165,0.0,0.20378363547944414,0.20150619799685676,0.3396805167396657,0.25502964978403336
Bulk 166,0.7665756391107282,0.04601448852276071,0.0,0.0034950458948457583,0.1839148264716653
Bulk 167,0.8262909508367692,0.0,0.0,0.13673320615713433,0.036975843006096576
Bulk 168,0.013972619316065842,0.14875582140824173,0.24505778024881472,0.4768569646884597,0.11535681433841806
Bulk 169,0.6370625073124102,0.07778146449331501,0.0,0.01293048179680136,0.2722255463974734
Bulk 170,0.12559129905512978,0.2668442574936186,0.09253819522860762,0.12270473460296161,0.39232151361968254
Bulk 171,0.4146953160040796,0.03123943394594375,0.04643832667722017,0.36638587275022627,0.14124105062253015
Bulk 172,0.021516769941488878,0.23869110664108298,0.03882628153039523,0.34216623010827685,0.35879961177875597
Bulk 173,0.6904951807956882,0.04752630647066553,0.0,0.23797451797963867,0.0240039947540076
Bulk 174,0.47820886478988933,0.07404098951916448,0.28939676534944353,0.08212529853907266,0.07622808180242997
Bulk 175,0.33322533539316285,0.07026966352196005,0.07289012729553292,0.2547981915509382,0.26881668223840605
Bulk 176,0.24595793946691305,0.16813659370360381,0.0786573457528741,0.2362054910823104,0.27104262999429857
Bulk 177,0.12348983395144922,0.13007295894202325,0.16704383583247598,0.4238525729917056,0.15554079828234615
Bulk 178,0.25935148180703815,0.16887872242275667,0.03622159719248545,0.21333500782490764,0.32221319075281213
Bulk 179,0.2605329826412461,0.15433521860082497,0.0,0.2807542421274236,0.30437755663050536
Bulk 180,0.07823085428535186,0.2160614870554437,0.019889768400270964,0.3428496800188374,0.34296821024009605
Bulk 181,0.26661862142794124,0.13556786196349063,0.0,0.3581028579717022,0.23971065863686594
Bulk 182,0.3842714897677458,0.1296194950886478,0.0,0.13923247104733322,0.3468765440962733
Bulk 183,0.548645478827856,0.023128004843526905,0.0,0.1974227669364763,0.23080374939214102
Bulk 184,0.24679421715757804,0.1082613829307015,0.032064263260957376,0.2781990534727985,0.3346810831779645
Bulk 185,0.25870870594080764,0.16982474624596913,0.1580073695594848,0.20049776561150437,0.21296141264223395
Bulk 186,0.38357222218386333,0.12434693659111914,0.10450709134018017,0.24988661040475924,0.13768713948007816
Bulk 187,0.33008164721186756,0.16449354238602984,0.06147777530260867,0.15811639738818684,0.28583063771130696
Bulk 188,0.31312285757949104,0.06502639210310945,0.07893411191641111,0.33520854396948313,0.20770809443150529
Bulk 189,0.6361882342680254,0.0160626569592576,0.0,0.14483778070539366,0.20291132806732334
Bulk 190,0.45479680138418377,0.08876107606654458,0.0,0.24597735047027805,0.2104647720789937
Bulk 191,0.7088741722196612,0.0,0.0,0.18021879563954157,0.11090703214079718
Bulk 192,0.2997254512751755,0.15970505540146138,0.23062662522120064,0.12219312317601234,0.18774974492615013
Bulk 193,0.9265167941925582,0.0019994444795035722,0.0,0.0,0.07148376132793832
Bulk 194,0.4189392109849247,0.07861094857747608,0.2362400278200159,0.1177544516753856,0.14845536094219763
Bulk 195,0.21781841071151098,0.1718259268586739,0.020876946420771862,0.19697954490678424,0.392499171102259
Bulk 196,0.3255915608340878,0.1708250994066561,0.014069412660800237,0.26196675376708534,0.22754717333137053
Bulk 197,0.2810214012911646,0.2052945552374086,0.0,0.15583844065114627,0.3578456028202805
Bulk 198,0.45354830762716286,0.1037900406818501,0.1790285083705178,0.15669283484359442,0.10694030847687462
Bulk 199,0.38520570302911217,0.14512082848134064,0.0,0.24921586668542778,0.2204576018041194
Bulk 200,0.09632047204339363,0.12532147895718973,0.15246477121094795,0.36986185746641315,0.2560314203220555
Bulk 201,0.2789296532824916,0.1159682530556428,0.08211396590881495,0.3181310251587521,0.2048571025942986
Bulk 202,0.4626352475290382,0.06824481410054789,0.0,0.3261956723881872,0.14292426598222682
Bulk 203,0.38208419220855183,0.17574578473953,0.09357542935075977,0.06677203365724756,0.2818225600439109
Bulk 204,0.19733283938355806,0.2772628291304035,0.0837856603760438,0.17141451430229812,0.2702041568076965
Bulk 205,0.5303534318027475,0.1627574588132743,0.0,0.06297944661506932,0.2439096627689089
Bulk 206,0.7709785762468014,0.053316851749096096,0.015071148037921533,0.11095472216409794,0.04967870180208304
Bulk 207,0.0742062329946326,0.18955690782854512,0.1995731685551298,0.3236664455841502,0.21299724503754228
Bulk 208,0.029305346373070782,0.26631351105111606,0.07539079324984836,0.364842744559786,0.2641476047661788
Bulk 209,0.5498368319965048,0.08528589367446167,0.01232379971552972,0.12959103190722254,0.22296244270628113
Bulk 210,0.3014223530221151,0.1258705213168912,0.2585921960112294,0.24302243181709293,0.07109249783267148
Bulk 211,0.0,0.24808525361323341,0.10404115896533862,0.3163833432801704,0.3314902441412575
Bulk 212,0.5001542888343277,0.11449246290047738,0.05852226758956716,0.0,0.32683098067562777
Bulk 213,0.3067201199586321,0.137469868559399,0.18708819997785445,0.17767300492426322,0.19104880657985124
Bulk 214,0.6655391267912399,0.050399185471598086,0.09610413421687036,0.046839256107226036,0.14111829741306556
Bulk 215,0.380220169218997,0.1456141094987336,0.0,0.1752400373867081,0.2989256838955613
Bulk 216,0.1682648443130794,0.11853427435447664,0.2588776457062074,0.27662547959361805,0.17769775603261853
Bulk 217,0.4274427290505342,0.023268143743001343,0.10199037599684713,0.21920140935224774,0.22809734185736952
Bulk 218,0.18694224086016353,0.16313649799525787,0.12712870865098116,0.35379650665064977,0.16899604584294772
Bulk 219,0.4155057559790892,0.17097709764282945,0.0,0.1866400485680628,0.22687709781001858
Bulk 220,0.2852275967160078,0.22499758774871295,0.0730904174698517,0.11881934362841867,0.29786505443700884
Bulk 221,0.21415193885959258,0.26269549963247396,0.0034129348387688086,0.21127349815450278,0.3084661285146619
Bulk 222,0.10618768950254605,0.20378495551872772,0.1840813131416888,0.26065771338968113,0.24528832844735626
Bulk 223,0.09953845338815002,0.21989519655187106,0.10633666512443465,0.3328196735988378,0.24141001133670645
Bulk 224,0.6396062865902817,0.0,0.0,0.16448646961426966,0.19590724379544855
Bulk 225,0.46076164602110464,0.07362117956390736,0.2940033127362876,0.13237663693445703,0.03923722474424336
Bulk 226,0.35802178753121644,0.1783087569469092,0.12584468971664686,0.2786018742272273,0.05922289157800015
Bulk 227,0.32778187453688357,0.19139063309385254,0.0,0.32461712775257406,0.15621036461668983
Bulk 228,0.24050572094468287,0.172203570652374,0.1088217652864246,0.22592034430195407,0.2525485988145645
Bulk 229,0.32116208921187767,0.24278693798192977,0.025242529109166897,0.17501998661048707,0.23578845708653853
Bulk 230,0.0,0.15933720050757158,0.1569066579368552,0.4061310044379787,0.2776251371175944
Bulk 231,0.7300356319831905,0.0061149922588304715,0.0,0.0,0.2638493757579789
Bulk 232,0.16379824490580283,0.13674309311613503,0.047623423644058784,0.46466707050691297,0.18716816782709036
Bulk 233,0.18923704424030072,0.14107248417421198,0.13769992276700338,0.2691032711828274,0.2628872776356566
Bulk 234,0.2491500693717302,0.16763075346095987,0.09858170153493538,0.26284733261954346,0.2217901430128311
Bulk 235,0.6292158030617515,0.07019829160430903,0.0,0.0,0.30058590533393953
Bulk 236,0.0015982997706824335,0.3007822696225141,0.11092868965741123,0.2927624326349519,0.2939283083144402
Bulk 237,0.3718874174672299,0.18205246182529222,0.0,0.06904428932520738,0.3770158313822704
Bulk 238,0.3119882917262185,0.12135553102003528,0.008176341486102107,0.24174289016694728,0.3167369456006968
Bulk 239,0.03220004291975621,0.2335232030699001,0.05608670292997009,0.40971795619020807,0.26847209489016544
Bulk 240,0.2518117479906612,0.12432933284050748,0.0,0.3626151906160262,0.2612437285528052
Bulk 241,0.8734863177934615,0.0,0.09642137008640578,0.03009231212013279,0.0
Bulk 242,0.5106723821704505,0.09569871696009694,0.19580562067212975,0.0,0.19782328019732281
Bulk 243,0.31968723759211315,0.08116117642147776,0.1369015132857863,0.1299797962777338,0.3322702764228889
Bulk 244,0.6626149096151474,0.08103053288515032,0.0,0.11984397973713487,0.1365105777625673
Bulk 245,0.610022105926004,0.12575285655913693,0.005545663509444183,0.12296861680428832,0.13571075720112663
Bulk 246,0.28288569259296886,0.22180090984460704,0.0,0.10808206722381701,0.38723133033860696
Bulk 247,0.3118526772350681,0.26092636555637827,0.08635643594190419,0.08066227351574123,0.26020224775090817
Bulk 248,0.3979143344441193,0.2050087517910795,0.05771342618608859,0.20118771689670994,0.13817577068200285
Bulk 249,0.42316708467652014,0.21928405148303615,0.11479519292790709,0.052732728642498373,0.19002094227003816
Bulk 250,0.4328747572864043,0.15471992443507016,0.16339025353629658,0.04037451284387947,0.20864055189834957
Bulk 251,0.22324845825528153,0.23817559857678966,0.06530362972856704,0.15011441651981466,0.32315789691954705
Bulk 252,0.3453161989356983,0.1346059659406465,0.09400666357819021,0.2777804898338665,0.14829068171159857
Bulk 253,0.33310896788650607,0.20861862838700748,0.0,0.21685756359505912,0.24141484013142722
Bulk 254,0.28042708885944473,0.14239129205130108,0.1675911902553504,0.14876693031132382,0.2608234985225799
Bulk 255,0.12421765317701436,0.24017829369005203,0.06527618397567451,0.2533720813499038,0.3169557878073554
Bulk 256,0.23558910243079936,0.15218946536451683,0.18290449102891468,0.16192533124598524,0.26739160992978384
Bulk 257,0.04665801429705091,0.32388318281870565,0.1370276238969471,0.1852718813471015,0.30715929764019484
Bulk 258,0.5634384107472661,0.0,0.12778862741365615,0.22624680957741078,0.08252615226166703
Bulk 259,0.5703271176638756,0.12808992141797798,0.0,0.07378108817101317,0.22780187274713332
Bulk 260,0.11289587951766794,0.16471901744727693,0.03771170352194266,0.46914195111896806,0.21553144839414443
Bulk 261,0.2750777415012673,0.0,0.16763156747043823,0.2647018403677558,0.29258885066053875
Bulk 262,0.19620658751442954,0.32044235636488977,0.0,0.16156679111927777,0.321784265001403
Bulk 263,0.3105227419144796,0.20259896598820307,0.01568778938687692,0.2237282809124997,0.24746222179794064
Bulk 264,0.2999799279281212,0.2157810912915372,0.03787840233295792,0.20636015873390107,0.24000041971348252
Bulk 265,0.15092448358693408,0.1922775382040664,0.02708808151328064,0.39853986914703493,0.23117002754868404
Bulk 266,0.471032379875474,0.11581709750055158,0.0033545877780828243,0.24188368401045546,0.1679122508354361
Bulk 267,0.20616513658304997,0.16287935016463898,0.0017843025707981767,0.3974997578302505,0.23167145285126248
Bulk 268,0.3219292699828436,0.14474614100265015,0.1992312314567917,0.15719461748586053,0.17689874007185397
Bulk 269,0.2676190986308733,0.1899103795534108,0.23682010926773647,0.09596816961773337,0.20968224293024598
Bulk 270,0.4976589557027471,0.10546525972063311,0.13612884838417907,0.025341029918203778,0.23540590627423688
Bulk 271,0.005378238050868706,0.25238091816543995,0.14285703765823682,0.3578049986006588,0.24157880752479563
Bulk 272,0.24111097482433694,0.24975033244740272,0.1244040098352082,0.07392785129016662,0.3108068316028856
Bulk 273,0.35457486327572063,0.17709748254770655,0.0,0.28558573553819183,0.18274191863838096
Bulk 274,0.10084263977162382,0.2161380667397051,0.2465821060921484,0.24774531412775855,0.18869187326876405
Bulk 275,0.16010605208559317,0.0559006163140822,0.14464122959018355,0.5169246246714115,0.12242747733872951
Bulk 276,0.1766602678851029,0.2169970610063714,0.06817058443947874,0.27844867771292237,0.25972340895612467
Bulk 277,0.7410091605082599,0.025722252682715874,0.10942308662123043,0.0,0.12384550018779379
Bulk 278,0.36691056511521053,0.08660719089939027,0.05961794009340406,0.3046617877610692,0.1822025161309258
Bulk 279,0.24767942153444564,0.21326506879026913,0.10488494406686327,0.21752130688220236,0.2166492587262195
Bulk 280,0.37816823276565814,0.15343143397159306,0.22369942329374717,0.10923427676906018,0.13546663319994146
Bulk 281,0.310686794154943,0.08974506269086349,0.4256872681029919,0.0,0.1738808750512015
Bulk 282,0.3481420739814807,0.1561830779352562,0.0,0.19671061048413122,0.2989642375991318
Bulk 283,0.49632751275561066,0.13092248742298718,0.11018434733432196,0.1344732143030652,0.12809243818401506
Bulk 284,0.7291004958590647,0.11189580399808458,0.0,0.15900370014285065,0.0
Bulk 285,0.111443329902919,0.198995633819709,0.11300412969726735,0.3256947718908757,0.25086213468922897
Bulk 286,0.24450370594520304,0.034681294619545555,0.11595200648857389,0.5373090149497333,0.06755397799694424
Bulk 287,0.247713154488889,0.14954938506872945,0.12428927063984388,0.21368385854808739,0.2647643312544503
Bulk 288,0.34964102108528117,0.1907522221424443,0.0,0.2892783628900633,0.17032839388221127
Bulk 289,0.8475080573642287,0.023768095426446173,0.0,0.03488677567933741,0.09383707152998756
Bulk 290,0.273869779944522,0.25679983751950786,0.0,0.12687820677824602,0.34245217575772413
Bulk 291,0.5016706910588749,0.142074416470769,0.15799826054398491,0.0,0.1982566319263712
Bulk 292,0.215793526663382,0.22251698664490133,0.129921321921787,0.1729500313320786,0.25881813343785115
Bulk 293,0.2221223960193985,0.21778299740799298,0.0,0.30123825487688044,0.2588563516957281
Bulk 294,0.19507832120344915,0.23838861807695386,0.0933825533522141,0.14572067007656608,0.3274298372908168
Bulk 295,0.7523617054179325,0.0,0.0,0.2296158843520553,0.018022410230012262
Bulk 296,0.4962767898715119,0.13435777165899346,0.060778096740494524,0.18054688999842364,0.12804045173057657
Bulk 297,0.648700673304934,0.0,0.1940787030715819,0.0,0.1572206236234841
Bulk 298,0.06701278039201104,0.1862313613327605,0.02070965286350338,0.4180341870260755,0.3080120183856496
Bulk 299,0.6201633938265816,0.11930360642618851,0.0,0.0,0.26053299974722993
Bulk 300,0.18682263582362454,0.13862607995490273,0.07719793710584931,0.40789227339418593,0.18946107372143753
Bulk 301,0.23392409794854,0.2150465729241747,0.1329343574731495,0.3432700523074383,0.07482491934669755
Bulk 302,0.18578563763830008,0.13424524125257042,0.0,0.4706344268735498,0.20933469423557974
Bulk 303,0.18514589594695946,0.1688664742185173,0.16889245782953213,0.27214542729661145,0.20494974470837968
Bulk 304,0.0352204963184164,0.3052923727093956,0.09106716703496835,0.23980463478584232,0.32861532915137737
Bulk 305,0.3387676403840272,0.19339431009326383,0.03949545289863787,0.20353680000779534,0.22480579661627575
Bulk 306,0.43547886141335884,0.17938390772267987,0.0,0.12943111800016732,0.255706112863794
Bulk 307,0.4486749614803002,0.15881102738173175,0.07700365736153887,0.07748763797116401,0.23802271580526502
Bulk 308,0.6799817265430355,0.08105341808441444,0.0,0.0,0.23896485537255013
Bulk 309,0.8436786411989563,0.07582240264342188,0.0,0.0,0.08049895615762177
Bulk 310,0.1510763456831183,0.24815259845386736,0.17056638574038746,0.13444945422542964,0.2957552158971971
Bulk 311,0.5342368103544357,0.22961584524067685,0.0,0.009806162331392834,0.22634118207349463
Bulk 312,0.4435611038040796,0.22317814175566555,0.0,0.001272702347863065,0.33198805209239174
Bulk 313,0.2389651273720898,0.15039508847912125,0.0,0.319961254431954,0.2906785297168349
Bulk 314,0.2652532291788352,0.22547097442223152,0.18327172670024505,0.11765907083444019,0.2083449988642481
Bulk 315,0.5274016617579731,0.11344339125910638,0.0,0.18111098394759498,0.1780439630353256
Bulk 316,0.1935905982203646,0.22037323871337788,0.0,0.24198242626874902,0.3440537367975085
Bulk 317,0.10737171014118581,0.23131197994991984,0.1641920159166706,0.25215732399744994,0.24496696999477385
Bulk 318,0.4242543652962423,0.24452035046342918,0.042907719395807044,0.0,0.2883175648445215
Bulk 319,0.4161944877403938,0.19127852718659874,0.08446810339905607,0.14249270571431577,0.16556617595963566
Bulk 320,0.4563403607501904,0.1187120770106097,0.027364708192354713,0.06163968826191001,0.3359431657849351
Bulk 321,0.6048222319650726,0.06076844552821137,0.008389822930370104,0.1385286214824546,0.18749087809389142
Bulk 322,0.6973066366178193,0.0,0.0,0.2698231978886966,0.032870165493484135
Bulk 323,0.3728134795172958,0.21969880012732337,0.050843474237549154,0.0,0.35664424611783174
Bulk 324,0.31970366158388663,0.16761958412806144,0.056444350155093276,0.18511270008416905,0.2711197040487896
Bulk 325,0.3468918602927775,0.14006326871543226,0.27772164857012255,0.02402335758784429,0.21129986483382332
Bulk 326,0.0,0.28941370975077063,0.24650210556480645,0.14416564489702735,0.3199185397873956
Bulk 327,0.5273091322745512,0.10460483343671728,0.024919496468490468,0.08579288800530648,0.25737364981493455
Bulk 328,0.4825185849360917,0.1969631754710369,0.0,0.04177816224147135,0.2787400773514
Bulk 329,0.40914247534636894,0.1376268246851087,0.2035554721997988,0.09972935997748753,0.1499458677912361
Bulk 330,0.5541623565320658,0.11164856686958695,0.0,0.10244455264019799,0.23174452395814926
Bulk 331,0.5115764704949869,0.1514604560104889,0.0,0.11659724351896343,0.22036582997556076
Bulk 332,0.1911037599332084,0.29065723809064187,0.06139810018480879,0.128541049914208,0.32829985187713295
Bulk 333,0.4448901396877252,0.2324856630068086,0.00353091768753886,0.08362658881374171,0.2354666908041856
Bulk 334,0.12459140396259262,0.13321169651663511,0.0,0.4060136133650921,0.3361832861556801
Bulk 335,0.21424806190322174,0.21233516006970646,0.19236659511273368,0.19824188658276434,0.18280829633157372
Bulk 336,0.19328551629173935,0.19517908142015095,0.03717173963898579,0.25092541149827147,0.3234382511508525
Bulk 337,0.32556570424069087,0.1673661804038897,0.0,0.3146093964881421,0.19245871886727736
Bulk 338,0.18541934828485207,0.1619477188861613,0.1478115453976378,0.2963769254330898,0.20844446199825906
Bulk 339,0.8208435854350613,0.02571677754805246,0.0,0.1187910899521696,0.03464854706471658
Bulk 340,0.07870284969178104,0.23290225226130107,0.16005927858941668,0.2760963239865374,0.2522392954709638
Bulk 341,0.44396703788736536,0.19069178358593192,0.14451331523676483,0.014534574653021116,0.20629328863691673
Bulk 342,0.03055388227538369,0.12015950152201066,0.07318239661060727,0.5238956271220114,0.25220859246998706
Bulk 343,0.2995475387184491,0.1290741826822996,0.016307401721793503,0.2534559168606521,0.3016149600168058
Bulk 344,0.5861468971939521,0.07677865244834517,0.0,0.006624203034991684,0.3304502473227111
Bulk 345,0.8026926231921658,0.054155464382618236,0.0,0.08461872274892246,0.058533189676293396
Bulk 346,0.2758050654551858,0.17267598530355913,0.0,0.29962188236770465,0.25189706687355057
Bulk 347,0.38953175614309493,0.1859030416538481,0.0,0.19777958157815365,0.22678562062490326
Bulk 348,0.5163741906281033,0.06360020186407857,0.0,0.03646383504667021,0.3835617724611479
Bulk 349,0.45350041850123535,0.19904277085055663,0.009674570393927152,0.07802041997641097,0.25976182027786987
Bulk 350,0.16765791228971624,0.27487043723990223,0.0,0.2371772582068136,0.320294392263568
Bulk 351,0.531210279618197,0.0,0.30553937633295225,0.16325034404885072,0.0
Bulk 352,0.0,0.2122735661312199,0.08731503011037554,0.390940537613769,0.3094708661446356
Bulk 353,0.15748311868352208,0.22768038206210503,0.20751086979646735,0.2242154106204046,0.18311021883750095
Bulk 354,0.8564476430398742,0.036097301398140894,0.0,0.0,0.10745505556198488
Bulk 355,0.30734031263818756,0.17345971994765594,0.05973264217355502,0.22185170186237632,0.23761562337822506
Bulk 356,0.45223994616996527,0.1069432399916666,0.0,0.2965643835531317,0.1442524302852364
Bulk 357,0.11516944169207974,0.22914218148041815,0.09025707608152295,0.24349894621367288,0.3219323545323063
Bulk 358,0.3479711578270783,0.16908026077503052,0.23107868450839744,0.13005755858710866,0.12181233830238503
Bulk 359,0.21308029249759206,0.19857909808788182,0.001524558139271515,0.25935419164819773,0.3274618596270568
Bulk 360,0.47988425139353963,0.16011174872003772,0.005583215934600286,0.11727436993668683,0.2371464140151357
Bulk 361,0.5629020193077141,0.21523373921500644,0.0,0.0329716111055615,0.18889263037171788
Bulk 362,0.33764360668555676,0.16364993670187822,0.0006144696365659294,0.3350906357110925,0.16300135126490647
Bulk 363,0.08687715399598778,0.14902267822708826,0.16589741357963914,0.263697343718801,0.3345054104784839
Bulk 364,0.07871257884278475,0.24794409229224385,0.1362782329439235,0.24715996686260439,0.28990512905844357
Bulk 365,0.5112082167359794,0.0,0.0,0.4328455350059642,0.055946248258056414
Bulk 366,0.15244241492260108,0.1284929657706501,0.08826252776119925,0.402811548842833,0.22799054270271668
Bulk 367,0.5594474739904719,0.08093016953702603,0.0,0.16880791599323672,0.19081444047926538
Bulk 368,0.19498083941771915,0.17159198573922316,0.0,0.19989332150706426,0.4335338533359935
Bulk 369,0.36028721199258507,0.20554411410297338,0.014929603141577276,0.19111922196414177,0.2281198487987226
Bulk 370,0.529783408390621,0.11903887914290961,0.04913598011621615,0.07270096083932971,0.22934077151092344
Bulk 371,0.32450169377856874,0.22053843436655104,0.015200668151966275,0.16242923671885826,0.27732996698405565
Bulk 372,0.2040825379957676,0.19381332886723102,0.0,0.2693235076906951,0.3327806254463064
Bulk 373,0.2873892550976701,0.132516757923282,0.16755871265357306,0.39374159662762376,0.01879367769785122
Bulk 374,0.31763811104631723,0.1583688533919184,0.11953623115061635,0.3123780323511595,0.09207877205998843
Bulk 375,0.290444582101283,0.19659795549435585,0.08202170393367289,0.20950093334054742,0.22143482513014084
Bulk 376,0.642781871959715,0.042243468518196776,0.0,0.08549829669804457,0.22947636282404366
Bulk 377,0.07855496868975038,0.28554604141264706,0.0016265102781175163,0.25045799169603494,0.3838144879234501
Bulk 378,0.32506359479837765,0.22002636969250736,0.0,0.0,0.4549100355091149
Bulk 379,0.23354074919817996,0.20194596632408449,0.054603141138152615,0.22582942371278564,0.28408071962679715
Bulk 380,0.49831841350232065,0.12152467689810284,0.0,0.20392600664041774,0.1762309029591586
Bulk 381,0.4200734615748191,0.14474463094785933,0.05402743965934839,0.16856374116589695,0.21259072665207623
Bulk 382,0.49825255738493124,0.16485085813600925,0.0,0.05178301574973393,0.28511356872932553
Bulk 383,0.360336810646234,0.07001595126073024,0.14891976213198382,0.28926914560226563,0.13145833035878624
Bulk 384,0.2505914474586275,0.16923560308068716,0.056106904212983935,0.26350255600485606,0.26056348924284534
Bulk 385,0.13844409022694681,0.1878164239606693,0.02833804147562986,0.4050577219339326,0.2403437224028214
Bulk 386,0.31787681912253024,0.21260339639998585,0.11625494591910113,0.08752640455613289,0.2657384340022498
Bulk 387,0.24545648775684242,0.21406186683735726,0.12133056977369977,0.2713675105919379,0.14778356504016255
Bulk 388,0.14792456594461445,0.3543789737506229,0.11345967956555036,0.07673488766574357,0.30750189307346876
Bulk 389,0.26175138202239745,0.23353105096627022,0.0,0.13209656065878478,0.37262100635254747
Bulk 390,0.3132479216917913,0.11746829084726625,0.13027823017169987,0.22415512570957655,0.2148504315796659
Bulk 391,0.2172826371689788,0.1664320238482905,0.0,0.42517858632377786,0.19110675265895286
Bulk 392,0.1111274901245066,0.2410862951128601,0.07723033469750373,0.3019272844851343,0.2686285955799954
Bulk 393,0.17088208325743326,0.21537375959483498,0.006770035549415816,0.2808643783601603,0.3261097432381556
Bulk 394,0.3715937303595344,0.16303516840936258,0.0,0.24725025940034331,0.21812084183075967
Bulk 395,0.49800094242940074,0.12977993206438931,0.08964678128134601,0.0,0.28257234422486405
Bulk 396,0.41446384539568926,0.16619599697320173,0.08239960259295782,0.1621749788997397,0.17476557613841162
Bulk 397,0.5603818457204284,0.11877960550999439,0.030812544185759353,0.0,0.29002600458381783
Bulk 398,0.7071880896534447,0.026132429836967237,0.16175379374341559,0.04285085396352324,0.06207483280264929
Bulk 399,0.6472042907481652,0.08767430359199609,0.0,0.0,0.2651214056598387
Bulk 400,0.33717031002478626,0.1758526252934648,0.14084608831076836,0.11299062384172351,0.2331403525292571
