,Ast,End,Mic,Neu,Oli
Bulk 0,0.18152749661222012,0.1184967098118014,0.3186145700923233,0.3219136041424465,0.059447619341208645
Bulk 1,0.6065840808334222,0.03232930799812648,0.0,0.11784655391932333,0.24324005724912792
Bulk 2,0.12811885848129362,0.250642658772907,0.060535262781270346,0.3034006925311173,0.25730252743341187
Bulk 3,0.0,0.28235983638653406,0.1426740702216355,0.2393768745905889,0.33558921880124165
Bulk 4,0.26610423480492357,0.10253163164176035,0.2704958408668832,0.2391099904709363,0.12175830221549663
Bulk 5,0.051520553758957574,0.22329484221123724,0.12209155082499434,0.38933177409161146,0.2137612791131995
Bulk 6,0.5341303588505006,0.1375033337541568,0.0,0.12685763823656065,0.20150866915878202
Bulk 7,0.2769042324746937,0.17334909299140167,0.1189158830461664,0.17876445795021834,0.2520663335375199
Bulk 8,0.37067784483799654,0.12191348408028484,0.039848309128270754,0.3027706086297097,0.16478975332373813
Bulk 9,0.42718485511128673,0.19899572333479512,0.0765863321412703,0.07226096430719127,0.2249721251054566
Bulk 10,0.16575427085202454,0.15683415669676626,0.08751728570457293,0.38527614452134246,0.20461814222529376
Bulk 11,0.16414917714193228,0.2267531557624814,0.0,0.30695298461839415,0.30214468247719223
Bulk 12,0.26095471588066643,0.18703823361182925,0.0,0.2613873403075856,0.29061971019991883
Bulk 13,0.07794388501462111,0.21449159516218905,0.04525483348620296,0.41005441833966805,0.25225526799731884
Bulk 14,0.6968851600343005,0.046885862406509035,0.0,0.017482140063669514,0.23874683749552106
Bulk 15,0.5588046325934087,0.008584192341702676,0.0,0.25826144902393733,0.17434972604095142
Bulk 16,0.4546977835498197,0.0,0.05242976216290568,0.39690032464620634,0.09597212964106827
Bulk 17,0.47981394204937167,0.12563305658064633,0.023036104808719947,0.2178207541297151,0.15369614243154686
Bulk 18,0.638124213812523,0.10365402745664895,0.0,0.021013478495088878,0.23720828023573914
Bulk 19,0.08886883815982208,0.07663216384634446,0.14066907971142878,0.535857219979783,0.15797269830262178
Bulk 20,0.0,0.2004539866895235,0.07482292676829456,0.4375823075657918,0.2871407789763901
Bulk 21,0.14465872196856583,0.17313136460593775,0.060211679212587126,0.4551554841603008,0.1668427500526086
Bulk 22,0.038093447770734166,0.0,0.13215340875964462,0.6412148875909468,0.18853825587867432
Bulk 23,0.01860469269289433,0.08075341582251384,0.10878042899159941,0.5411316895521507,0.25072977294084176
Bulk 24,0.2566771894028538,0.20891869072201105,0.0032623802020957794,0.2934753279917205,0.23766641168131875
Bulk 25,0.09953862129507073,0.2589038079721613,0.0,0.326526903514359,0.31503066721840894
Bulk 26,0.30325618598470777,0.09351142535400815,0.0738241896117395,0.3657237750294805,0.16368442402006414
Bulk 27,0.2954981065795905,0.20567342576512718,0.01796895938291209,0.1477443539142197,0.33311515435815053
Bulk 28,0.4127073537171327,0.05614901628035804,0.043219738628934266,0.28449207460490733,0.2034318167686676
Bulk 29,0.42899063446971414,0.1429859823291867,0.07363930433422888,0.15729502579127455,0.1970890530755957
Bulk 30,0.47164756132971025,0.13563223849432304,0.0,0.2336794680667642,0.1590407321092026
Bulk 31,0.3306947742914085,0.16507237208718248,0.14363990589536593,0.15425969335085418,0.2063332543751889
Bulk 32,0.3961807156234745,0.0,0.09481480509234551,0.40871070076873567,0.10029377851544424
Bulk 33,0.0,0.2415938370858234,0.08388651720224595,0.38993501539643877,0.2845846303154918
Bulk 34,0.15980625500437826,0.16350500688624575,0.07537859992866461,0.3178517603556747,0.28345837782503674
Bulk 35,0.6530470591445261,0.03590515733169811,0.0,0.1734650220275156,0.13758276149626017
Bulk 36,0.7603398062430199,0.022126445106740885,0.04749019032550282,0.1528341992029514,0.01720935912178492
Bulk 37,0.21031608146154965,0.19470670058828704,0.1486745752428688,0.2767250417159399,0.16957760099135447
Bulk 38,0.43438632455958276,0.10860427132761491,0.0,0.2526942757094879,0.20431512840331437
Bulk 39,0.29436122116813684,0.08189012020556101,0.044266920401862316,0.4444867604136925,0.13499497781074735
Bulk 40,0.16551912341736955,0.12715448025242188,0.212658306214057,0.27180597815408175,0.2228621119620698
Bulk 41,0.20973143067409275,0.19008141509610502,0.17785651470156974,0.2770877982510971,0.14524284127713538
Bulk 42,0.19455532155426236,0.1864284240339159,0.10887011359100023,0.27214109864211633,0.2380050421787053
Bulk 43,0.049574593171693,0.16806065117125607,0.20746188336761706,0.2435937306126779,0.33130914167675607
Bulk 44,0.0013192766709153587,0.2592196150096528,0.09187199982106575,0.3203276422050345,0.3272614662933315
Bulk 45,0.5164930208717375,0.12683480679500503,0.06749600992713235,0.19038630807161608,0.09878985433450896
Bulk 46,0.5629811977214202,0.05651962339899956,0.0,0.19641168239247722,0.18408749648710307
Bulk 47,0.08043548438728446,0.24403146123753916,0.10151967721375861,0.23823063428649432,0.3357827428749235
Bulk 48,0.6544341197596059,0.0,0.06302893706040746,0.03675546930321651,0.2457814738767702
Bulk 49,0.24451268781708504,0.0,0.1755804549958768,0.5799068571870382,0.0
Bulk 50,0.2579041804945548,0.1036493074252711,0.18283073484577853,0.2669995001802377,0.1886162770541579
Bulk 51,0.5039757657248864,0.04017911638357559,0.0,0.23093429575960547,0.2249108221319325
Bulk 52,0.07851217110641405,0.212211615523248,0.11099748551030175,0.4241649892759327,0.1741137385841034
Bulk 53,0.1782714702516484,0.18005704400582903,0.08038289716651989,0.31948819862724365,0.24180038994875894
Bulk 54,0.4132829373982153,0.0,0.12378028035273096,0.37332235319733204,0.08961442905172172
Bulk 55,0.2534584491547987,0.13655269468604284,0.0,0.3065270919873487,0.30346176417180976
Bulk 56,0.5670698406450877,0.07737912899388665,0.0,0.15610866679925942,0.19944236356176623
Bulk 57,0.6197044496139051,0.06797908508343764,0.0,0.197790689741569,0.11452577556108823
Bulk 58,0.6557750961981528,0.0,0.16317767329013155,0.012272295130011658,0.16877493538170396
Bulk 59,0.2096105583761382,0.20080395695541609,0.0,0.35562751052753994,0.23395797414090594
Bulk 60,0.15309762678572258,0.19771659921548387,0.0054251899752703345,0.41135805010205406,0.23240253392146912
Bulk 61,0.2870108083198037,0.16386412329107783,0.0,0.31195461646704215,0.2371704519220763
Bulk 62,0.20948278425661362,0.20284304284806687,0.01809168936522561,0.39278215787205345,0.17680032565804032
Bulk 63,0.5110570600175298,0.012713613400225535,0.2739314397565228,0.18151462888480044,0.020783257940921365
Bulk 64,0.4162351235310849,0.07732019861032989,0.07142701705138903,0.30872783405658516,0.12628982675061093
Bulk 65,0.5902572179858954,0.04669081452939183,0.1668818024319308,0.1482024590952988,0.047967705957483245
Bulk 66,0.6503954292854864,0.034166474707068906,0.0,0.17341767049142198,0.14202042551602276
Bulk 67,0.31170442246261687,0.18315849882586152,0.0,0.22592978129896443,0.27920729741255707
Bulk 68,0.36425648404007527,0.09635163046260582,0.011071050324107419,0.2587530427101494,0.26956779246306206
Bulk 69,0.4236598709793971,0.09592935177992448,0.0422183988618962,0.3720173671895958,0.06617501118918638
Bulk 70,0.04725184032541516,0.17015101808871327,0.14107123935637894,0.4094525769855703,0.23207332524392238
Bulk 71,0.3606949363964805,0.17502701868057202,0.013445227642046384,0.1830853610027956,0.2677474562781055
Bulk 72,0.12315826515891007,0.20228185913109717,0.08667681482604916,0.41518137004852007,0.17270169083542358
Bulk 73,0.1922725671719319,0.20190703506371452,0.10576188362603567,0.34643481792891173,0.1536236962094062
Bulk 74,0.19956090322487224,0.25249431621038765,0.12352153753038676,0.17605098188140028,0.24837226115295294
Bulk 75,0.29883033413829646,0.18451744149546576,0.0,0.33833396512577063,0.17831825924046726
Bulk 76,0.0,0.2181105982410565,0.025089563367820637,0.44457306428354515,0.3122267741075777
Bulk 77,0.5551527226631319,0.09018420079808191,0.0,0.09025493721099441,0.2644081393277918
Bulk 78,0.2770036922376129,0.1612948450590924,0.006271163199972957,0.3661920949204818,0.18923820458284005
Bulk 79,0.1376648276605495,0.21186386064512527,0.13510644171803715,0.28595897819489635,0.22940589178139179
Bulk 80,0.5970539886756769,0.05635453242239235,0.0,0.05150632621254546,0.2950851526893853
Bulk 81,0.45649377225472726,0.009762492335381368,0.0,0.46684345302484764,0.06690028238504361
Bulk 82,0.67864418507901,0.09387351679989779,0.004433567940033885,0.0057564204362001645,0.21729230974485803
Bulk 83,0.2700990358024852,0.21479345838819178,0.0,0.17426927925903066,0.34083822655029233
Bulk 84,0.07128204349667167,0.28889516169663276,0.03802556190519599,0.3320535698356293,0.26974366306587033
Bulk 85,0.039487670090015706,0.2229879392739402,0.16277509371159857,0.33394172077997436,0.2408075761444712
Bulk 86,0.2707132486688336,0.1594946498052064,0.0874385278841876,0.312104761950849,0.17024881169092337
Bulk 87,0.5933708472697287,0.01805349123468216,0.0,0.18420381066260977,0.20437185083297946
Bulk 88,0.1827505150875397,0.16757060336282914,0.04111594900772963,0.38379094058714874,0.22477199195475275
Bulk 89,0.23564897345799554,0.14093987797986154,0.0,0.3973898965021819,0.2260212520599609
Bulk 90,0.09200509718105679,0.24307604195003804,0.12091125028500374,0.24366630547992388,0.3003413051039776
Bulk 91,0.3266625036645445,0.17347741203834427,0.06512144080608111,0.15991988031803525,0.2748187631729949
Bulk 92,0.5101176750461022,0.004320328002354821,0.0,0.3324740550692963,0.15308794188224684
Bulk 93,0.2003395170860501,0.1610038429587495,0.19897415514398817,0.2808092141231851,0.15887327068802715
Bulk 94,0.4760889724375018,0.0,0.018610758490809596,0.42893283995998444,0.0763674291117042
Bulk 95,0.3199244847915335,0.1779796392149845,0.060559793222787116,0.27720461876242153,0.16433146400827325
Bulk 96,0.8830154573206836,0.0,0.0,0.0,0.11698454267931621
Bulk 97,0.42344849425837305,0.11291969430022339,0.0,0.24099836449191234,0.22263344694949125
Bulk 98,0.23677056036978789,0.12348549789410611,0.2573479284585086,0.2004502954801659,0.18194571779743152
Bulk 99,0.38096044295079234,0.12265520149076896,0.0,0.2940802971149591,0.2023040584434796
Bulk 100,0.03523239626953196,0.24227027053260197,0.1115914687861407,0.30144215216677217,0.30946371224495317
Bulk 101,0.33623760088332666,0.16463451514245017,0.13253716194896145,0.21072264730016485,0.1558680747250969
Bulk 102,0.21528752272860371,0.09787485955941116,0.15604225885347223,0.42242829973320384,0.10836705912530911
Bulk 103,0.1214363893333615,0.26430474942862797,0.16920259746288846,0.2564805879950337,0.18857567578008846
Bulk 104,0.3841902346762469,0.0145829288059061,0.0,0.48637799414921784,0.11484884236862922
Bulk 105,0.2607148163503765,0.10882867154370557,0.24475273926743066,0.2641312531904624,0.12157251964802487
Bulk 106,0.2686145454428049,0.08158962165130855,0.07552977466545706,0.37732871969684245,0.196937338543587
Bulk 107,0.26380338076129567,0.17842058188613918,0.09727950233825519,0.17944194166311012,0.2810545933511999
Bulk 108,0.34758752803951154,0.14495300592399044,0.06684862938212306,0.3088176421982996,0.13179319445607532
Bulk 109,0.33644748354898224,0.20888301313259805,0.0,0.14831766828488996,0.30635183503352975
Bulk 110,0.9255221511601484,0.0,0.0,0.0,0.07447784883985153
Bulk 111,0.3389452954888665,0.16282014502850556,0.14150889055679594,0.2417293147206642,0.11499635420516788
Bulk 112,0.4201723456697868,0.1318885268863524,0.13898054632510676,0.21743147017606082,0.09152711094269307
Bulk 113,0.446717509167027,0.1215734051974264,0.0,0.25334630424994287,0.17836278138560363
Bulk 114,0.30490301098471856,0.1530697507013548,0.051010199578696354,0.22247669440635698,0.26854034432887325
Bulk 115,0.5827240647649823,0.08906201690413972,0.07462937415549314,0.07449060721724864,0.17909393695813633
Bulk 116,0.324756904234979,0.1490729326361902,0.0,0.3552827987903933,0.17088736433843746
Bulk 117,0.1095497188368304,0.1886428644586588,0.0,0.41469699114131076,0.2871104255632001
Bulk 118,0.37408305051452817,0.03809328209045642,0.0,0.36195039636419735,0.2258732710308179
Bulk 119,0.3480872012620076,0.14301748131246284,0.10163332208435034,0.26524591063340414,0.1420160847077751
Bulk 120,0.4038947223262413,0.11254146103280012,0.0016270177399589432,0.23659659257408971,0.24534020632690978
Bulk 121,0.4233701884474665,0.07254387913355614,0.059086637539996684,0.25327183982370133,0.19172745505527947
Bulk 122,0.8721725874319004,0.0006753034623137145,0.0,0.0,0.12715210910578592
Bulk 123,0.26469588095474317,0.15394437756783105,0.09364442909372869,0.25824091738353633,0.2294743950001607
Bulk 124,0.3193939935848095,0.17161487110158977,0.04296148466198126,0.1720780179576351,0.29395163269398433
Bulk 125,0.49434447953808414,0.09897078018736664,0.04645327435513741,0.13884089538101152,0.22139057053840033
Bulk 126,0.0,0.21197770388010612,0.09084150553703729,0.38477773738895066,0.31240305319390593
Bulk 127,0.08579834603955389,0.19192326893040623,0.12349289165749196,0.27895680900476666,0.31982868436778145
Bulk 128,0.24447123775523666,0.1783863035323106,0.07010596620416852,0.2149355634809906,0.2921009290272937
Bulk 129,0.37498619273537714,0.19119077630197076,0.0,0.19929599254562227,0.23452703841702982
Bulk 130,0.3972498391654871,0.1266091469641419,0.0,0.12608867110293964,0.35005234276743125
Bulk 131,0.3245615239305653,0.18344591527134244,0.0,0.32963445488493365,0.16235810591315855
Bulk 132,0.39607763170743226,0.20507147101499723,0.08151857456873379,0.12752700217130436,0.1898053205375323
Bulk 133,0.25117023760395957,0.13964310081436623,0.27302222608771937,0.18779041921912235,0.14837401627483246
Bulk 134,0.8880656844809733,0.0,0.0,0.11193431551902658,0.0
Bulk 135,0.43265266038181516,0.01816492550056061,0.0,0.3570312041433525,0.1921512099742718
Bulk 136,0.22916781974295836,0.20208261931044125,0.06293690078457541,0.30192686500024074,0.2038857951617843
Bulk 137,0.521061330525001,0.1256633278120351,0.0,0.05731575219494267,0.2959595894680212
Bulk 138,0.13181497394095662,0.23074175323966647,0.015083068525778839,0.2487829054647764,0.3735772988288217
Bulk 139,0.7831890932241272,0.0,0.05419474881360165,0.0947744366067432,0.06784172135552775
Bulk 140,0.3075095139491651,0.24501305910057972,0.0,0.1609373504379739,0.2865400765122813
Bulk 141,0.2352431164540447,0.15196480642172788,0.0,0.35235451723160627,0.2604375598926211
Bulk 142,0.49675191135357705,0.04612911965238485,0.17108250120632393,0.14041109229113716,0.1456253754965769
Bulk 143,0.36478074839339814,0.16466118142746017,0.11380067015143146,0.20385859913942161,0.15289880088828875
Bulk 144,0.6497718821032433,0.01993396432424429,0.0,0.14878627735299968,0.18150787621951273
Bulk 145,0.49084091086814086,0.13382345987554875,0.05574993072707631,0.10720600006606565,0.21237969846316856
Bulk 146,0.16880504972498503,0.18783067156419142,0.0,0.4007127350657662,0.2426515436450574
Bulk 147,0.46564256527657866,0.03896350747823923,0.23427911770068982,0.12834091127146796,0.1327738982730242
Bulk 148,0.42329287755380285,0.1350506930713362,0.07520909649321804,0.20174930905952984,0.1646980238221132
Bulk 149,0.4837724405526632,0.08422463671065293,0.0,0.2187516094088724,0.21325131332781153
Bulk 150,0.09867383050268863,0.14221554845466453,0.06969170298239936,0.3784385532432576,0.3109803648169899
Bulk 151,0.2733272599180893,0.15971340072469725,0.009103977624039961,0.23804430561565249,0.3198110561175211
Bulk 152,0.28940278257068847,0.18784575954793012,0.0,0.23490820802904455,0.28784324985233684
Bulk 153,0.30748799180166686,0.1422790363377066,0.06838428238538702,0.2362101622268529,0.24563852724838664
Bulk 154,0.19911013454276794,0.23700633354855793,0.0,0.20680956503976938,0.3570739668689048
Bulk 155,0.05434302095033801,0.19358810514444055,0.16040622631408114,0.31912596558531325,0.272536682005827
Bulk 156,0.7049153188782131,0.042708597348425005,0.0,0.060432725540098126,0.19194335823326372
Bulk 157,0.2559021941940323,0.1039182152779581,0.16303382264302635,0.3723084265940646,0.10483734129091866
Bulk 158,0.2361606765158746,0.1203604380190444,0.07661584400721456,0.33074548494304756,0.23611755651481894
Bulk 159,0.311284729789017,0.0788989398379544,0.23656469804546162,0.19438075339203953,0.17887087893552747
Bulk 160,0.4678114923988782,0.18948693440445669,0.03960209524419655,0.08212740439722821,0.22097207355524054
Bulk 161,0.15845744707726747,0.1845991945768705,0.21601028725258944,0.18677896035246977,0.2541541107408027
Bulk 162,0.2599183288848613,0.21312165502515212,0.0,0.3075664029671238,0.21939361312286274
Bulk 163,0.37656956121106777,0.1418768130692353,0.0,0.20979041602701662,0.27176320969268036
Bulk 164,0.1843918465366081,0.18927667022114228,0.17487355748983913,0.20914143201831084,0.24231649373409983
Bulk 165,0.06985237533740513,0.25094412740894717,0.09434108598353103,0.367534456575544,0.2173279546945727
Bulk 166,0.412711929880074,0.06602206432963603,0.15835908147119013,0.3629069243190999,0.0
Bulk 167,0.5610784049748266,0.11360745829896572,0.0,0.25018761231028913,0.07512652441591863
Bulk 168,0.1431847622311487,0.08365640330804155,0.10313424086191395,0.4929980940981443,0.17702649950075147
Bulk 169,0.3809860073443246,0.1421204576438339,0.12997423116945592,0.13502526059757616,0.21189404324480937
Bulk 170,0.29273514866411826,0.1415654670436646,0.1887910546825024,0.14456165470306115,0.23234667490665367
Bulk 171,0.2798754678286612,0.11678500234995956,0.0,0.40678147693309075,0.1965580528882885
Bulk 172,0.17114932484954867,0.16803176654811394,0.024667731822815675,0.3601393026008523,0.2760118741786695
Bulk 173,0.40434620674478744,0.1389959511953074,0.07988779571059595,0.14383622020452022,0.23293382614478894
Bulk 174,0.5757603196072728,0.10272176459166127,0.0,0.18284774826743652,0.13867016753362923
Bulk 175,0.587666685799204,0.0,0.0,0.19030158514750434,0.22203172905329172
Bulk 176,0.16851217785951758,0.011107206729761511,0.09838957003830227,0.5483304221084634,0.17366062326395518
Bulk 177,0.07057002861160379,0.19287390977691468,0.10267506092175607,0.34650410619958766,0.2873768944901378
Bulk 178,0.2989041211809572,0.2026545440939591,0.05720742504037041,0.1976741950605839,0.24355971462412934
Bulk 179,0.236011083602203,0.15373381726516155,0.0,0.3878269983936954,0.22242810073893995
Bulk 180,0.04253636510079229,0.2490075634324835,0.02316436475020001,0.33549136112256855,0.34980034559395556
Bulk 181,0.5084119566229096,0.012651403826653264,0.03874197519838408,0.23271154574627625,0.20748311860577678
Bulk 182,0.39602683770575264,0.14760641904571165,0.0,0.2906358726871458,0.16573087056138996
Bulk 183,0.248375258565925,0.227297037894548,0.059845950642519,0.2634247148195402,0.20105703807746783
Bulk 184,0.16105054128055696,0.09732398444490062,0.10977923722583457,0.3948294130246187,0.23701682402408922
Bulk 185,0.1947103232792237,0.12910232797645874,0.1982374893908531,0.23250596451412864,0.24544389483933596
Bulk 186,0.315463259857207,0.08538922340040828,0.14513397446868467,0.2266882506346614,0.2273252916390386
Bulk 187,0.39817556996726633,0.08886428330756645,0.0,0.20574404133577107,0.30721610538939614
Bulk 188,0.41496033552773914,0.028300856759923606,0.012789235875788672,0.4833341655955786,0.060615406240969914
Bulk 189,0.32109773655949275,0.1349571023713656,0.19639241409122926,0.15079744828895747,0.1967552986889549
Bulk 190,0.6513146844691003,0.06659248187276225,0.0,0.1822109780401975,0.09988185561793986
Bulk 191,0.6566826038334509,0.09778099895108648,0.05205565319149002,0.0,0.19348074402397267
Bulk 192,0.5756993182221218,0.12361361993243475,0.0,0.047214955897876144,0.2534721059475673
Bulk 193,0.8307426506967115,0.020961407869592916,0.0,0.08773406052412838,0.060561880909567316
Bulk 194,0.8582791372771915,0.009477283920243782,0.0,0.01498166718604818,0.11726191161651649
Bulk 195,0.1932570592762906,0.27594550118753297,0.07061101967448555,0.14078828867381205,0.3193981311878789
Bulk 196,0.2344454542848857,0.1256452632576628,0.1493471900377053,0.1841745189134568,0.3063875735062894
Bulk 197,0.2401181561006991,0.2690614255843818,0.06099694097505091,0.08978586680851311,0.3400376105313552
Bulk 198,0.5491717905545985,0.08580335397809097,0.187822088926879,0.07515493508890579,0.10204783145152559
Bulk 199,0.43858467683255725,0.11069475663449271,0.017108377996988233,0.3096341402911656,0.12397804824479634
Bulk 200,0.0,0.09750618742085625,0.22142870685178093,0.4648948584842484,0.2161702472431145
Bulk 201,0.5782157557080103,0.0,0.0,0.36492099386860044,0.0568632504233892
Bulk 202,0.40825830533508134,0.16942882369791468,0.0,0.19573147172474387,0.2265813992422601
Bulk 203,0.3670381941052247,0.13633718291155011,0.10709013971318616,0.2067099595909534,0.18282452367908564
Bulk 204,0.4273485293552783,0.19318567915983606,0.0,0.11353394080347697,0.26593185068140857
Bulk 205,0.34981392466068184,0.20596161209110075,0.04469101034051044,0.13906950136392682,0.2604639515437804
Bulk 206,0.40885164149762343,0.07023678337629276,0.3381480580468629,0.07770917382148994,0.10505434325773093
Bulk 207,0.16513520186260428,0.10918780049016066,0.22059387536010686,0.28778360743956494,0.2172995148475632
Bulk 208,0.36285850577947143,0.024007437835974168,0.04791581185138372,0.33314793297941525,0.23207031155375543
Bulk 209,0.4144855130999962,0.1228944441610553,0.09991457319830468,0.14416061497939126,0.21854485456125267
Bulk 210,0.32856886991727485,0.15719223298478785,0.030289730374123993,0.2611028417360187,0.22284632498779455
Bulk 211,0.07026215991338423,0.2262753829680908,0.1006709047380529,0.28793510267354416,0.31485644970692783
Bulk 212,0.47982051750971255,0.1050965486761917,0.05529290776899629,0.11841306058899574,0.2413769654561037
Bulk 213,0.808107625558937,0.0,0.08296176441233555,0.0,0.10893061002872736
Bulk 214,0.3798871128294162,0.17128865381881372,0.0,0.2549576180479225,0.1938666153038476
Bulk 215,0.5349453235138563,0.10180148065446012,0.0,0.17395977251399422,0.1892934233176893
Bulk 216,0.07774532888102496,0.2762054252040234,0.030406471718131683,0.35045914258090854,0.2651836316159114
Bulk 217,0.29191395573748385,0.12539807818747717,0.0509576340594071,0.3228574276452756,0.2088729043703562
Bulk 218,0.1689294723682566,0.1532441762121544,0.14368780961424057,0.3741657885692751,0.15997275323607327
Bulk 219,0.29608745501500566,0.18321351626287413,0.1348618981748093,0.20639796669209023,0.17943916385522063
Bulk 220,0.22857876074025568,0.18035468760885204,0.2593069667071475,0.3025395372474246,0.02922004769632017
Bulk 221,0.38481719446687673,0.19579751131752388,0.014940511933993773,0.209500424020553,0.19494435826105258
Bulk 222,0.21566023693392614,0.04337003855182905,0.022852933453552698,0.4153602138667937,0.3027565771938984
Bulk 223,0.2288246158274213,0.16534528817815028,0.11275919864090823,0.35056381050071084,0.14250708685280936
Bulk 224,0.7403532502674725,0.07886417715482613,0.0,0.07115317405917472,0.10962939851852675
Bulk 225,0.5321625889345741,0.09167839750299145,0.21657063244711822,0.0,0.1595883811153162
Bulk 226,0.42943400278416244,0.21134247580291113,0.0,0.18258992518982622,0.17663359622310038
Bulk 227,0.14742941729697343,0.15248838523703626,0.20012509344243512,0.3483879114730033,0.15156919255055187
Bulk 228,0.509832968612305,0.18242211723810456,0.006662594284077698,0.08272561749464837,0.21835670237086446
Bulk 229,0.40397562220150424,0.19155550190737056,0.07144876040224336,0.19576196154380376,0.137258153945078
Bulk 230,0.08621063310153275,0.0787347444060556,0.18432713427196537,0.4551169273441925,0.19561056087625373
Bulk 231,0.5837667675887709,0.15297762703668943,0.0,0.0,0.2632556053745396
Bulk 232,0.26332299840467793,0.0,0.12572470331252703,0.5150028525245973,0.09594944575819775
Bulk 233,0.24167264121531096,0.14834000171920278,0.10605811671023464,0.2794681874420644,0.22446105291318724
Bulk 234,0.231916389967629,0.09629890600892584,0.19956646544838882,0.27556525415427185,0.19665298442078452
Bulk 235,0.3230344495618481,0.1526519946637774,0.056092306859645794,0.26152714430945917,0.20669410460526944
Bulk 236,0.0,0.25715484219925505,0.04808653012578426,0.3457824177582499,0.3489762099167108
Bulk 237,0.48531128808857243,0.10031120904223116,0.21747707247044828,0.0,0.19690043039874802
Bulk 238,0.16816074288277744,0.213999896532289,0.044658763232945306,0.24757105136125968,0.32560954599072867
Bulk 239,0.05484832567380214,0.2539518224219536,0.10697111422900453,0.3172615514851104,0.2669671861901292
Bulk 240,0.7958152760194842,0.0,0.0,0.0,0.2041847239805158
Bulk 241,0.11293731764570396,0.18896232591600876,0.1359206815422498,0.4243476277726553,0.13783204712338226
Bulk 242,0.8465704481205434,0.0,0.0,0.0,0.15342955187945667
Bulk 243,0.2103860940519144,0.27480500742854,0.0,0.2617088844161272,0.2531000141034183
Bulk 244,0.578377806973971,0.09402441187352231,0.04919640398319497,0.05459764721805296,0.22380372995125863
Bulk 245,0.9460697468332355,0.0,0.0,0.0,0.05393025316676441
Bulk 246,0.22659112200336462,0.23360615539973545,0.05822388365037005,0.16671097262428172,0.31486786632224817
Bulk 247,0.2843038299794747,0.237198024662797,0.07507787092756074,0.12488306699541762,0.2785372074347499
Bulk 248,0.6842743433856869,0.04468570846085805,0.032288452783680734,0.06147777163502962,0.17727372373474462
Bulk 249,0.6037508237687377,0.05078582843917437,0.10680864842158595,0.18246808961718686,0.056186609753315214
Bulk 250,0.8386555445340399,0.0,0.0,0.0,0.1613444554659601
Bulk 251,0.44616793701633434,0.04932884160361822,0.0,0.42316935300067043,0.08133386837937705
Bulk 252,0.20123721386275226,0.18417084665135686,0.08902074210184643,0.22395157476517066,0.30161962261887393
Bulk 253,0.37768779193553953,0.16030485382180915,0.17697151024667945,0.11322872383085741,0.1718071201651146
Bulk 254,0.40829385753205555,0.16030839677728292,0.0,0.12472746364966712,0.30667028204099445
Bulk 255,0.4294062571089171,0.15896737875609354,0.0,0.20157152689498348,0.2100548372400058
Bulk 256,0.11499524539749124,0.2373793526288457,0.0,0.31074450466578407,0.33688089730787896
Bulk 257,0.03685099685797782,0.25330860055769505,0.17264982200598988,0.2813500439382186,0.2558405366401185
Bulk 258,0.7274717351069844,0.0,0.0,0.10837868671326252,0.16414957817975304
Bulk 259,0.5399094623484223,0.0,0.1872482405224555,0.14499007469978448,0.1278522224293376
Bulk 260,0.2811733164499342,0.05579869184125218,0.0890599429506808,0.45371128932888577,0.12025675942924695
Bulk 261,0.07360909873829251,0.0813597425726314,0.36913116493653314,0.37236580627402166,0.10353418747852128
Bulk 262,0.23213743958399877,0.10110462216150373,0.074325057552093,0.3194308050479789,0.2730020756544255
Bulk 263,0.23212743112820855,0.16969955344468884,0.17018508140898259,0.20840867123141787,0.21957926278670217
Bulk 264,0.15488560226345488,0.1543316355585968,0.144218484065895,0.32353749472814586,0.22302678338390738
Bulk 265,0.18932962741121145,0.22891597101500208,0.02841389297601436,0.34718085086000233,0.20615965773776979
Bulk 266,0.32501909984212346,0.16323443997266782,0.09204305427252792,0.325566264705486,0.09413714120719477
Bulk 267,0.2790870409007212,0.12712967726545532,0.08512558536704531,0.35069187088019416,0.157965825586584
Bulk 268,0.4631354630679277,0.14478444291679865,0.0,0.21820624847325898,0.17387384554201463
Bulk 269,0.38800882274022636,0.10024614286657835,0.0,0.27809313497379967,0.23365189941939554
Bulk 270,0.503941337599846,0.11374257554577435,0.0,0.16341576366074292,0.21890032319363678
Bulk 271,0.117069548469783,0.16530157773082296,0.12341827328679238,0.3800937572379805,0.21411684327462113
Bulk 272,0.22080275710217803,0.15692460118341572,0.17435206092467564,0.3350503141680271,0.11287026662170357
Bulk 273,0.3445631787285561,0.1622359201312147,0.0,0.2689713810648878,0.2242295200753413
Bulk 274,0.3020606406037014,0.1650480276122332,0.06182378923512074,0.34386793357998996,0.12719960896895469
Bulk 275,0.16538659267590938,0.13995786112513234,0.14577808881423993,0.27336178922248505,0.2755156681622333
Bulk 276,0.5029959887417915,0.10139671306853108,0.0,0.13015425768902922,0.2654530405006481
Bulk 277,0.7070482668776716,0.14323994075951998,0.0,0.08700381389074395,0.06270797847206447
Bulk 278,0.2633541124497191,0.25417413052460197,0.0,0.1878936086341724,0.2945781483915065
Bulk 279,0.07729967693767446,0.22092431435601909,0.09939550514452405,0.3042845688439875,0.2980959347177948
Bulk 280,0.5574380101478459,0.16209380573465867,0.0,0.0,0.2804681841174954
Bulk 281,0.4847105362249603,0.08826985720096399,0.24206426389986438,0.04397008222778425,0.14098526044642704
Bulk 282,0.5073972730849061,0.0995313962468367,0.024109470735576816,0.20448458079139067,0.16447727914128982
Bulk 283,0.37917989487029896,0.13985261098407406,0.16064283577950772,0.13102935458819423,0.189295303777925
Bulk 284,0.43471995273358777,0.0707780471064512,0.40186523284144005,0.0,0.09263676731852102
Bulk 285,0.11810986798405484,0.24114662669710493,0.09236861871980685,0.25048487764447114,0.29789000895456225
Bulk 286,0.23345573200191025,0.10031727958055296,0.11645070492493827,0.34565106645342714,0.20412521703917152
Bulk 287,0.007202963080837796,0.22183665994407495,0.07225926161221974,0.32216347440773874,0.3765376409551287
Bulk 288,0.4092698431472955,0.17833463429573718,0.0,0.18024726820063827,0.23214825435632894
Bulk 289,0.8187649753630274,2.0432430611948216e-05,0.0,0.0,0.18121459220636077
Bulk 290,0.41404736034876033,0.09604613028195746,0.0,0.30441731074099293,0.18548919862828928
Bulk 291,0.6600406211259565,0.12278476896336318,0.0,0.0,0.2171746099106803
Bulk 292,0.184311221792372,0.22618016620688336,0.10665072201753849,0.1821891155122083,0.3006687744709979
Bulk 293,0.266001524597638,0.17681824792225617,0.007670405215212796,0.32190804150744873,0.22760178075744433
Bulk 294,0.29570033127904227,0.20887284369194553,0.05181727170971115,0.2543340767803518,0.18927547653894924
Bulk 295,0.47001418546357265,0.15071214565591853,0.0,0.11349184552913065,0.26578182335137823
Bulk 296,0.5615593614050653,0.1511834569845739,0.0,0.0,0.2872571816103608
Bulk 297,0.8010748610618031,0.020390111817011655,0.0,0.0,0.17853502712118527
Bulk 298,0.09962094113581582,0.09492578486298721,0.17384283461972208,0.5386549040500953,0.09295553533137953
Bulk 299,0.3415094399816339,0.16792486285764732,0.0673225291043259,0.1488217205002578,0.27442144755613485
Bulk 300,0.09760854601705185,0.17019340412732073,0.0,0.43240223612172424,0.2997958137339031
Bulk 301,0.0,0.36089044477876653,0.04295278177369011,0.17274963476746535,0.423407138680078
Bulk 302,0.3313324731260382,0.18452945046854366,0.0,0.2980369917275505,0.1861010846778677
Bulk 303,0.41655936081651695,0.11467749160544868,0.0043658404718382076,0.28598107716377663,0.1784162299424196
Bulk 304,0.14462370818999498,0.17129209746482363,0.17201155091840506,0.2921160143530578,0.21995662907371866
Bulk 305,0.6406442297149026,0.11056448965861362,0.003646869717500705,0.08077290932449371,0.16437150158448938
Bulk 306,0.46970092862036283,0.15386771180829376,0.23250438714891353,0.0,0.14392697242242983
Bulk 307,0.571042465572589,0.13736054944092968,0.0,0.023473271237758917,0.2681237137487225
Bulk 308,0.35040824617185695,0.12230808125610856,0.0,0.22830753884358065,0.29897613372845383
Bulk 309,0.4415892362431727,0.16674986262046235,0.0,0.06721914101576022,0.32444176012060466
Bulk 310,0.3057350322417475,0.17995301031449773,0.060189735038717794,0.13615372745215898,0.317968494952878
Bulk 311,0.11284023009459367,0.3388178239572339,0.017345648373842466,0.1569734776420623,0.3740228199322677
Bulk 312,0.3498789115634529,0.13615973010739957,0.17705773734923733,0.17013112495882066,0.1667724960210895
Bulk 313,0.0,0.2235565626790196,0.21269325630531413,0.3005879551444079,0.26316222587125837
Bulk 314,0.5172415735090353,0.13612417599851342,0.15167780864471692,0.0,0.1949564418477343
Bulk 315,0.49579487213571805,0.14528783927428462,0.0,0.028873233019075985,0.3300440555709213
Bulk 316,0.18813566812027022,0.22486490107662854,0.05135445359857733,0.21650259231265054,0.31914238489187335
Bulk 317,0.23585362187570466,0.20265821552398888,0.0,0.28555577243949387,0.27593239016081267
Bulk 318,0.2988413360166757,0.2739575655842028,0.09362398917241027,0.06417555543912334,0.2694015537875878
Bulk 319,0.0540955538739875,0.2277963116680265,0.14556601085240917,0.2704779875571825,0.3020641360483943
Bulk 320,0.26585238366216485,0.21438733581657243,0.03377406217441221,0.2310061387510674,0.254980079595783
Bulk 321,0.39079064116639667,0.18708525861460598,0.0,0.0756250193070842,0.34649908091191317
Bulk 322,0.2426965143054992,0.1820311330626008,0.06577938768570994,0.2890646143669988,0.22042835057919122
Bulk 323,0.19676014743858758,0.17311546964708482,0.2502818919337558,0.2244998040457464,0.1553426869348254
Bulk 324,0.8757625390538724,0.0,0.0,0.0,0.12423746094612761
Bulk 325,0.35267846163626054,0.059792680708151615,0.5191767450823712,0.06835211257321665,0.0
Bulk 326,0.0,0.275863216412535,0.2625633317489059,0.22913494632107348,0.2324385055174856
Bulk 327,0.41950045662132496,0.15700531767479461,0.008762688021278933,0.17172057677651256,0.24301096090608895
Bulk 328,0.21468366393672225,0.21277691869111198,0.027334600389043496,0.2978679989119714,0.2473368180711508
Bulk 329,0.29547834431601355,0.19914972493280936,0.1817870978232697,0.08402800386322384,0.23955682906468354
Bulk 330,0.8093744689955975,0.09192786494547901,0.0,0.0,0.09869766605892351
Bulk 331,0.32570807193064094,0.1518262359940554,0.0,0.23943305515615476,0.2830326369191489
Bulk 332,0.4519460302434371,0.20727798845687959,0.0,0.0,0.3407759812996831
Bulk 333,0.7726642226468211,0.0,0.0,0.0,0.22733577735317892
Bulk 334,0.1383076818897839,0.07591087798780598,0.00018430206993189443,0.5241929019372361,0.26140423611524216
Bulk 335,0.2610475145704628,0.16498694833449895,0.25372234271117816,0.136231569308959,0.18401162507490107
Bulk 336,0.4347362828490515,0.1451459445813301,0.09648654798920607,0.0,0.32363122458041227
Bulk 337,0.15475174920506535,0.21873115648304495,0.059468006986048746,0.35432813674337094,0.21272095058247012
Bulk 338,0.2756180443538261,0.18235520757740628,0.0,0.300576999330964,0.24144974873780356
Bulk 339,0.7523886031523449,0.021543342285430513,0.0,0.0,0.22606805456222465
Bulk 340,0.06608448573482882,0.28217413850947365,0.08043986908543727,0.2643392946586552,0.3069622120116051
Bulk 341,0.24248404887878355,0.13449430049170735,0.2744768304239947,0.26702987511393345,0.08151494509158111
Bulk 342,0.04285975410291805,0.14324843220583772,0.13880207777464323,0.4588218087671431,0.21626792714945786
Bulk 343,0.10718547157764952,0.217269505312224,0.1869413283143941,0.2078929546460749,0.28071074014965747
Bulk 344,0.4093761773160154,0.07898319300715509,0.07919475233759167,0.1759818720102563,0.25646400532898145
Bulk 345,0.8022009459886627,0.0,0.10492229581420262,0.0,0.09287675819713465
Bulk 346,0.0903867276306344,0.2644887066714531,0.17241505540479493,0.24131900759704922,0.23139050269606845
Bulk 347,0.5234274496819112,0.1608822770752567,0.0,0.16687584698779662,0.14881442625503538
Bulk 348,0.35169885949124396,0.1497076624272493,0.05979859642321591,0.19031774613831146,0.24847713551997946
Bulk 349,0.2545695114071868,0.2709115465602768,0.04959785390122115,0.17599195149769215,0.24892913663362315
Bulk 350,0.603557391998296,0.144326700297332,0.02157060500612013,0.0,0.23054530269825202
Bulk 351,1.0,0.0,0.0,0.0,0.0
Bulk 352,0.027484919248768044,0.20354019359657868,0.07456638029931503,0.4233661734310034,0.2710423334243348
Bulk 353,0.4407339541692485,0.24846571116167812,0.0,0.016576965945028364,0.29422336872404503
Bulk 354,0.7772578626349133,0.0670293782216276,0.0,0.0,0.15571275914345908
Bulk 355,0.3321046162262694,0.17639782991863295,0.0,0.21437147645880922,0.2771260773962883
Bulk 356,0.36002357065463353,0.2549573179203027,0.041856677736603023,0.21078717936060998,0.13237525432785077
Bulk 357,0.33238970263127177,0.2542421769330981,0.0,0.11995715341490808,0.29341096702072195
Bulk 358,0.44309467954269954,0.21154916770352364,0.0,0.12444586417305385,0.22091028858072287
Bulk 359,0.2599176831531857,0.015973878387124506,0.3391715642069065,0.3364268668636233,0.048510007389159955
Bulk 360,0.37579685540546615,0.1949379568022243,0.0,0.07170893441828205,0.35755625337402747
Bulk 361,0.48696159767809827,0.1736049407812827,0.015255213472454178,0.0,0.3241782480681648
Bulk 362,0.08956979084711304,0.26435058104993875,0.09940917877331312,0.31327889831935346,0.2333915510102817
Bulk 363,0.21590907659920877,0.25726557009826057,0.0,0.20268703121172163,0.324138322090809
Bulk 364,0.2749209489946383,0.16043374826696907,0.12297290642509973,0.21656815143511995,0.2251042448781728
Bulk 365,0.33104580939938694,0.16099309770827377,0.0,0.2422975414313026,0.26566355146103654
Bulk 366,0.21143595443795296,0.19548897427045903,0.14928160601355114,0.18271921651568213,0.26107424876235474
Bulk 367,0.2665498635911818,0.1535430517487483,0.14666901307020658,0.2637846309008607,0.1694534406890027
Bulk 368,0.10311149992954093,0.2484929658888667,0.16208323030572416,0.07725169587265811,0.40906060800321004
Bulk 369,0.3018119989718366,0.2087056246306575,0.13716863196042747,0.2490047183093482,0.10330902612773016
Bulk 370,0.7175327881040066,0.12251809742383903,0.0,0.0005863059734875576,0.15936280849866677
Bulk 371,0.2422128541881077,0.20668497853046916,0.11035161692369734,0.12715459459009934,0.31359595576762633
Bulk 372,0.17637810698554987,0.2974039446443783,0.08080165177406644,0.1618464340293978,0.2835698625666077
Bulk 373,0.04823015615400935,0.15777510351441854,0.19901868434364023,0.3907791777343529,0.20419687825357885
Bulk 374,0.2941840382522401,0.23472206155436198,0.0,0.15769089175399215,0.3134030084394057
Bulk 375,0.12444787261626697,0.16904928089478424,0.0,0.42762254367203084,0.27888030281691795
Bulk 376,0.6298190984411374,0.11257207670639383,0.0,0.09015079786091744,0.16745802699155127
Bulk 377,0.3263841909412738,0.21523705195347603,0.0140613304812698,0.2534393997162795,0.1908780269077009
Bulk 378,0.29263569566786085,0.18381639681286877,0.07054718646670546,0.15254362466149726,0.3004570963910676
Bulk 379,0.26768348777172896,0.17417729094343287,0.07152704380509745,0.31035477020973934,0.1762574072700014
Bulk 380,0.3281073243784383,0.1468762683360303,0.12244734219464551,0.23495040051821614,0.16761866457266975
Bulk 381,0.32536921518598677,0.12263897311474545,0.2804813669545814,0.11028510344417906,0.16122534130050734
Bulk 382,0.4455339535020529,0.15512411720543268,0.1097646101672314,0.0060014257920889035,0.2835758933331942
Bulk 383,0.5247383112468365,0.06965527676439426,0.0,0.25397520803052837,0.15163120395824073
Bulk 384,0.16770185363300702,0.14975625505898219,0.11027476269973978,0.3870370457759944,0.18523008283227663
Bulk 385,0.24428487122631526,0.05126696759816593,0.0,0.48775875982111333,0.21668940135440548
Bulk 386,0.45341798862943017,0.1399031002616689,0.0,0.1145867754834585,0.2920921356254424
Bulk 387,0.12179962829833475,0.24666172513490392,0.1432569474246535,0.34825611422818914,0.14002558491391867
Bulk 388,0.37286483981956187,0.27919599853113247,0.0,0.10751088344883555,0.24042827820047016
Bulk 389,0.2686020355284621,0.25055153373575584,0.07873119984545394,0.17726592872281743,0.22484930216751065
Bulk 390,0.2223264121215383,0.19865177635063974,0.12969801716769955,0.32467810005398223,0.12464569430614014
Bulk 391,0.26082854270809575,0.230609341967399,0.0,0.24700203646909688,0.26156007885540833
Bulk 392,0.21247156882964333,0.16939752184465776,0.028269396250766896,0.30658680477713823,0.28327470829779383
Bulk 393,0.07430079871306561,0.31623281803208475,0.15188030406216232,0.24716777393836079,0.21041830525432653
Bulk 394,0.5569667987481627,0.09490839773838232,0.0,0.12994245592288364,0.21818234759057129
Bulk 395,0.10001275777979626,0.3233256369597858,0.16463311716311957,0.06626792288059874,0.34576056521669973
Bulk 396,0.4071089268958373,0.10703405269585572,0.017660857040227296,0.26273090858519693,0.20546525478288286
Bulk 397,0.33330066508312617,0.24234706859831467,0.13569016083225477,0.09469550733196075,0.19396659815434367
Bulk 398,0.6995201113252404,0.04774343695206997,0.0,0.0,0.25273645172268966
Bulk 399,0.8023677927948426,0.032525244490624834,0.0,0.0,0.1651069627145325
Bulk 400,0.28257437126794827,0.12987047346025082,0.31410219432389186,0.18333377341744717,0.09011918753046193
Bulk 401,0.468030568701744,0.11448377894270156,0.0,0.21095413224708506,0.20653152010846945
Bulk 402,0.5030915527718036,0.12540454571679324,0.0,0.12082912777537391,0.25067477373602937
Bulk 403,0.618091169251222,0.04354618410320128,0.0,0.0,0.3383626466455767
