,Ast,End,Mic,Neu,Oli
Bulk 0,0.11878642367050363,0.2823306199107466,0.10117296393566282,0.21335577260299324,0.28435421988009374
Bulk 1,0.33376316306539316,0.09217065547517281,0.11490862039766016,0.29604145566262496,0.1631161053991489
Bulk 2,0.5418270433302256,0.0,0.05616438109378137,0.28570655578124815,0.116302019794745
Bulk 3,0.08543748559641615,0.2549565030426034,0.07899911369135265,0.2709409167565127,0.309665980913115
Bulk 4,0.684372143874531,0.06393849650029546,0.0,0.18189133296323373,0.06979802666193975
Bulk 5,0.0805905766769551,0.2585604819468552,0.0062950757910962786,0.3766827752702198,0.27787109031487367
Bulk 6,0.30756496214091683,0.2340262004475113,0.0794878131096786,0.04559251058979502,0.3333285137120983
Bulk 7,0.20901493994809192,0.17313365275569306,0.1573061572777016,0.26652485773071355,0.19402039228779983
Bulk 8,0.1713951232782384,0.1852595845129288,0.0,0.4445010074436827,0.19884428476515004
Bulk 9,0.3871672988358139,0.18296236977814076,0.015247941310820077,0.13897434984406923,0.275648040231156
Bulk 10,0.16695685930009474,0.10916637461957238,0.1822538623097986,0.4146807115960919,0.12694219217444255
Bulk 11,0.11099737280695181,0.21734855475380663,0.016394825185136457,0.36638192475449716,0.288877322499608
Bulk 12,0.3517133072256679,0.1705116327592715,0.04359409934474549,0.30536662433397144,0.12881433633634362
Bulk 13,0.09894385565446241,0.11618199751892241,0.0776192789105162,0.37784703415403076,0.32940783376206817
Bulk 14,0.46663489026349586,0.082585939658168,0.1620008320255761,0.07843049975608907,0.21034783829667097
Bulk 15,0.3615099258913793,0.08130371828982658,0.13759836357277694,0.2523457430662187,0.16724224917979855
Bulk 16,0.3527179027230577,0.13877203036873115,0.03206180633127447,0.19209440741524614,0.28435385316169043
Bulk 17,0.29035577123818707,0.1310608880298752,0.2054800408397634,0.24956337565178863,0.12353992424038576
Bulk 18,0.4704444664316599,0.12491485123739575,0.0,0.19404786979209462,0.21059281253884968
Bulk 19,0.1810320617044676,0.24939935513673353,0.0,0.259521544734642,0.31004703842415693
Bulk 20,0.09909420861294818,0.22129661801679465,0.03207866172474222,0.37709551181172385,0.270434999833791
Bulk 21,0.11291486552601117,0.18929847874259687,0.06937232301318338,0.40099317036814786,0.2274211623500607
Bulk 22,0.0,0.15931111238380516,0.1101582386024034,0.46276829271628966,0.26776235629750167
Bulk 23,0.3546241694632919,0.08403322817374118,0.0,0.3534881312821346,0.20785447108083238
Bulk 24,0.28454808652905916,0.1781761239302661,0.06360794991822621,0.25267051028640014,0.22099732933604846
Bulk 25,0.10732630217867732,0.17322799255980148,0.10147743715292278,0.46689546501324647,0.15107280309535187
Bulk 26,0.2611349417774876,0.07476981578209176,0.07417835840249877,0.3439949156640275,0.24592196837389432
Bulk 27,0.39450763216076273,0.1323243902799361,0.01540163800251867,0.20427217223253735,0.2534941673242451
Bulk 28,0.09464136291386158,0.16351175147164723,0.24523048015212995,0.24097670227096052,0.2556397031914008
Bulk 29,0.1454575626019635,0.21076711532348838,0.12927053364244526,0.21589991751747856,0.2986048709146243
Bulk 30,0.3953748104262498,0.042027782872304686,0.0,0.35468830229626924,0.2079091044051764
Bulk 31,0.5481469221665892,0.0678932399138156,0.0,0.11604856504341837,0.2679112728761769
Bulk 32,0.26809059933386525,0.1436773990143981,0.026583799307250276,0.31459878678366676,0.24704941556081955
Bulk 33,0.29749131426914455,0.08072471447364492,0.1437970182618756,0.47798695299533495,0.0
Bulk 34,0.257954281798273,0.16917961897838896,0.0,0.29456291439840704,0.2783031848249311
Bulk 35,0.2847769790387848,0.16712112253851696,0.14598701588498192,0.3059422465770439,0.09617263596067245
Bulk 36,0.24782133867781778,0.17609737218731492,0.07129543392781149,0.21129296223075406,0.2934928929763017
Bulk 37,0.7505726973625999,0.0,0.0,0.14593684985969035,0.10349045277770964
Bulk 38,0.4585010052661925,0.17794939425479017,0.0,0.05930615054813883,0.30424344993087854
Bulk 39,0.05324713171772181,0.2720766112245637,0.05970980837830299,0.38012943552659695,0.2348370131528146
Bulk 40,0.20397305527114812,0.19434455180462776,0.0,0.39061743090474865,0.2110649620194754
Bulk 41,0.41023762410385534,0.08011249187409948,0.06910564932762912,0.2876990580263303,0.15284517666808575
Bulk 42,0.429747092204789,0.0,0.0,0.33559629953566367,0.23465660825954726
Bulk 43,0.2673044071141811,0.07441298786128256,0.07905363196237415,0.3248602989032763,0.254368674158886
Bulk 44,0.157664846900594,0.17001463436269598,0.06170845200389948,0.43303710654334215,0.1775749601894683
Bulk 45,0.5880584991244443,0.13101034483985963,0.0,0.09529204350539265,0.1856391125303034
Bulk 46,0.5786604208797016,0.06909369045972634,0.0,0.1449200402251507,0.20732584843542143
Bulk 47,0.13648417779821354,0.16216359387464147,0.0317180389100443,0.2824086303736927,0.38722555904340816
Bulk 48,0.4947862092597662,0.1083734387546248,0.0,0.2929009055650555,0.1039394464205536
Bulk 49,0.045773042278274716,0.21191966190414163,0.05507771537769944,0.3780583783594051,0.30917120208047927
Bulk 50,0.5554265054475732,0.0,0.0,0.4445734945524267,0.0
Bulk 51,0.4597707140536844,0.0903278448719128,0.0472301905344469,0.2422714850345822,0.16039976550537377
Bulk 52,0.08388626445088712,0.241587476499608,0.06235739475388524,0.2876392105303105,0.3245296537653091
Bulk 53,0.44534665435697723,0.22154494056401094,0.0,0.11065689459897768,0.22245151048003406
Bulk 54,0.12417580043967068,0.176927894357271,0.11418178145896653,0.36622396017878134,0.21849056356531063
Bulk 55,0.22853706162065685,0.14313122417577426,0.0,0.2907152472486029,0.337616466954966
Bulk 56,0.2511634932240102,0.16087787173200488,0.19076546893715451,0.24568100745652854,0.15151215865030193
Bulk 57,0.6760262095548459,0.07543900778237651,0.0,0.01767932834297744,0.2308554543198001
Bulk 58,0.46235736610072675,0.15630170828440393,0.012771250330574834,0.20405610913306463,0.1645135661512298
Bulk 59,0.24643033587182586,0.10406383958611937,0.0,0.4167049610271558,0.23280086351489895
Bulk 60,0.16991439967854222,0.18433856218520883,0.041185246736557726,0.42245386770071147,0.18210792369897966
Bulk 61,0.32187361581526747,0.08471188491522684,0.11714102446774999,0.27378653193546787,0.20248694286628774
Bulk 62,0.11065405299923975,0.249601659706273,0.10700448805957823,0.2615082546625616,0.2712315445723475
Bulk 63,0.4560707070791307,0.14074572908662,0.0,0.10603098776455026,0.29715257606969886
Bulk 64,0.2077504088553933,0.010937453892399219,0.20020544958896344,0.44871259427825233,0.13239409338499167
Bulk 65,0.46701473492136497,0.12523180167966452,0.07756220879356675,0.2839925403054967,0.0461987142999072
Bulk 66,0.33652101554356534,0.15136824521630685,0.0,0.32635131151990054,0.18575942772022713
Bulk 67,0.4168335119329952,0.10789180397964207,0.0,0.11674305991466995,0.3585316241726927
Bulk 68,0.2532464838824782,0.15044673633701555,0.07608570706822614,0.26032184662624125,0.25989922608603877
Bulk 69,0.1143732953414705,0.12133611846479313,0.12914169340288784,0.4000750309367192,0.2350738618541292
Bulk 70,0.10379378683201987,0.1685205063908855,0.06816572571515106,0.41773149543737315,0.24178848562457045
Bulk 71,0.17825232622409387,0.16685217255801513,0.07765036727279563,0.4486604904319574,0.12858464351313806
Bulk 72,0.22355125949807853,0.11490353506284043,0.03967519474786084,0.4339703169644987,0.18789969372672144
Bulk 73,0.15994703014985082,0.26198201598406523,0.12193569179973009,0.2088853970912829,0.2472498649750711
Bulk 74,0.11578374700856847,0.2417291049860344,0.08706611858153797,0.3167072886851175,0.23871374073874166
Bulk 75,0.4541725334342599,0.12062148473870914,0.1539841575344916,0.08488262917900073,0.1863391951135386
Bulk 76,0.19443009332278366,0.09837394757608411,0.0,0.45102987729379834,0.25616608180733386
Bulk 77,0.7981263440357761,0.0,0.06521286765577232,0.1120392416352593,0.024621546673192277
Bulk 78,0.5322367697777315,0.15775191283138607,0.024910544492444633,0.12282942729237604,0.16227134560606168
Bulk 79,0.24105297423248162,0.15766892127341756,0.04565148441572076,0.3554090931109904,0.20021752696738973
Bulk 80,0.23746270651351808,0.22706496046573285,0.15248454480892368,0.13715921777279586,0.2458285704390296
Bulk 81,0.35628520033621225,0.17436987327189324,0.0,0.15743636534790179,0.31190856104399267
Bulk 82,0.4958387527673701,0.07475725447251919,0.25154560361465145,0.08319407964960368,0.09466430949585551
Bulk 83,0.22506315391094864,0.19135382591657812,0.04250109464494468,0.33734048344059514,0.2037414420869334
Bulk 84,0.03354110479713977,0.11113046151328757,0.16967821583979512,0.47100128280779757,0.21464893504197988
Bulk 85,0.0,0.2770450275071754,0.054066064062637934,0.3618580777700653,0.3070308306601214
Bulk 86,0.1752211611575433,0.2015133797703427,0.03880974196318217,0.322268121089536,0.26218759601939573
Bulk 87,0.3417815335561509,0.20812011186186608,0.014896289025356857,0.1792479766811553,0.2559540888754709
Bulk 88,0.10066350769267378,0.21408512955628228,0.04411116210576444,0.38390167617753984,0.25723852446773965
Bulk 89,0.1389235581811966,0.25760513691785225,0.017700153312008308,0.29708123619537524,0.2886899153935676
Bulk 90,0.02200533759607386,0.164474442511163,0.1428543019983758,0.4372369954927903,0.23342892240159693
Bulk 91,0.3257472194651491,0.13639193666655183,0.06886095123639746,0.21462552284123032,0.2543743697906713
Bulk 92,0.728912825964834,0.0,0.0,0.06342951281188938,0.20765766122327664
Bulk 93,0.20417444729038456,0.08208906702564746,0.18529053262223413,0.4506739001283215,0.07777205293341233
Bulk 94,0.1476391965596673,0.19108242757388763,0.05215004807982218,0.3736216008837486,0.23550672690287436
Bulk 95,0.3417953239133362,0.04778160545378211,0.0,0.5587897369926913,0.05163333364019039
Bulk 96,0.7097225421343656,0.07275120702079267,0.0,0.052506357920927525,0.1650198929239142
Bulk 97,0.5808064070711858,0.07481775603506083,0.0,0.09638212090839933,0.247993715985354
Bulk 98,0.40955641454555597,0.0,0.3555325036008193,0.23491108185362466,0.0
Bulk 99,0.10351071328053983,0.19800326201459126,0.0873545745749799,0.3699180104585094,0.24121343967137965
Bulk 100,0.2148281989253267,0.1595831934916625,0.18688196180317176,0.36933131137169056,0.06937533440814853
Bulk 101,0.5718419038037253,0.05990208264894914,0.0,0.16232734750553446,0.20592866604179103
Bulk 102,0.2792323552672078,0.07892621817834376,0.10886881555004131,0.4864960888494367,0.046476522154970445
Bulk 103,0.07596101957078948,0.20410718629088392,0.15945373448020905,0.2964668859598028,0.2640111736983148
Bulk 104,0.10674962540677245,0.1515428501655924,0.10366118644327582,0.3684087773757704,0.2696375606085889
Bulk 105,0.2017790005187306,0.2188473498739258,0.10490765130298911,0.31321958481973816,0.16124641348461632
Bulk 106,0.3600008650507719,0.08824983982600457,0.0,0.2033828690450182,0.3483664260782054
Bulk 107,0.33378401652581186,0.0,0.0396819080257143,0.3737134335180022,0.25282064193047166
Bulk 108,0.27929147452345926,0.0,0.13816990085697053,0.49420153473259365,0.08833708988697647
Bulk 109,0.10007634689728087,0.17626147511355134,0.12590027414694108,0.3808967987675245,0.21686510507470216
Bulk 110,0.6937004471111209,0.0,0.17246840493348906,0.13383114795538997,0.0
Bulk 111,0.8091928555940364,0.008741475756567868,0.0,0.085813368611272,0.09625230003812384
Bulk 112,0.4890570412239881,0.0042981921704251524,0.1908329050325543,0.27656220501766204,0.03924965655537043
Bulk 113,0.32901338934555224,0.12069374816952443,0.1890155706216939,0.3114447071630386,0.049832584700190814
Bulk 114,0.19518168401956992,0.180117821079779,0.11000384271111543,0.31398734548713264,0.20070930670240303
Bulk 115,0.6607952854110808,0.0,0.0,0.1021619747927509,0.23704273979616847
Bulk 116,0.2860588810034349,0.13230599283891947,0.0,0.4106630828179008,0.17097204333974483
Bulk 117,0.2005678531038124,0.18261458873610945,0.01360118967833053,0.33815678127163823,0.26505958721010936
Bulk 118,0.15100231162836386,0.20623613535812446,0.0,0.3204137582007972,0.3223477948127146
Bulk 119,0.2270847237685547,0.17689894195404332,0.07164152751970944,0.23891152089373868,0.2854632858639539
Bulk 120,0.2387406170075867,0.22652735261628126,0.002361721017730039,0.19995370473554053,0.3324166046228615
Bulk 121,0.262717043046272,0.1615747696079655,0.007792037734060671,0.33146806955120034,0.23644808006050158
Bulk 122,0.7304919408074839,0.08503788000523622,0.006966531364479325,0.0,0.1775036478228004
Bulk 123,0.2999712589462783,0.1779553174395841,0.06578437572165219,0.2918545514103994,0.16443449648208605
Bulk 124,0.37425998167068797,0.10092223971722238,0.0,0.292123207975215,0.23269457063687474
Bulk 125,0.270405606149877,0.17392005023011406,0.21242249258590945,0.21938001608430102,0.12387183494979845
Bulk 126,0.04064855870554866,0.10635110940696986,0.16120670001747048,0.5397572227402285,0.1520364091297825
Bulk 127,0.4198880695888467,0.05307524941614281,0.0,0.24007309325239307,0.2869635877426174
Bulk 128,0.2282017036193412,0.1733352957009933,0.1998879611219522,0.14976184695613362,0.24881319260157977
Bulk 129,0.3746364174782118,0.1397270903941647,0.030567618102463577,0.2331962392408188,0.22187263478434108
Bulk 130,0.17477780867972592,0.18113643083215117,0.17167782791705188,0.2590723540844516,0.21333557848661935
Bulk 131,0.4673796876475504,0.16542813838101134,0.0,0.12627859234778394,0.2409135816236543
Bulk 132,0.7649708038490037,0.03986583069188561,0.0,0.0,0.19516336545911073
Bulk 133,0.8546930170477011,0.0,0.0,0.0,0.14530698295229896
Bulk 134,0.32070975015571973,0.07630916298468139,0.18536947827583963,0.25418250410691917,0.16342910447684014
Bulk 135,0.10213765597625848,0.23639614618495658,0.13079928042236502,0.255577304662478,0.27508961275394195
Bulk 136,0.19732149389486064,0.23723700389689104,0.10632701672215396,0.1994299607990029,0.25968452468709147
Bulk 137,0.384121891784402,0.09443076334788052,0.0,0.19346316217287984,0.32798418269483764
Bulk 138,0.2611330924124407,0.0899790796457405,0.12103417656150807,0.33827287558169983,0.18958077579861093
Bulk 139,0.5971074444532347,0.04292810742087405,0.12856889202377855,0.17388105286423045,0.05751450323788229
Bulk 140,0.5547698025600694,0.11272756306379408,0.0,0.09745180970813377,0.23505082466800273
Bulk 141,0.14145553214050538,0.20059234102181586,0.0714998573793214,0.32174317331047275,0.26470909614788457
Bulk 142,0.8288483862272191,0.0,0.0,0.0,0.1711516137727809
Bulk 143,0.5580485296984558,0.0647053925755047,0.13408573047229141,0.07132187227330307,0.17183847498044502
Bulk 144,0.33849762401465483,0.09414266482360377,0.0,0.2563588533427757,0.3110008578189657
Bulk 145,0.5368798040916488,0.07427512597833362,0.0,0.16127275808449976,0.2275723118455178
Bulk 146,0.4562348190527831,0.0,0.0652749825677168,0.47849019837950013,0.0
Bulk 147,0.14141284460303793,0.1933385851677896,0.10869738186390426,0.46081656223470224,0.0957346261305661
Bulk 148,0.4305792266634336,0.11988283774928106,0.14074703547113485,0.22116369740877034,0.08762720270738016
Bulk 149,0.20951216856704344,0.0,0.044735728689867256,0.5445002104617257,0.20125189228136353
Bulk 150,0.10498801172079883,0.18062097255540904,0.0707721226521678,0.4739258210633736,0.16969307200825076
Bulk 151,0.40588182798912353,0.1196547056759273,0.09435115179119143,0.21784012679916384,0.1622721877445939
Bulk 152,0.46223062414733523,0.15609161175057426,0.0,0.16801107365463788,0.21366669044745265
Bulk 153,0.44895545769798373,0.13215740557864158,0.0,0.19272247561016267,0.22616466111321196
Bulk 154,0.14140870525966817,0.14816291342950233,0.07929260348083808,0.40743138114959815,0.22370439668039335
Bulk 155,0.19026561019037652,0.0,0.15957464138887148,0.49370987324035676,0.15644987518039521
Bulk 156,0.7254088306389236,0.04396520975452328,0.0,0.0,0.2306259596065532
Bulk 157,0.3030547764265433,0.03428385344307859,0.13478945983679028,0.34198825324957405,0.1858836570440137
Bulk 158,0.3963379002825268,0.09314234068101447,0.034539160386714965,0.3494471540331124,0.1265334446166314
Bulk 159,0.6062119897213384,0.0026103374692322016,0.0,0.3637656882361599,0.02741198457326954
Bulk 160,0.3741557112787076,0.2334157719272677,0.0,0.12547330709883228,0.2669552096951923
Bulk 161,0.16738458474715626,0.17508644369216206,0.24208848367669802,0.31018086634297765,0.10525962154100603
Bulk 162,0.26681391267703364,0.1926992554807384,0.0,0.20707156090429557,0.33341527093793233
Bulk 163,0.6208187107901814,0.004194017908098659,0.0,0.08336516411140513,0.29162210719031495
Bulk 164,0.3974964195231189,0.09283046305268829,0.057131216931191386,0.30697983916794297,0.14556206132505847
Bulk 165,0.23680976784178423,0.14856266660223005,0.19830478061175924,0.20070294841803268,0.21561983652619376
Bulk 166,0.6749414725109569,0.07373804374528936,0.0,0.19953294264545526,0.051787541098298466
Bulk 167,0.1931891131284778,0.15120439320295884,0.2547233441820307,0.18353612770888225,0.2173470217776504
Bulk 168,0.22664997105740442,0.07024933785330312,0.15603548434433578,0.5097844363241172,0.0372807704208395
Bulk 169,0.41906512588314976,0.15582133083248692,0.0,0.06529530003056308,0.3598182432538003
Bulk 170,0.09031254029135963,0.2719503601721323,0.14072917814483554,0.14054788898106205,0.3564600324106104
Bulk 171,0.03367705459547077,0.2922986226338838,0.025944379905203385,0.30100325330133404,0.34707668956410803
Bulk 172,0.12165911190348676,0.2534076805125017,0.0,0.25907574335555955,0.365857464228452
Bulk 173,0.49654473266200494,0.19193798837922194,0.0,0.07733806166986892,0.2341792172889042
Bulk 174,0.588137917248871,0.06359179707779729,0.015240827472954993,0.13489453179299252,0.19813492640738412
Bulk 175,0.21339513999881685,0.07918252211675009,0.2409251289628097,0.3765320404037733,0.08996516851785001
Bulk 176,0.05397026553744797,0.10433332217304467,0.13250621526631942,0.4966686613699109,0.21252153565327703
Bulk 177,0.28223763416055664,0.0,0.37905103953500363,0.2643385707491047,0.0743727555553349
Bulk 178,0.31585079173462804,0.15943188831389538,0.0,0.28018829164122655,0.24452902831025
Bulk 179,0.2980483337518158,0.19961867248399712,0.0,0.20163065664977003,0.3007023371144171
Bulk 180,0.24100465685995331,0.12812677309969403,0.03941250967924539,0.3275403595116991,0.2639157008494083
Bulk 181,0.46170335878823693,0.06276145039369023,0.0,0.2451802733047634,0.23035491751330936
Bulk 182,0.181778778856278,0.14941382717832644,0.0,0.4451219579025175,0.22368543606287816
Bulk 183,0.37485215444039616,0.17007109326071326,0.0,0.0974958839709133,0.3575808683279773
Bulk 184,0.13925598913215026,0.22883532590975247,0.13758938449553232,0.2923569098744475,0.20196239058811738
Bulk 185,0.25872180261757793,0.0608091248940095,0.21567414088345285,0.37529786693485423,0.08949706467010553
Bulk 186,0.19967109293071675,0.1293465470739537,0.30040823434844904,0.3025221888696494,0.06805193677723116
Bulk 187,0.45110308902652335,0.12312101883714396,0.0,0.20500468856884402,0.2207712035674887
Bulk 188,0.2894667650050576,0.23371949733469544,0.023406529364208232,0.25654913546216795,0.1968580728338708
Bulk 189,0.2908062992618067,0.1875132860631012,0.0760291311754597,0.21420414689790088,0.23144713660173147
Bulk 190,0.3194261957640793,0.25965102582236155,0.0,0.17151911282761295,0.24940366558594612
Bulk 191,0.5891605437724872,0.05660311149273811,0.13560602417792128,0.21863032055685347,0.0
Bulk 192,0.4924817086491827,0.1200639324814726,0.0,0.29653584511997455,0.09091851374937016
Bulk 193,0.6808360591390873,0.11596324735536907,0.017159397588650052,0.05859175810550093,0.1274495378113926
Bulk 194,0.6352952451751979,0.08155021205815197,0.0,0.0752422767073256,0.20791226605932447
Bulk 195,0.15528935108764608,0.21938452897994845,0.08772841771885881,0.14927814956522342,0.38831955264832335
Bulk 196,0.31776697886837946,0.1399750050184451,0.06703302524220595,0.24441937981002634,0.23080561106094327
Bulk 197,0.26483876626361447,0.11501088022180857,0.10596679552550976,0.3113388802697852,0.20284467771928208
Bulk 198,0.6096830410784243,0.10407772977384344,0.08663003487858739,0.04383327931852536,0.1557759149506196
Bulk 199,0.33727611079678077,0.16221204793936722,0.0,0.1864340050066327,0.31407783625721936
Bulk 200,0.06349496442157937,0.24127899610660938,0.1397050934722204,0.3142919600618414,0.2412289859377495
Bulk 201,0.1942455495173804,0.22797164234906317,0.04828644168193999,0.31472990864740397,0.21476645780421255
Bulk 202,0.19456722835923074,0.17547397798034037,0.058255745573613724,0.35692511420415135,0.21477793388266397
Bulk 203,0.6632032678185669,0.046215656381287676,0.0,0.05994310009725305,0.23063797570289252
Bulk 204,0.735773900687484,0.011719554003196755,0.0,0.0,0.25250654530931915
Bulk 205,0.2502871283747174,0.199821352697299,0.029668155416073167,0.24796285473908278,0.2722605087728277
Bulk 206,0.5484812151426579,0.08032642352938785,0.10467454389033781,0.13895336758062138,0.127564449856995
Bulk 207,0.09675686059498491,0.1881543583234896,0.1207707739958148,0.2861863077528115,0.30813169933289913
Bulk 208,0.21025157802944558,0.22040298023276916,0.036325972850226707,0.317876527843512,0.21514294104404652
Bulk 209,0.2531176235292797,0.1277338547701497,0.17305568752400485,0.22850157754637992,0.2175912566301858
Bulk 210,0.6077146395650191,0.1477621129966191,0.0,0.0,0.2445232474383617
Bulk 211,0.0576666864867033,0.2607544408981961,0.07598247696336768,0.3209452962227479,0.2846510994289849
Bulk 212,0.4231805865770122,0.21192526800859252,0.03253984425020297,0.12005644283253085,0.21229785833166132
Bulk 213,0.45214868440219264,0.08678405873042812,0.0,0.2311446833356461,0.22992257353173307
Bulk 214,0.40185556492527125,0.18710916947092116,0.04895151026909383,0.17700511938756952,0.1850786359471442
Bulk 215,0.35816420781544267,0.07537937653475946,0.0,0.3380262928097295,0.2284301228400684
Bulk 216,0.10476017283575755,0.16105743001655945,0.07678075258256413,0.40507341409780506,0.2523282304673137
Bulk 217,0.45026614138500237,0.1373843839264647,0.0,0.15589349426858984,0.25645598041994305
Bulk 218,0.15479817741536683,0.02600265297385415,0.19112273368888058,0.46745009983611513,0.16062633608578333
Bulk 219,0.5861225202871602,0.14117078300053137,0.07908603483834192,0.014718617903220307,0.17890204397074616
Bulk 220,0.32459164437276267,0.13678461146586293,0.10373828448641641,0.20652991367335094,0.22835554600160707
Bulk 221,0.25480462597451276,0.1875675896040323,0.06524558514362185,0.2589176753755062,0.23346452390232686
Bulk 222,0.07299271843857648,0.18309297415580517,0.17759700937544154,0.29667879329552316,0.2696385047346537
Bulk 223,0.28369036706239187,0.16190400758473633,0.21566849356021653,0.18053843503089828,0.158198696761757
Bulk 224,0.5770892693272215,0.05492807317269812,0.0,0.2199052147402348,0.14807744275984552
Bulk 225,0.46852283494870234,0.03826797014348345,0.2909293015464657,0.20227989336134844,0.0
Bulk 226,0.37559829206957696,0.07960682073531217,0.158733200902706,0.258655380127724,0.1274063061646809
Bulk 227,0.3252121073130734,0.19571997534057392,0.0,0.20598401277763062,0.2730839045687221
Bulk 228,0.14418749212360768,0.27250012119138445,0.08939637472534352,0.21610389186947623,0.2778121200901881
Bulk 229,0.41337652378341316,0.14739840729940842,0.0,0.19431351165343258,0.24491155726374586
Bulk 230,0.0,0.1866940395037122,0.12986606824488872,0.43953779452904257,0.24390209772235663
Bulk 231,0.5473179926156014,0.18889924105794553,0.0,0.029464973941342218,0.23431779238511088
Bulk 232,0.0,0.1970027658715661,0.06549942736044602,0.4490485941693009,0.2884492125986871
Bulk 233,0.10723619551908317,0.20678563910332984,0.14303543549675524,0.2883669946956101,0.2545757351852215
Bulk 234,0.26647467113031403,0.0775114735244713,0.25135616396112687,0.2481569088907112,0.1565007824933766
Bulk 235,0.4095375573150764,0.12217916821656756,0.0,0.15012949643550774,0.3181537780328484
Bulk 236,0.19897290509513277,0.19963942832595252,0.12548497298894282,0.45978328928185314,0.016119404308118788
Bulk 237,0.5138613404662312,0.12127378190029013,0.0,0.18093278609236965,0.183932091541109
Bulk 238,0.3401434525296543,0.16519209558905215,0.0,0.23150412617261437,0.2631603257086793
Bulk 239,0.10143614967978129,0.19031187426197588,0.12260259912175675,0.41471551251589595,0.1709338644205901
Bulk 240,0.2609792496038011,0.21917934838914185,0.002989809853823778,0.2803777674510308,0.23647382470220243
Bulk 241,0.0283243714062941,0.2734575328203278,0.008640634270217731,0.3553702968296359,0.33420716467352446
Bulk 242,0.6250049669481538,0.11983101912529845,0.024592910426978025,0.008664717822036868,0.22190638567753287
Bulk 243,0.28552746998779316,0.2027565357594342,0.19849669248269047,0.1149348207571024,0.19828448101297985
Bulk 244,0.42100448867485796,0.15804787859681924,0.0,0.11915632547805742,0.3017913072502655
Bulk 245,0.4756995283030721,0.11681628317133327,0.2358177151317762,0.0,0.17166647339381835
Bulk 246,0.31205583280505794,0.09065002830509196,0.078596279626979,0.38072492962402843,0.13797292963884264
Bulk 247,0.6254092957752613,0.09773699281530031,0.0,0.031036618998128866,0.24581709241130947
Bulk 248,0.7023711846783014,0.13403915652204212,0.09745929592870804,0.0,0.06613036287094855
Bulk 249,0.7206581576321524,0.01750503803564567,0.0,0.0,0.26183680433220197
Bulk 250,0.753258239061076,0.016442040096484933,0.0781308191436242,0.0,0.15216890169881472
Bulk 251,0.18917155272781616,0.26708564932086126,0.04793510382493016,0.201110874119548,0.2946968200068444
Bulk 252,0.6226433465737116,0.06159348771254476,0.0,0.0015116537877704079,0.31425151192597334
Bulk 253,0.31991012903640903,0.2052548641110172,0.14426995646497368,0.12165467088722318,0.20891037950037697
Bulk 254,0.47963980003427126,0.02710896174268085,0.061603347974021824,0.19377079145046008,0.23787709879856594
Bulk 255,0.22612906414675119,0.19893000406699118,0.0751994639842805,0.29247115730924217,0.20727031049273492
Bulk 256,0.17349935838620842,0.1660000161900698,0.04603399477243407,0.44104236333493607,0.1734242673163517
Bulk 257,0.1659085212214136,0.256539587641715,0.0,0.3216369334778156,0.25591495765905586
Bulk 258,0.3732541720035032,0.24100645919091898,0.0,0.055958323041392866,0.3297810457641849
Bulk 259,0.21116298535819192,0.23500563320206339,0.15113618004922486,0.1555995211689049,0.2470956802216149
Bulk 260,0.30573309495934986,0.09031906111732683,0.13999517087397997,0.41581892053395036,0.04813375251539296
Bulk 261,0.14721616398638962,0.1718222266240239,0.07038690424522653,0.2982656224414371,0.31230908270292285
Bulk 262,0.0958617963324961,0.22398628796301823,0.03379351785410806,0.2943236107046021,0.35203478714577535
Bulk 263,0.3211784122051924,0.14443313990144835,0.06222947298163406,0.25774492398499815,0.21441405092672705
Bulk 264,0.37108406322583415,0.10235665667292748,0.04938819600265081,0.3590217219707716,0.11814936212781603
Bulk 265,0.05096150073116267,0.27141042612922506,0.05019395566936313,0.36251722319761676,0.2649168942726325
Bulk 266,0.5496297620124821,0.060414500366257534,0.07129785637793855,0.21036626317162663,0.10829161807169511
Bulk 267,0.2404240247791473,0.22083854655162943,0.05365422701317042,0.24628675457747684,0.238796447078576
Bulk 268,0.29387218542541665,0.20736171417965507,0.0,0.22427876128603513,0.2744873391088931
Bulk 269,0.5003029266120522,0.11522561606871037,0.0,0.0730135899356238,0.3114578673836136
Bulk 270,0.45075297220175115,0.15313230241201295,0.0,0.048250217750601926,0.34786450763563403
Bulk 271,0.17528299675486758,0.2710129634664084,0.08618381911966518,0.2395594727222875,0.22796074793677126
Bulk 272,0.16753836297106056,0.25724369799637065,0.08495185342260776,0.25330915065366705,0.236956934956294
Bulk 273,0.40156184110825494,0.006494524433671804,0.2580373609534936,0.3155726277865995,0.018333645717980095
Bulk 274,0.3387047595714185,0.18569882469484458,0.0,0.2501239943661843,0.2254724213675526
Bulk 275,0.09814554214206549,0.07953519826705785,0.10334715491760417,0.42992004991125765,0.28905205476201484
Bulk 276,0.5836139256770816,0.0,0.04359544917607641,0.16987240913207316,0.2029182160147689
Bulk 277,0.5562227158854133,0.07329246546272955,0.18041824548014987,0.06345326941812529,0.12661330375358182
Bulk 278,0.13576228405920887,0.22440571048269858,0.04789348757823632,0.33672076926757133,0.25521774861228486
Bulk 279,0.22952697324446888,0.21620042513762322,0.10932577231227515,0.24278191205306623,0.2021649172525665
Bulk 280,0.3370231961854055,0.1763682346038983,0.08643553270831046,0.2362221137438044,0.16395092275858122
Bulk 281,0.8232926217597087,0.05269346672771531,0.0,0.028245886438340168,0.09576802507423589
Bulk 282,0.3942753231660557,0.18612524711029513,0.0,0.22192034905039684,0.19767908067325227
Bulk 283,0.47258855983993714,0.12266318730208159,0.11164959636479312,0.08304370163339915,0.2100549548597891
Bulk 284,0.6648814069559436,0.04770659927708714,0.07231971594624008,0.0,0.2150922778207291
Bulk 285,0.5509203392674497,0.09284510911368793,0.0,0.20653229322848504,0.14970225839037726
Bulk 286,0.16815555698848636,0.15825473113716493,0.181767504452357,0.19565645768721984,0.29616574973477167
Bulk 287,0.0,0.17483085533170972,0.18506368347686342,0.30295278110346413,0.3371526800879627
Bulk 288,0.3154521935889735,0.121100041868035,0.19264886602141748,0.23459312588013284,0.13620577264144107
Bulk 289,0.7794332943928828,0.028797556698134698,0.0,0.04090426060353059,0.15086488830545197
Bulk 290,0.2334183911403604,0.3138691026510268,0.0,0.09105711758853499,0.36165538862007784
Bulk 291,0.8227058163796666,0.05354221343506579,0.0,0.0,0.12375197018526755
Bulk 292,0.14309068575441106,0.0847146366734656,0.29102330528597253,0.41681075571530857,0.06436061657084206
Bulk 293,0.2995645339395663,0.1837077403068752,0.015504922922914286,0.2794603099772676,0.22176249285337654
Bulk 294,0.5020245465901387,0.1334437079577406,0.0,0.11223906855350528,0.25229267689861534
Bulk 295,0.4736625203582762,0.1435087820849861,0.014034447465657239,0.21050888348261773,0.15828536660846274
Bulk 296,0.6863871809013194,0.0572225740909105,0.0,0.0,0.2563902450077701
Bulk 297,0.7198480949965014,0.07435200774528929,0.0,0.09293634040030288,0.11286355685790639
Bulk 298,0.28895746607286465,0.10733401074583819,0.18600790177698295,0.31959575833110626,0.09810486307320788
Bulk 299,0.7426087138366614,0.09427201937151344,0.0,0.0,0.1631192667918252
Bulk 300,0.0,0.23624345793069262,0.1252360222953054,0.3400802655231547,0.29844025425084714
Bulk 301,0.23802176499737882,0.15606092257973184,0.0,0.3636530306835917,0.2422642817392976
Bulk 302,0.13156028672768408,0.21185332818971167,0.05625595240698098,0.4122398047930434,0.18809062788257994
Bulk 303,0.29977568449981706,0.23326282594349165,0.060729374999248485,0.13696270145622833,0.26926941310121444
Bulk 304,0.2742138756303096,0.20244986915365829,0.10479411200101203,0.09754069844448628,0.32100144477053383
Bulk 305,0.4927251270662626,0.12125839764809922,0.010638327932115818,0.13212051778433234,0.2432576295691901
Bulk 306,0.578536013868896,0.12744097589763237,0.1863398364668764,0.09504309118584289,0.012640082580752297
Bulk 307,0.3775835847750028,0.15280245430520392,0.052696102615333064,0.22570092850507248,0.19121692979938779
Bulk 308,0.4502641146650478,0.1244862628612148,0.0,0.16844148252934077,0.2568081399443966
Bulk 309,0.5165749053436656,0.1734321866611191,0.0,0.026875914709767742,0.2831169932854475
Bulk 310,0.1764567884820352,0.20016527659101935,0.12035242945292916,0.27521290993892567,0.2278125955350906
Bulk 311,0.2327024868074639,0.19511384155368777,0.200704221814614,0.32351845547653696,0.0479609943476973
Bulk 312,0.3817176485901934,0.23187592661918055,0.0,0.043573084701766726,0.3428333400888593
Bulk 313,0.500340058931868,0.02978596478276621,0.09415743617625236,0.20627604276658415,0.1694404973425294
Bulk 314,0.3707629295185041,0.2453884541205209,0.0,0.11804480808788193,0.26580380827309297
Bulk 315,0.4729794049747752,0.13147305403689705,0.14179404307256518,0.05996031939718848,0.19379317851857425
Bulk 316,0.31861554745353443,0.18486220401559458,0.2657162293201128,0.05009279532257133,0.18071322388818697
Bulk 317,0.3958377404519736,0.16523901384151415,0.0,0.126985634391292,0.3119376113152202
Bulk 318,0.3113952149012766,0.2917921984738298,0.052364732248080366,0.07283040595975201,0.2716174484170612
Bulk 319,0.28065454207427026,0.2671047924495,0.021424900153421803,0.2930261971267696,0.13778956819603838
Bulk 320,0.4800125671817908,0.13783435721653592,0.19384063810651045,0.03348284591862077,0.15482959157654205
Bulk 321,0.33132239413950787,0.28727054523777623,0.0,0.10866177242556262,0.2727452881971534
Bulk 322,0.38505208822511083,0.1567546585135816,0.0,0.2098048138171093,0.24838843944419822
Bulk 323,0.22289787919555193,0.24516050611041396,0.27387684623408165,0.12024608592920358,0.1378186825307488
Bulk 324,0.2695238269063576,0.23151071332856107,0.13740868070127596,0.10899167719272196,0.25256510187108344
Bulk 325,0.1673011243157032,0.1338367786091179,0.35441045833519635,0.1803973721198588,0.1640542666201238
Bulk 326,0.0864700357479555,0.19631951945275616,0.31915532047103495,0.21820086827331578,0.17985425605493757
Bulk 327,0.22792146182471898,0.1416226669699049,0.12849059054167927,0.3193999548324298,0.18256532583126708
Bulk 328,0.44860316234714603,0.1897990513956938,0.0,0.1642634955897222,0.19733429066743788
Bulk 329,0.5881189008384645,0.1310941951245398,0.09286650420372979,0.047797205210913726,0.14012319462235212
Bulk 330,0.3310576794909969,0.24430821158429816,0.0,0.06289905248419812,0.3617350564405069
Bulk 331,0.27191332033666155,0.15498800694870463,0.1031155397854501,0.2511567375340711,0.2188263953951126
Bulk 332,0.17691887670664716,0.3198667527570895,0.028099534884113226,0.16891788471161964,0.30619695094053034
Bulk 333,0.5562166613251539,0.12571968782595289,0.12595371787692783,0.011584654522258963,0.18052527844970653
Bulk 334,0.14826943122975178,0.036948785278405415,0.03132534917799133,0.5807691079672478,0.2026873263466037
Bulk 335,0.4602940029310405,0.09550492820724993,0.03800406947083377,0.1400588397635172,0.2661381596273587
Bulk 336,0.49081175395617516,0.18290678076632472,0.0,0.017732821620131598,0.3085486436573685
Bulk 337,0.11276096404634395,0.25185647099101877,0.08221495886121168,0.265911983422005,0.28725562267942056
Bulk 338,0.4082813548777375,0.16098482015736865,0.022762303503915022,0.30265100931226274,0.10532051214871611
Bulk 339,0.5552431384699783,0.09960536756671044,0.14947962238127685,0.0,0.19567187158203442
Bulk 340,0.06668615713582526,0.1708240422871573,0.27560162130761423,0.25188142638348027,0.23500675288592296
Bulk 341,0.24799901115410247,0.16441091954166334,0.12676137938914883,0.28230312386757506,0.1785255660475103
Bulk 342,0.0,0.19486713130286587,0.1477993074819177,0.34509703524639956,0.31223652596881685
Bulk 343,0.34264084965713487,0.18443235224581983,0.0,0.21106989817800592,0.26185689991903943
Bulk 344,0.32967447848849873,0.1881088064443182,0.009188648772137662,0.24066646375609752,0.23236160253894783
Bulk 345,0.6606756975272103,0.06263673830729373,0.032492058923162946,0.0,0.24419550524233294
Bulk 346,0.19434841568655026,0.18483109586701998,0.07423608858843947,0.2946056942872969,0.25197870557069335
Bulk 347,0.5550883563862661,0.20305152856916753,0.0,0.08250911071630024,0.15935100432826618
Bulk 348,0.4510299992647106,0.1155878659454385,0.0,0.17181644450600608,0.26156569028384474
Bulk 349,0.19228290368486978,0.14645765516624684,0.1607697648184226,0.22374351520586458,0.27674616112459616
Bulk 350,0.20005581824488794,0.26194377914227246,0.17524863531484908,0.04552198387482796,0.31722978342316255
Bulk 351,1.0,0.0,0.0,0.0,0.0
Bulk 352,0.0,0.0,0.35609560423913456,0.6439043957608653,0.0
Bulk 353,0.30346341657323234,0.2944766041293114,0.013996724505596095,0.10402189196359617,0.28404136282826387
Bulk 354,0.34708025094606765,0.18836521334292333,0.15686175228384436,0.05978054863043941,0.24791223479672536
Bulk 355,0.7593205112295378,0.02005826079924125,0.0,0.11040832502104904,0.11021290295017203
Bulk 356,0.21249898052568678,0.11286956379299862,0.23289466690154564,0.23015717972883293,0.21157960905093595
Bulk 357,0.22958424452937315,0.2659468599243701,0.3065661099027443,0.04837773958828762,0.14952504605522485
Bulk 358,0.3124285033516622,0.1823879024564888,0.0,0.19134578033026645,0.31383781386158255
Bulk 359,0.17547489644001343,0.12269568024882856,0.07946383856018906,0.3420760453487794,0.2802895394021897
Bulk 360,0.43197895085338245,0.07363322447201014,0.00902936214604239,0.14327844275603982,0.3420800197725251
Bulk 361,0.770638837313453,0.04870041225882234,0.0,0.0,0.1806607504277246
Bulk 362,0.34807056620578125,0.1588231671406782,0.0,0.3019487420857774,0.19115752456776328
Bulk 363,0.16937510823218416,0.1952512252667142,0.1546103986445962,0.32434240056674457,0.15642086728976087
Bulk 364,0.009786961671250599,0.19698775750772232,0.14321040474797606,0.3507506955602736,0.2992641805127773
Bulk 365,0.21871755157347328,0.2156077645162256,0.0,0.22623713893413774,0.3394375449761633
Bulk 366,0.19313397952533498,0.14408798356023841,0.08621577413946283,0.3100839613958946,0.2664783013790691
Bulk 367,0.6901930336208905,0.04847937136783688,0.0,0.06711638212049584,0.1942112128907768
Bulk 368,0.2949460679969917,0.29494712751276186,0.0,0.0,0.4101068044902464
Bulk 369,0.3194519339928263,0.1296808106691315,0.0,0.3920577476475592,0.15880950769048297
Bulk 370,0.37732664287842865,0.08507183789159913,0.14394432377876695,0.31821326581420517,0.07544392963700003
Bulk 371,0.510338277349646,0.19202031784225052,0.0,0.08822713945240424,0.20941426535569915
Bulk 372,0.46748940281144874,0.1330483181881349,0.056259726133526027,0.113135417094238,0.23006713577265228
Bulk 373,0.0693856162175246,0.1722839261306073,0.1580650698380378,0.37154765085620717,0.22871773695762307
Bulk 374,0.6167167644158508,0.08969306428523627,0.0,0.0,0.29359017129891296
Bulk 375,0.036441229116357825,0.28858253239836545,0.06978053233294537,0.27598997198940384,0.3292057341629275
Bulk 376,0.48927092852285137,0.1974591536534738,0.0,0.02124588141745229,0.29202403640622243
Bulk 377,0.14353059735529564,0.1992225597931954,0.17918838836445705,0.2253089685298145,0.2527494859572375
Bulk 378,0.21213916665155003,0.34949147604599223,0.0049760143384812786,0.08323160841488644,0.35016173454909016
Bulk 379,0.14086329597340258,0.17910113937854183,0.058376356316593596,0.23532562729349268,0.38633358103796933
Bulk 380,0.47675489257825604,0.11302942033589729,0.14925749721811432,0.07373346433071463,0.1872247255370176
Bulk 381,0.5217505171538551,0.08956205932682061,0.14466582790110039,0.027858582245648217,0.21616301337257562
Bulk 382,0.23277003314933664,0.19803013347849102,0.11041221522090074,0.2495996990552847,0.20918791909598689
Bulk 383,0.38185145716333924,0.154307019131721,0.017070953842350297,0.22056988659931714,0.2262006832632724
Bulk 384,0.24670192931707863,0.25007694730616287,0.0,0.14895980201620668,0.35426132136055183
Bulk 385,0.19390063699215218,0.2162096668305121,0.023726308278128116,0.2879494992246899,0.2782138886745178
Bulk 386,0.2877349521098792,0.1982193278892855,0.08328553746920399,0.19586174241746365,0.23489844011416755
Bulk 387,0.32223594420852947,0.0951110590060648,0.22555128925177165,0.24841092746678092,0.10869078006685326
Bulk 388,0.5908734364094638,0.14938480048978303,0.0,0.03056687505453904,0.22917488804621422
Bulk 389,0.34343032407231233,0.13797498021039814,0.05781401234951631,0.31629070986385316,0.1444899735039201
Bulk 390,0.24784605482156175,0.11785802710638368,0.11605627139772054,0.3668281816124749,0.1514114650618592
Bulk 391,0.18479501502857737,0.15081882895000348,0.0,0.3780946733649304,0.28629148265648874
Bulk 392,0.365274051175449,0.23059115551259546,0.01812791831210009,0.19328671001426614,0.1927201649855894
Bulk 393,0.03993535418536712,0.1573705734698871,0.12795796594012196,0.2560066513218386,0.41872945508278536
Bulk 394,0.34042936099661364,0.14144327481670133,0.01598203279407042,0.3191419104966272,0.18300342089598726
Bulk 395,0.35699855508688116,0.17334976633529434,0.05628065939208631,0.15426162176385563,0.25910939742188255
Bulk 396,0.20567266501295733,0.16928392835072684,0.11525139460862122,0.3289568166868354,0.18083519534085923
Bulk 397,0.4858869265846993,0.10204814670140117,0.14836973627470545,0.13488209497408848,0.1288130954651057
Bulk 398,0.6406702104455222,0.07774173053635841,0.0,0.0,0.2815880590181193
Bulk 399,0.5994913634869813,0.12635118020327946,0.0,0.14830225924874374,0.12585519706099557
Bulk 400,0.43141877876529566,0.13818627105212622,0.03512292465937028,0.16574753562637104,0.22952448989683674
