,Ast,End,Mic,Neu,Oli
Bulk 0,0.24029099129885365,0.002549904038448279,0.18344323760536632,0.5737158670573318,0.0
Bulk 1,0.5110576193890914,0.07716547089051798,0.0,0.2417951038781324,0.16998180584225822
Bulk 2,0.07664157019202794,0.14778788903474682,0.11541152671744027,0.4421028439866877,0.21805617006909733
Bulk 3,0.08390300226586342,0.2224232187640757,0.06312462757094836,0.3411168719778871,0.28943227942122546
Bulk 4,0.4369393131051621,0.15940053101194945,0.0,0.22614700378961897,0.1775131520932695
Bulk 5,0.25659680476561003,0.14895265762310045,0.08024710101709219,0.3259234482902816,0.18827998830391574
Bulk 6,0.3899093098339736,0.11261075769371526,0.24726642736664806,0.10591199286023335,0.14430151224542986
Bulk 7,0.4112026622607926,0.07162388188700196,0.0,0.3329274082499943,0.1842460476022113
Bulk 8,0.348988197612104,0.1245039830816715,0.0,0.2838061263858536,0.24270169292037092
Bulk 9,0.6282906895816703,0.08835179047371952,0.0,0.0,0.28335751994461006
Bulk 10,0.03755281973515786,0.20606131764170446,0.027755635496119983,0.4546111971582411,0.2740190299687766
Bulk 11,0.16011361325227,0.24007480003098378,0.0,0.26310614085743855,0.3367054458593077
Bulk 12,0.3284299487437622,0.1538142463072278,0.0,0.21575646086010744,0.3019993440889026
Bulk 13,0.047071015470823714,0.2698283047379821,0.11438143587719292,0.3536324962135898,0.21508674770041153
Bulk 14,0.6288149240815879,0.07432740205971616,0.0,0.0,0.29685767385869594
Bulk 15,0.5395112381454182,0.10406892814065366,0.0,0.1605033394853538,0.19591649422857435
Bulk 16,0.19558018774332936,0.19368482005274226,0.05231554943308414,0.30682350467125535,0.25159593809958897
Bulk 17,0.7003608285261116,0.038925078800329055,0.0,0.0026619208925822905,0.25805217178097706
Bulk 18,0.5118964535086628,0.0680091846010699,0.005945647506989274,0.21264798669319063,0.2015007276900873
Bulk 19,0.26578406197895416,0.12637829935603334,0.05406721522341359,0.39227883151213894,0.16149159192945997
Bulk 20,0.06420795141500826,0.11199204900967256,0.05991571526974713,0.5138350955907122,0.25004918871486
Bulk 21,0.11327186226980814,0.15591429163015957,0.15793161064251596,0.3200584213855556,0.2528238140719608
Bulk 22,0.0,0.03771507685966434,0.17073892952554914,0.5988928282889894,0.1926531653257973
Bulk 23,0.0587583161489516,0.23400980914936087,0.07340953916367939,0.3514451846231745,0.2823771509148336
Bulk 24,0.62214801567569,0.03767402727909136,0.0,0.1931507550142364,0.1470272020309823
Bulk 25,0.04269445127842938,0.1739446618804747,0.11916698232477405,0.4841634000807914,0.18003050443553048
Bulk 26,0.26867957151677346,0.164988252814405,0.0,0.29407643885495705,0.2722557368138644
Bulk 27,0.39163266583274986,0.124827767081686,0.01741509569934346,0.2822755494459789,0.18384892194024174
Bulk 28,0.19849618246085743,0.19382304317597485,0.0,0.3387915032462204,0.2688892711169472
Bulk 29,0.36881968523107067,0.0,0.1721676601433502,0.33553053578583625,0.12348211883974294
Bulk 30,0.331259644401419,0.21267318257473544,0.007029141477728751,0.23736657393981,0.21167145760630676
Bulk 31,0.49451521619821415,0.12003765905869068,0.027112142250973803,0.20273715125274752,0.15559783123937396
Bulk 32,0.19229256115500887,0.06759269867897551,0.11299420936874176,0.35082832355757326,0.27629220723970066
Bulk 33,0.1485176525080286,0.11887460601885923,0.14600080856118972,0.44497653253627273,0.14163040037564958
Bulk 34,0.3116100149882714,0.17939327496305657,0.0,0.30973783380202946,0.19925887624664262
Bulk 35,0.6580356406437585,0.0,0.19617072058032217,0.14579363877591928,0.0
Bulk 36,0.3857647377573369,0.10374986683047718,0.10281614162022204,0.21823286981328877,0.1894363839786751
Bulk 37,0.3241150954777558,0.11377297943576035,0.12036573480248669,0.2514420235341393,0.19030416674985795
Bulk 38,0.3929327496999624,0.12164600176792754,0.0,0.2511516343535196,0.23426961417859044
Bulk 39,0.25664648944104185,0.16448046266624597,0.0,0.3590270263858895,0.21984602150682273
Bulk 40,0.36322666614291843,0.18827240597946743,0.09010763346166185,0.17458596393206882,0.18380733048388345
Bulk 41,0.2627081968494372,0.1717646282008037,0.22899237017130228,0.16046180087273954,0.17607300390571715
Bulk 42,0.38439873490207005,0.1497025418454343,0.03404257041304492,0.3301995961640827,0.101656556675368
Bulk 43,0.06670796778427833,0.15919064135361893,0.053954262948072894,0.46262744189597965,0.2575196860180503
Bulk 44,0.06153144030264026,0.15434423361263017,0.16673861803783743,0.34955225233395076,0.26783345571294154
Bulk 45,0.5035155205500138,0.12547025888430913,0.18826900060933596,0.07332488043145793,0.10942033952488346
Bulk 46,0.40286134202058227,0.09759615740190421,0.14549346470387522,0.1767951401798614,0.17725389569377697
Bulk 47,0.6753031479813985,0.0,0.003113413785991802,0.00030397792483002125,0.32127946030777976
Bulk 48,0.5898581424054501,0.07698305267641899,0.0,0.03856954997493547,0.2945892549431954
Bulk 49,0.00922211052802453,0.2345356937125665,0.12093522638912917,0.34226098947260153,0.2930459798976782
Bulk 50,0.49455274506878205,0.10998845162864514,0.0,0.14515164828589833,0.25030715501667444
Bulk 51,0.3521760004856888,0.04697551389953956,0.12904051917431966,0.365176693540906,0.10663127289954596
Bulk 52,0.4450693462563126,0.07275787340557757,0.0,0.2404967931621527,0.24167598717595715
Bulk 53,0.19035246018188723,0.1658793419248341,0.14526777985168837,0.33378935595436876,0.16471106208722142
Bulk 54,0.28159696109521193,0.15385039435981332,0.23500032961207687,0.214562042258923,0.11499027267397487
Bulk 55,0.1760270550371629,0.1610871970537085,0.11304284192811659,0.24526682447265755,0.3045760815083544
Bulk 56,0.35367862933580607,0.08999301673056143,0.1480275167165035,0.1857577755920786,0.2225430616250505
Bulk 57,0.7951022727371583,0.0,0.0,0.0,0.20489772726284172
Bulk 58,0.5067700316453225,0.027731579092329393,0.23414283801723795,0.11642257209487432,0.11493297915023577
Bulk 59,0.2731479403598965,0.07238880178185497,0.18119716404103117,0.2704986855483119,0.20276740826890538
Bulk 60,0.11586319066816098,0.22817936025445215,0.06790728020054417,0.3405687244902984,0.2474814443865443
Bulk 61,0.4771567637078916,0.0,0.11550714137649644,0.16082051477564496,0.24651558013996705
Bulk 62,0.16819641848158862,0.15321436092256444,0.12341364449058069,0.2977417573798281,0.2574338187254383
Bulk 63,0.29178180309967916,0.17168908042125533,0.09458925700337018,0.19900980467581575,0.2429300547998796
Bulk 64,0.12665793461219102,0.0,0.35388713854377335,0.49610335373787084,0.02335157310616489
Bulk 65,0.32324225869011164,0.14951012334575606,0.0675577906529196,0.20935598338760153,0.2503338439236111
Bulk 66,0.28259664211527663,0.15866053003076686,0.10646318917134967,0.32858845019492205,0.12369118848768473
Bulk 67,0.5377771125097487,0.0,0.0,0.28310080650692604,0.17912208098332527
Bulk 68,0.32736416613960345,0.07541377069897773,0.03887483960450941,0.3666223702197691,0.19172485333714034
Bulk 69,0.37602933753909373,0.012646377243541616,0.12837914330130398,0.45691203726501667,0.026033104651043984
Bulk 70,0.02755327399854268,0.17169561876730538,0.14487203411618754,0.3997210881258232,0.2561579849921412
Bulk 71,0.33358492732364664,0.05787936483197719,0.03519398252690255,0.5251740640868885,0.04816766123058505
Bulk 72,0.05245230292723707,0.23654986412597076,0.027177017753934128,0.3712529724482431,0.3125678427446149
Bulk 73,0.2551694422164289,0.19073984343221664,0.0,0.2811637012483192,0.2729270131030353
Bulk 74,0.2874839029978729,0.19307456477523222,0.0848006469393651,0.19374510014310636,0.24089578514442342
Bulk 75,0.38364356621868706,0.1501359969561154,0.13642046802702837,0.25684940955511953,0.07295055924304968
Bulk 76,0.18873282270575867,0.19883294892695258,0.04477354342631505,0.35934467255800406,0.20831601238296962
Bulk 77,0.46310063820471575,0.11422215925653227,0.0,0.09442127519961507,0.32825592733913683
Bulk 78,0.31772589924481703,0.14642345626236303,0.058173120538301634,0.28953570301977155,0.1881418209347469
Bulk 79,0.723459381655506,0.07107820678754961,0.02344378537008464,0.1820186261868596,0.0
Bulk 80,0.3327095480261171,0.17725171817043664,0.03162380980716334,0.1117396288322407,0.34667529516404233
Bulk 81,0.18741881536842248,0.1652262174990886,0.11567763959127213,0.2982640153272726,0.2334133122139442
Bulk 82,0.4861058678313357,0.07695728041231757,0.321474234108484,0.0,0.11546261764786278
Bulk 83,0.17939896823741175,0.19679324890939998,0.05222464993173971,0.3010719442741906,0.2705111886472579
Bulk 84,0.21385684255211784,0.07779903581522103,0.0,0.5425034354967347,0.16584068613592623
Bulk 85,0.32752177321702225,0.15000909245303604,0.10638492551481181,0.2799317594819916,0.13615244933313833
Bulk 86,0.18427285282196784,0.0901530360791066,0.10470055274722719,0.5030481149779747,0.11782544337372357
Bulk 87,0.41565001253482364,0.15040685789248834,0.0,0.150766076322479,0.28317705325020903
Bulk 88,0.029959120406284408,0.23347989494569416,0.12219676580092022,0.28332323443493346,0.33104098441216767
Bulk 89,0.20747363799733826,0.15635288356702745,0.042514344840907416,0.3725698637994417,0.22108926979528506
Bulk 90,0.13486813033329717,0.1721461041743545,0.09155560322760632,0.35474347981802024,0.24668668244672196
Bulk 91,0.19430853023547842,0.20384707302120447,0.05785854285380798,0.28955330842909666,0.25443254546041233
Bulk 92,0.4084198288049972,0.13243384857517362,0.0,0.227506481871245,0.23163984074858407
Bulk 93,0.21161897002951074,0.07881628995884478,0.2118909766338268,0.42527280641338655,0.07240095696443115
Bulk 94,0.1981319736631729,0.18925354423121735,0.0,0.3865999757453933,0.2260145063602165
Bulk 95,0.34571287307871845,0.08393052056389325,0.0,0.3689598773539457,0.20139672900344247
Bulk 96,0.7592302957324244,0.07416423398436013,0.0,0.04144024168663743,0.1251652285965781
Bulk 97,0.6408422713651059,0.08923212397518375,0.0,0.03376572829994468,0.2361598763597658
Bulk 98,0.21324546188341398,0.07120249492589123,0.29108679047782066,0.35234169853857966,0.07212355417429449
Bulk 99,0.46181620237427157,0.0,0.0,0.3393601394744649,0.19882365815126352
Bulk 100,0.1563137051310772,0.23470601400359395,0.09343985450281371,0.2946777916571632,0.22086263470535203
Bulk 101,0.26803627612734465,0.15463015419110707,0.12431366691889043,0.1999146083092537,0.25310529445340413
Bulk 102,0.19546913951265188,0.15009781244219644,0.03442132496120655,0.3604579395690606,0.25955378351488445
Bulk 103,0.0,0.24170754656887958,0.12439733108746305,0.3177993715711491,0.3160957507725083
Bulk 104,0.1531217338411075,0.1781719257315935,0.15440326814436459,0.34189940968200017,0.17240366260093426
Bulk 105,0.662181461389654,0.0,0.0,0.12172933091304756,0.21608920769729845
Bulk 106,0.32606678666517064,0.09760147051767727,0.0,0.3410219516287525,0.23530979118839956
Bulk 107,0.5230782138969189,0.07860854774425975,0.0751861239507547,0.1687440799787225,0.15438303442934437
Bulk 108,0.0926234225576947,0.14560559941594453,0.07032353174984204,0.3782654215712436,0.31318202470527523
Bulk 109,0.44994925435123706,0.12609661729221963,0.0,0.2073103352468639,0.21664379310967957
Bulk 110,0.9537517848321142,0.0,0.0462482151678858,0.0,0.0
Bulk 111,0.4244115432991211,0.07608515962126858,0.2318297392115304,0.16636754914421695,0.10130600872386286
Bulk 112,0.575561890095878,0.13101710467787248,0.0,0.07026477719726282,0.22315622802898671
Bulk 113,0.5942988371335738,0.11697658009986898,0.0,0.0,0.28872458276655727
Bulk 114,0.5673022756367903,0.0,0.17486840370191803,0.2578293206612917,0.0
Bulk 115,0.5333565856530524,0.07520029922758817,0.0781153513724875,0.08718520950417967,0.2261425542426922
Bulk 116,0.21936158146936802,0.18429929665154612,0.0,0.35983901469986335,0.23650010717922246
Bulk 117,0.020646523716121308,0.2600331356194353,0.047716904333792526,0.3219746348525748,0.34962880147807596
Bulk 118,0.4514866467605949,0.14821201872406073,0.0893908498759269,0.0980555049150649,0.21285497972435263
Bulk 119,0.2989576276475701,0.23402734669501118,0.03357939827797516,0.15170757870445706,0.2817280486749866
Bulk 120,0.23336362152304807,0.19353316871359422,0.10655444093111745,0.21628165883841938,0.25026710999382085
Bulk 121,0.1547478601688078,0.14294818751991956,0.12071909922601683,0.294945990997523,0.28663886208773287
Bulk 122,0.4540457930653884,0.13879959226092986,0.1799408363852769,0.029296477917124124,0.19791730037128058
Bulk 123,0.525681200309425,0.0,0.16924040309886404,0.27363679289826387,0.03144160369344707
Bulk 124,0.08823754274551351,0.26636608744859036,0.14082320479424904,0.22612574358287596,0.278447421428771
Bulk 125,0.48287666281709185,0.14768332928561007,0.0,0.11839204661714003,0.25104796128015816
Bulk 126,0.0,0.150681945644165,0.17509259675137315,0.42239291316769934,0.25183254443676234
Bulk 127,0.24937155980658673,0.2129777683357715,0.0,0.21140133393333163,0.32624933792431016
Bulk 128,0.2642888880195507,0.16421664818480944,0.0257424008643062,0.1081900207088516,0.4375620422224821
Bulk 129,0.1227676978325101,0.19587902993300477,0.21652782553952035,0.30620910510577776,0.1586163415891872
Bulk 130,0.4033821005679038,0.04597066374587565,0.16117567555902587,0.2682830515586261,0.12118850856856872
Bulk 131,0.23514800764924845,0.15235779040723202,0.04639014723966044,0.3167408617301901,0.2493631929736689
Bulk 132,0.5648913513523997,0.11044931493605174,0.0,0.07061742792232702,0.25404190578922164
Bulk 133,0.8237580889996274,0.008124831781024373,0.0,0.0,0.1681170792193483
Bulk 134,0.20617890548579534,0.14711583012960902,0.1645464068190471,0.33310453149347896,0.14905432607206948
Bulk 135,0.19416655301046035,0.18527245074217877,0.02039292063433748,0.35343288892365415,0.24673518668936936
Bulk 136,0.14612128977829866,0.1750242261540842,0.2278682913179391,0.29495652277664,0.1560296699730381
Bulk 137,0.2494519001423773,0.1277545758332741,0.21287984545789687,0.1610606772995886,0.24885300126686305
Bulk 138,0.1165990298703512,0.13316597188530022,0.23099493542462526,0.33846661383273274,0.18077344898699055
Bulk 139,0.7479472680340469,0.06470184124638224,0.0,0.0,0.18735089071957084
Bulk 140,0.30502178599977087,0.15976819569905618,0.11525361627422148,0.28585446393342434,0.1341019380935272
Bulk 141,0.4298503451165917,0.048241041392737105,0.06631637432934721,0.3449991590650356,0.1105930800962883
Bulk 142,0.8053185991837485,0.0,0.0,0.0,0.19468140081625157
Bulk 143,0.3634802146892342,0.09145200594245466,0.34899323984819386,0.04709398899718691,0.14898055052293033
Bulk 144,0.17168939780609627,0.164941033865172,0.284558600501555,0.25969065708169176,0.11912031074548485
Bulk 145,0.6407029889135718,0.06725481859471366,0.0,0.07978039642419911,0.2122617960675154
Bulk 146,0.15973088218644618,0.13544493473844219,0.16657446019756952,0.479561963476075,0.05868775940146715
Bulk 147,0.12071266270132855,0.23370583715784987,0.16334006490433184,0.31363155359103734,0.16860988164545243
Bulk 148,0.43238985040863154,0.04529176079348397,0.1416932756655657,0.31191864476179565,0.06870646837052294
Bulk 149,0.2893202745226818,0.12492341986668327,0.05299521957551304,0.34153074069968403,0.19123034533543784
Bulk 150,0.2926820210356848,0.0,0.08887311879858865,0.46943616828987644,0.14900869187584997
Bulk 151,0.5428292037520283,0.06261570651750237,0.0,0.21041538089252942,0.18413970883794
Bulk 152,0.39843615486198847,0.17127933643400486,0.102672381714985,0.06973269647265305,0.2578794305163687
Bulk 153,0.38698176519155114,0.1696309200862251,0.006809183299566852,0.18779234147400964,0.24878578994864722
Bulk 154,0.16264188867458812,0.12066606043452709,0.15489511215845045,0.29149194477639545,0.27030499395603885
Bulk 155,0.2870320019930167,0.05417250538861648,0.12653955308325318,0.3709616385408755,0.16129430099423805
Bulk 156,0.543144531299867,0.09496935543327524,0.0,0.18659521677664026,0.1752908964902176
Bulk 157,0.16198927910589625,0.17567364219246825,0.19946408016998296,0.2672289968897297,0.19564400164192292
Bulk 158,0.36750792416800065,0.0,0.37911104525409417,0.16585936556899022,0.08752166500891496
Bulk 159,0.27284583698725456,0.14263861261030913,0.0,0.377065256118141,0.20745029428429518
Bulk 160,0.5050333901481403,0.12398701440953552,0.0,0.14899698921493545,0.22198260622738883
Bulk 161,0.3027272001509627,0.1694841263266577,0.0845251794371947,0.2761771443706079,0.16708634971457692
Bulk 162,0.2016949136852827,0.22098597723825067,0.0,0.29446355169675686,0.2828555573797097
Bulk 163,0.6017036286060783,0.05712165572674098,0.052866425526375584,0.25209716684196953,0.03621112329883566
Bulk 164,0.3163968977652368,0.21175839019186335,0.0,0.16334252072075708,0.3085021913221428
Bulk 165,0.3359507450068984,0.06359871048596767,0.0,0.46701146177360414,0.13343908273352975
Bulk 166,0.8975479663123216,0.0,0.0,0.0,0.10245203368767831
Bulk 167,0.4238696098804256,0.14711168331459654,0.0,0.12791611167818484,0.30110259512679305
Bulk 168,0.20193815561616532,0.04593363797678959,0.13711829049496171,0.479481336692749,0.13552857921933434
Bulk 169,0.43294502834641496,0.1594196250453949,0.0,0.0899732034327346,0.31766214317545566
Bulk 170,0.03612644336228043,0.21437042262118924,0.10369110383350463,0.29074556450693123,0.35506646567609457
Bulk 171,0.060463351534503905,0.1936558823319394,0.04427769420854701,0.36259606009604245,0.3390070118289673
Bulk 172,0.09643952421675045,0.22979405675618894,0.09841446969889275,0.18075340640987822,0.3945985429182896
Bulk 173,0.6349267721086745,0.10507946457838323,0.0,0.09101206122839649,0.1689817020845459
Bulk 174,0.743930421447139,0.020120639838694516,0.0,0.07471012717844493,0.16123881153572175
Bulk 175,0.26171259121455465,0.13200524356674984,0.14781668730022715,0.2586906513666023,0.19977482655186604
Bulk 176,0.05414720323550883,0.21814801121184027,0.08634975056489065,0.28353177447188094,0.35782326051587926
Bulk 177,0.012108662775869982,0.2825634565636713,0.09179504516715849,0.3291452864037182,0.2843875490895819
Bulk 178,0.4222480243530531,0.19067413721561222,0.09222246130689654,0.13480551781199931,0.16004985931243884
Bulk 179,0.18180314589407492,0.082644840000696,0.14417370188423975,0.3805571090274197,0.21082120319356967
Bulk 180,0.22136946350822975,0.14264387973172415,0.10043128500563858,0.35646264170354763,0.17909273005085993
Bulk 181,0.3605491104212601,0.06572946482191967,0.0,0.34943864058335344,0.22428278417346686
Bulk 182,0.6641873524196127,0.0,0.04392495145669365,0.27683830531241227,0.015049390811281338
Bulk 183,0.28126684934836255,0.09213704297459843,0.01654341776498004,0.3288883487309111,0.2811643411811478
Bulk 184,0.16350012225213753,0.15525796648248907,0.12799964175911221,0.2872299863615,0.26601228314476133
Bulk 185,0.7775554735495314,0.0,0.0,0.04538829780555027,0.17705622864491827
Bulk 186,0.6001154327125449,0.03043573011265251,0.04203778654287291,0.15739313513409398,0.17001791549783576
Bulk 187,0.2987115895838122,0.09360779161086508,0.18736560899000546,0.22852198456893263,0.1917930252463845
Bulk 188,0.17474604453948756,0.1539066713305249,0.13853524142779716,0.2919240768499012,0.2408879658522893
Bulk 189,0.33457212820399473,0.24875822442845336,0.10212925010140668,0.16998139855822145,0.14455899870792374
Bulk 190,0.43855663727920985,0.16045727667570284,0.03879817647014243,0.20685349550422572,0.15533441407071913
Bulk 191,0.3879824792157718,0.14348448244463013,0.004891082826240111,0.22996033646739827,0.23368161904595977
Bulk 192,0.576681570182588,0.1555853989058382,0.0,0.06520844993005817,0.2025245809815155
Bulk 193,0.7297790425667691,0.01849448644756624,0.13780599435274501,0.0066677126739023715,0.10725276395901734
Bulk 194,0.4848390368696229,0.16082512960970388,0.10933266037134941,0.03209604648739931,0.2129071266619245
Bulk 195,0.3622439650694372,0.11706497186097177,0.049313718312471194,0.2992188983995111,0.1721584463576086
Bulk 196,0.26157274642884865,0.14951149236278452,0.005674994363692125,0.30229143191257535,0.28094933493209934
Bulk 197,0.3345224816052733,0.16305171922687908,0.14708650678556598,0.19451079261405765,0.16082849976822403
Bulk 198,0.2657634268888737,0.12669823562799776,0.37470187732508986,0.1377196193439003,0.09511684081413843
Bulk 199,0.12381608074844347,0.22247835476107636,0.08307813019539347,0.21613310464098529,0.3544943296541013
Bulk 200,0.18456956736515087,0.06148969406028848,0.2647152359209694,0.3249516953037445,0.16427380734984673
Bulk 201,0.03983937330606472,0.1713298176598784,0.1689708142245604,0.40757820568392555,0.21228178912557083
Bulk 202,0.6126063119780252,0.04763183195861312,0.0,0.18989368243256446,0.1498681736307972
Bulk 203,0.4842113006981971,0.11327657726709676,0.2795743703403607,0.10229856402609626,0.02063918766824893
Bulk 204,0.5928675115399806,0.14336198100492997,0.0,0.0076590996755531455,0.25611140777953634
Bulk 205,0.3858231032634994,0.13159894166186978,0.08435231295244672,0.17130447309583094,0.2269211690263533
Bulk 206,0.29730271530427005,0.14260744582442933,0.18952638702810354,0.23468919396905424,0.1358742578741428
Bulk 207,0.4314175050590014,0.24090895309294064,0.06886637434113957,0.0,0.2588071675069185
Bulk 208,0.25810702608357894,0.1419337569365331,0.0,0.28874186538606667,0.3112173515938213
Bulk 209,0.5652847424538381,0.10793155087087138,0.0,0.10993435300809103,0.21684935366719943
Bulk 210,0.2996978167763308,0.22213780257772117,0.03210803498219523,0.19640093278552823,0.2496554128782245
Bulk 211,0.13819946895300175,0.06756425971047748,0.21633234714450994,0.42397692375295304,0.1539270004390578
Bulk 212,0.330082387237994,0.17305184806314086,0.1475232554173378,0.21400383184955538,0.13533867743197192
Bulk 213,0.13275419026587235,0.17167806024619545,0.1286555244999414,0.35596864358219055,0.21094358140580036
Bulk 214,0.5717607205014632,0.10647585134952642,0.0,0.07349762758330365,0.24826580056570666
Bulk 215,0.3107198764682111,0.14659335851392505,0.004682197396204128,0.30958145453911967,0.22842311308254
Bulk 216,0.2406543043029734,0.26931910407850757,0.0,0.1356112739605704,0.3544153176579486
Bulk 217,0.4351660919115465,0.16942521722916346,0.0,0.12685324495934983,0.26855544589994024
Bulk 218,0.06720364985916048,0.1588795638084996,0.18105852576925993,0.3896370700874715,0.20322119047560844
Bulk 219,0.6755319732645227,0.04736517502532741,0.10195136715273068,0.02668406871063011,0.14846741584678902
Bulk 220,0.5673600795775419,0.10939135249529301,0.0944685275972848,0.03519801715504078,0.19358202317483966
Bulk 221,0.19813547639292553,0.197226079563106,0.059698381468669605,0.23246881110753737,0.3124712514677615
Bulk 222,0.03453739265703206,0.17103576305767682,0.06954479309110934,0.4124767800349701,0.31240527115921163
Bulk 223,0.10259802821393867,0.20918954003494689,0.13243255796787431,0.3148853682678615,0.24089450551537858
Bulk 224,0.34996367339954537,0.20198403405839102,0.0005044964446109491,0.2540473642727839,0.1935004318246687
Bulk 225,0.8340676979972157,0.0,0.033079668945939625,0.0,0.1328526330568447
Bulk 226,0.3481649334564574,0.09845765701554089,0.15399525731287775,0.2559240730456627,0.14345807916946124
Bulk 227,0.06446223928726286,0.264373076790896,0.0895177340245096,0.24304873519492792,0.3385982147024036
Bulk 228,0.22227189690280397,0.1993675216805037,0.13290769168965255,0.2274049713372496,0.2180479183897903
Bulk 229,0.3938004783435144,0.06661144439848637,0.2507285337647305,0.20929539412028736,0.07956414937298129
Bulk 230,0.0,0.22336750064437927,0.17213459562506844,0.44119293602514764,0.1633049677054046
Bulk 231,0.34768535495405684,0.25184882670297004,0.0,0.16924300594356212,0.23122281239941098
Bulk 232,0.003005974284286061,0.11360876255255252,0.13039027564273847,0.36739059531163276,0.3856043922087903
Bulk 233,0.35177205628100733,0.1880554413555493,0.0,0.1670274531548835,0.2931450492085598
Bulk 234,0.587698924651594,0.04718761066387116,0.0,0.07527023984910171,0.28984322483543307
Bulk 235,0.10670922883991486,0.1914809898735793,0.14651025781645016,0.31084010701829734,0.2444594164517584
Bulk 236,0.0,0.1537425903974582,0.19495548806623636,0.5239963875143543,0.12730553402195113
Bulk 237,0.44718185946142214,0.1881035704272913,0.0,0.14495010399836744,0.21976446611291905
Bulk 238,0.616392375663869,0.11430421591014425,0.0,0.0,0.2693034084259869
Bulk 239,0.017811455989934014,0.24908629887449443,0.18254091343302087,0.3085791642026726,0.24198216749987816
Bulk 240,0.307823089270591,0.21055678901347005,0.0,0.17768771256860674,0.30393240914733216
Bulk 241,0.4221877134230527,0.13698999634197168,0.09065161721657637,0.10628267403751329,0.24388799898088587
Bulk 242,0.5091495613989774,0.14393001701575406,0.11798505009683626,0.05366277539301463,0.17527259609541762
Bulk 243,0.21955992719868056,0.22939600123496498,0.04313507679779581,0.2512918388563712,0.25661715591218753
Bulk 244,0.8069801842328024,0.0017806677077038182,0.0,0.012068014378420828,0.17917113368107296
Bulk 245,0.7707336633467734,0.04234347903570098,0.0,0.0,0.18692285761752564
Bulk 246,0.23451479563360894,0.19468680412324013,0.0,0.3002252812588301,0.2705731189843208
Bulk 247,0.3883999386853475,0.09223497947593168,0.20762851597358029,0.10752481872448588,0.2042117471406547
Bulk 248,0.6406156566051171,0.11200865632595904,0.0,0.04267016137562702,0.20470552569329672
Bulk 249,0.4751484158030132,0.1357986062387051,0.19524577749636693,0.04150707777477753,0.15230012268713722
Bulk 250,0.7651855855003346,0.0,0.0,0.030092902120053694,0.20472151237961175
Bulk 251,0.19114145564731652,0.23733317521252487,0.0,0.336891320743257,0.23463404839690155
Bulk 252,0.5761868463501059,0.1197983084099741,0.0,0.0,0.30401484523992006
Bulk 253,0.2756026224618548,0.19752439423770393,0.19518004667521738,0.20562697423205273,0.1260659623931712
Bulk 254,0.48837053421560844,0.1129787381787859,0.0,0.1425241897216573,0.25612653788394835
Bulk 255,0.31407718518947136,0.2691624715471504,0.0,0.17343903953104386,0.24332130373233438
Bulk 256,0.22659380007695024,0.19403255058072105,0.10801349472657704,0.36733643145900297,0.10402372315674879
Bulk 257,0.7321063714190374,0.0,0.22042539288049515,0.04746823570046733,0.0
Bulk 258,0.46830048727111523,0.1756996182346965,0.0,0.0,0.3559998944941883
Bulk 259,0.18662138559690594,0.262530276390143,0.1395935454109444,0.27485595975555843,0.1363988328464482
Bulk 260,0.014814289391246687,0.1395724354647742,0.11746124007569353,0.500111146511609,0.22804088855667642
Bulk 261,0.14977715917084425,0.2418285490014067,0.026038753961880608,0.2625878018273187,0.31976773603854974
Bulk 262,0.20814121421610182,0.18846155260986858,0.1351724709511663,0.1587613933683487,0.3094633688545146
Bulk 263,0.6702948552261201,0.0,0.0,0.22686416331922524,0.1028409814546547
Bulk 264,0.27820757062973833,0.011717850476711962,0.0,0.5267836377591115,0.1832909411344382
Bulk 265,0.23971028244447923,0.17387633993691903,0.020201633069471384,0.36152470674742476,0.20468703780170544
Bulk 266,0.2309280503966534,0.17614114543438317,0.009189078513920347,0.29583141242854394,0.2879103132264993
Bulk 267,0.2993929800089831,0.07343523550161592,0.09116910450123347,0.3366148742481864,0.199387805739981
Bulk 268,0.18504618937039943,0.21412433731003044,0.13829571338407556,0.28429321737541713,0.17824054256007754
Bulk 269,0.5042800102836822,0.08388527933675424,0.008900658106033021,0.20686430139580017,0.19606975087773032
Bulk 270,0.4810369703089179,0.17037286303200005,0.0,0.09783833781288222,0.2507518288461999
Bulk 271,0.19881107917832389,0.26735885043042895,0.12579621248389192,0.2263039927571105,0.18172986515024475
Bulk 272,0.804351860543863,0.08403604648692163,0.008443337849332868,0.05483225502658626,0.048336500093296174
Bulk 273,0.4627086450431333,0.18977166691448236,0.0,0.04718098342875458,0.3003387046136298
Bulk 274,0.26567403635336023,0.22335830359960485,0.0,0.23242108658206073,0.27854657346497413
Bulk 275,0.292556873786118,0.01527855466666463,0.23309876235187227,0.4371707011037775,0.021895108091567694
Bulk 276,0.3292363570541243,0.1796088372343857,0.03144907673261617,0.19799289820452487,0.2617128307743489
Bulk 277,0.794543059027066,0.04796374000346737,0.0,0.0,0.15749320096946665
Bulk 278,0.3131313754784001,0.21682625090994193,0.0,0.2241087870800947,0.2459335865315634
Bulk 279,0.25228624028347973,0.21997344095966906,0.1350525805373164,0.16659995746982975,0.226087780749705
Bulk 280,0.36398798921454656,0.06939647896780231,0.2642343408612919,0.18144229452990557,0.12093889642645368
Bulk 281,0.6530895064068619,0.12190860054077823,0.0,0.1971387547019272,0.027863138350432626
Bulk 282,0.491084639850347,0.17998645131180077,0.0,0.17627465822363061,0.15265425061422144
Bulk 283,0.7737888622529324,0.06110845098255498,0.043288953814859824,0.0,0.12181373294965277
Bulk 284,0.5370982228148858,0.14676826796201994,0.1039873435589239,0.0,0.2121461656641704
Bulk 285,0.12452786001625187,0.2772719723521803,0.05990612677310156,0.21072079848803968,0.32757324237042657
Bulk 286,0.4371159632331626,0.15874413230569667,0.27182956903681105,0.041921814433546215,0.0903885209907836
Bulk 287,0.1230142290657208,0.18079674674137833,0.09376822612558997,0.33726141676815974,0.2651593812991512
Bulk 288,0.2916454784360863,0.25723949473616875,0.008755832842502085,0.13425558431113976,0.30810360967410316
Bulk 289,0.5861683279594416,0.0,0.2165405914499114,0.18924346613786533,0.008047614452781675
Bulk 290,0.1475704424157882,0.24269995834049235,0.05833215146724975,0.30071402920410983,0.2506834185723598
Bulk 291,0.2218691986432311,0.1779075961107908,0.18802329499635997,0.14218695515729501,0.2700129550923233
Bulk 292,0.20865799880322183,0.23371168539016365,0.0,0.2587825993891904,0.29884771641742414
Bulk 293,0.3825239975375119,0.14838755410286875,0.0,0.10277197746239353,0.3663164708972258
Bulk 294,0.37150017480711595,0.1760167700735297,0.0,0.12014588150673222,0.3323371736126221
Bulk 295,0.46676643374300236,0.18253691714568532,0.0,0.13457204411027301,0.21612460500103933
Bulk 296,0.5648537493584154,0.14039560345897587,0.0,0.040677910394856034,0.2540727367877527
Bulk 297,0.6955700844377497,0.10432345679431877,0.0,0.025740936881686785,0.17436552188624474
Bulk 298,0.22038880304574843,0.2565574223530798,0.0,0.34597165913980954,0.17708211546136204
Bulk 299,0.4043455254690276,0.1972033510559766,0.0,0.046007429023336974,0.35244369445165885
Bulk 300,0.043933894974569225,0.17997749666634627,0.013288699483430587,0.4921943726942633,0.2706055361813907
Bulk 301,0.14309498159358694,0.18406242248271082,0.058491299839838924,0.3150963140621581,0.2992549820217052
Bulk 302,0.11735872332936796,0.2118021135732345,0.039243406293045166,0.3193501088643218,0.3122456479400304
Bulk 303,0.531967753646677,0.0,0.0,0.273296459835583,0.19473578651773993
Bulk 304,0.5030789245573998,0.17408154524087036,0.07866179072768906,0.0055026767116934,0.23867506276234737
Bulk 305,0.8832431814311209,0.0,0.0,0.0,0.11675681856887915
Bulk 306,0.5138478550003931,0.13463623735254887,0.10024096347224276,0.0,0.2512749441748152
Bulk 307,0.6148971123668276,0.07897939635994149,0.0,0.05696864575934688,0.24915484551388395
Bulk 308,0.5236247445048727,0.06823120852448254,0.0,0.26029938873748887,0.14784465823315598
Bulk 309,0.40735536106693077,0.20894325655224583,0.0,0.17061187690535026,0.213089505475473
Bulk 310,0.27013879132250157,0.10098431752807399,0.17026523279011715,0.26585214977027694,0.1927595085890305
Bulk 311,0.3701264167297799,0.21463194947867448,0.021811010279112104,0.09152201035831724,0.3019086131541162
Bulk 312,0.4923085469083309,0.1859850878380571,0.0,0.177728992879951,0.14397737237366098
Bulk 313,0.1818537107920694,0.23006657432088337,0.029602781076324348,0.2488022224306971,0.3096747113800257
Bulk 314,0.36700470362366455,0.13129250803455145,0.22574728071289954,0.0511770395224607,0.2247784681064238
Bulk 315,0.2630299962285438,0.22195244291509703,0.10919967440087254,0.1505008941664462,0.2553169922890404
Bulk 316,0.37980380710105244,0.16238548787565263,0.0,0.260516014462876,0.19729469056041904
Bulk 317,0.44231125583358694,0.1834574714949454,0.0,0.0997341858282772,0.2744970868431905
Bulk 318,0.3467386904776266,0.20852692620178004,0.0,0.13001111358720058,0.31472326973339276
Bulk 319,0.18715317561129513,0.30997408353758316,0.03478187418756587,0.18621512130421444,0.2818757453593415
Bulk 320,0.44930797159476815,0.22757318795877785,0.0,0.07953730693944187,0.24358153350701214
Bulk 321,0.11434904238554873,0.19143119185336388,0.23311328925086963,0.24987493284300674,0.21123154366721106
Bulk 322,0.5020879405023637,0.12066666427669986,0.0,0.17625508720590957,0.20099030801502668
Bulk 323,0.4645466196785164,0.18621060906633646,0.0,0.028496733863499546,0.32074603739164764
Bulk 324,0.28048587299876304,0.25922683906495,0.026606967799524386,0.12808170269113955,0.30559861744562306
Bulk 325,0.4661064238816249,0.0,0.11842461203446872,0.3172915412697926,0.09817742281411372
Bulk 326,0.0,0.16682007922292288,0.28693200474929415,0.31604115836429963,0.23020675766348342
Bulk 327,0.4535042471886539,0.20607735669915553,0.0,0.03542564742680538,0.3049927486853853
Bulk 328,0.21062037980483397,0.1308908725050602,0.2460660768167264,0.2351231182920797,0.1772995525812997
Bulk 329,0.5534976926051364,0.15462529474365816,0.07351313557304924,0.005438801626652487,0.2129250754515038
Bulk 330,0.6254771151762918,0.07214108935736994,0.13604057763372362,0.0,0.16634121783261469
Bulk 331,0.4109795079099862,0.11802640086060884,0.0,0.3462691056662407,0.12472498556316432
Bulk 332,0.3022361670229145,0.3648332555822144,0.0,0.01778739143991912,0.31514318595495194
Bulk 333,0.7183462075058935,0.10846944129328236,0.0,0.0,0.17318435120082415
Bulk 334,0.0,0.2876621497674608,0.042729480541609036,0.4248665921551491,0.2447417775357812
Bulk 335,0.2561378246182308,0.2177413434719538,0.12041042083788174,0.12002058739506491,0.2856898236768686
Bulk 336,0.4942303616801104,0.07986287393644434,0.038436284140546124,0.13798219092981764,0.24948828931308153
Bulk 337,0.2967733094727983,0.058462716607041644,0.05618072963465712,0.4439760395156134,0.14460720476988967
Bulk 338,0.23319545472686665,0.1361970550599017,0.0,0.44532675651656833,0.1852807336966634
Bulk 339,0.6616614902666724,0.08900521082801224,0.0,0.14410625102872973,0.10522704787658564
Bulk 340,0.017562233568413445,0.20791241231577934,0.22118480658607767,0.32967670404344224,0.22366384348628737
Bulk 341,0.2220760664472524,0.11255699884912239,0.1263570255970218,0.300988588750264,0.23802132035633933
Bulk 342,0.22137584693249912,0.1188957169054821,0.1577428397534711,0.4414207991113276,0.060564797297220106
Bulk 343,0.09492285516308525,0.19690833628257937,0.07365592302744262,0.31575226634512676,0.31876061918176596
Bulk 344,0.4525247683255698,0.1379284179715644,0.0,0.15420274983903007,0.2553440638638357
Bulk 345,0.7534470083137482,0.07184035054875028,0.035855032795162944,0.0,0.1388576083423385
Bulk 346,0.2347958349373878,0.2287110616548131,0.11056397674826178,0.15760969625031113,0.2683194304092262
Bulk 347,0.3882818205229063,0.10019266500273959,0.08721781798756531,0.20193405487971222,0.22237364160707648
Bulk 348,0.23485672821780335,0.11728772520080537,0.3379938807287009,0.06895634194932089,0.24090532390336958
Bulk 349,0.5402745375505633,0.11543277913800722,0.0,0.10213720805825875,0.24215547525317074
Bulk 350,0.670953788239798,0.007277127682044372,0.1695682802470712,0.0,0.15220080383108647
Bulk 351,0.6441654105340439,0.0,0.31573681816933613,0.0,0.04009777129661993
Bulk 352,0.09368121131079696,0.22139063675573192,0.06722537385103253,0.361436899315921,0.2562658787665175
Bulk 353,0.4940776053528466,0.09701033500526769,0.0,0.13630069015198856,0.27261136948989706
Bulk 354,0.7893949756618405,0.04826500876955891,0.0,0.0,0.16234001556860056
Bulk 355,0.48378427146825925,0.17027957777337516,0.0,0.15346314413325685,0.1924730066251088
Bulk 356,0.6673439335941976,0.0,0.14967679372787654,0.008154244387100123,0.17482502829082572
Bulk 357,0.20407217333769045,0.28427175266238597,0.09012654298474505,0.12848742537740815,0.29304210563777033
Bulk 358,0.1840973724145756,0.2549733523210972,0.07190786294596223,0.19515051766761302,0.29387089465075195
Bulk 359,0.20446364352163662,0.1979070958896087,0.05756105501259371,0.3909759137926156,0.14909229178354547
Bulk 360,0.11515488852732081,0.22013734015321446,0.18060902288963324,0.1773760942473408,0.3067226541824907
Bulk 361,0.6447512538489473,0.15235408296682354,0.0,0.0,0.20289466318422908
Bulk 362,0.2563133430705821,0.12218002957983763,0.02810486802945831,0.47197031688748153,0.1214314424326404
Bulk 363,0.1901195864632442,0.17485287402899463,0.12711795900724993,0.37345388685250014,0.13445569364801097
Bulk 364,0.24031974164328537,0.2193822234273377,0.06433859191524008,0.23629803489761056,0.2396614081165263
Bulk 365,0.33171450550862286,0.09021076143636711,0.0,0.37960244903662066,0.19847228401838934
Bulk 366,0.04232544333705774,0.21330448407496858,0.10584459098290479,0.3339610986099244,0.3045643829951444
Bulk 367,0.5361336054658955,0.18088390841630073,0.0,0.054749293403053255,0.22823319271475054
Bulk 368,0.0933703162212841,0.2418099641039411,0.10166942722496368,0.20029467120520164,0.36285562124460946
Bulk 369,0.2182669309664908,0.22713942280116847,0.09908604060991473,0.21112603298381594,0.2443815726386102
Bulk 370,0.27919232082627243,0.18772945649945863,0.11233574711880971,0.2733868638577943,0.14735561169766484
Bulk 371,0.18881635166349856,0.25968932665079836,0.12945643512854918,0.19922940447349113,0.22280848208366272
Bulk 372,0.3535907191193239,0.18678907160117708,0.0,0.193594107611331,0.26602610166816804
Bulk 373,0.05765319203835567,0.19591150939330781,0.18203639083588008,0.32463793206569674,0.23976097566675986
Bulk 374,0.32084776738804877,0.1651939646614183,0.1722973359491265,0.14958763816210838,0.1920732938392979
Bulk 375,0.2986953399349994,0.013662563143158104,0.0,0.4186408947338123,0.26900120218803014
Bulk 376,0.3740533316376388,0.15886080995279356,0.18855340011925023,0.12456882889440846,0.15396362939590882
Bulk 377,0.4223249678990461,0.12793925431052977,0.11883348931275808,0.21178604849148008,0.11911623998618585
Bulk 378,0.27856184469510215,0.08386815514335555,0.12866717850828616,0.2588106641831034,0.2500921574701528
Bulk 379,0.27518578376040825,0.24423882942468197,0.07225593009275974,0.09722033649825002,0.3110991202239
Bulk 380,0.3801324844583377,0.1091209399667755,0.16938484937273696,0.1915907034613423,0.14977102274080764
Bulk 381,0.7510688895706701,0.0,0.04490577893272662,0.0,0.2040253314966033
Bulk 382,0.659776704055564,0.051546965375049554,0.02014416623350545,0.15772109046153002,0.1108110738743511
Bulk 383,0.43633027380285255,0.09702726347468851,0.1365026299650463,0.10569552838877999,0.22444430436863272
Bulk 384,0.3096432149716852,0.1932557921711823,0.06377550781043662,0.0,0.4333254850466959
Bulk 385,0.10728401217517616,0.14011544348643268,0.08830829067568687,0.4270100769683555,0.2372821766943487
Bulk 386,0.6489375462495888,0.07686722654527464,0.0,0.053481054995914504,0.22071417220922218
Bulk 387,0.5744686328377095,0.15696088243343972,0.0011615006819403805,0.015295331943492762,0.25211365210341763
Bulk 388,0.32353319458532703,0.21668751310166143,0.0,0.22195086226806676,0.2378284300449448
Bulk 389,0.21747207388267412,0.2078203080985408,0.0,0.22690310276006717,0.34780451525871786
Bulk 390,0.18940335159142596,0.20653990495708416,0.09338902198040319,0.255026428434213,0.2556412930368737
Bulk 391,0.33937710016402534,0.13857253454854757,0.07266878178237575,0.2660364718817951,0.18334511162325623
Bulk 392,0.1783800903518029,0.30278756808732127,0.0,0.18896967710512755,0.3298626644557483
Bulk 393,0.09860749046297534,0.2981606222027378,0.0438358843715224,0.2909315039743064,0.268464498988458
Bulk 394,0.4233267147956157,0.11884875990899078,0.0,0.19131964501527945,0.266504880280114
Bulk 395,0.6498204535005477,0.17558549567580514,0.0,0.030846533802001606,0.14374751702164545
Bulk 396,0.2874494205872157,0.15453836226860518,0.18008417199981347,0.1468087246359008,0.23111932050846487
Bulk 397,0.6736975722167067,0.15433219266358938,0.0,0.038752528647999364,0.13321770647170458
Bulk 398,0.8880087090786268,0.0,0.0,0.06890645433733257,0.0430848365840405
Bulk 399,0.24240654814674023,0.14069660541922077,0.2720746114783969,0.24092490846961948,0.10389732648602266
Bulk 400,0.45354077244813107,0.1432396733891313,0.0,0.14961051153218846,0.2536090426305492
Bulk 401,0.485151294309652,0.12131889449008953,0.0,0.042663899482799444,0.35086591171745907
Bulk 402,0.27210949797005546,0.1399413059760283,0.11460424859267433,0.013815290945282548,0.45952965651595934
Bulk 403,0.32277772170843017,0.18286102579543004,0.03241880869631127,0.006189717245630635,0.45575272655419785
