,Ast,End,Mic,Neu,Oli
Bulk 0,0.09592921240379644,0.22574568666135403,0.13425817323779732,0.24650068902784347,0.2975662386692089
Bulk 1,0.306422751319575,0.2004718339105494,0.0470642053874234,0.15834876607914344,0.28769244330330873
Bulk 2,0.18707369158438825,0.28328722405867024,0.0908448431371962,0.18957164427710801,0.24922259694263726
Bulk 3,0.04066856933438055,0.21005439711507537,0.11236126422440502,0.3698575801294372,0.2670581891967019
Bulk 4,0.46548438221589955,0.12524556408899262,0.0,0.10692482082102538,0.30234523287408244
Bulk 5,0.3446346205515065,0.0,0.04063987677521261,0.6147255026732809,0.0
Bulk 6,0.5754596315016819,0.15662455895127012,0.0,0.028282249181756418,0.23963356036529163
Bulk 7,0.22438581272135702,0.18571024172838085,0.05175548115738026,0.2807283937716719,0.25742007062121
Bulk 8,0.27284646857430733,0.0,0.09924756727060538,0.40328753148541746,0.2246184326696698
Bulk 9,0.2721870467546074,0.259728098659163,0.07923594345419921,0.10789292450030931,0.28095598663172106
Bulk 10,0.09510089913020023,0.1441448606240747,0.1513425248108501,0.38931902763304527,0.22009268780182964
Bulk 11,0.33491024344422143,0.12953614169270972,0.0,0.3227432490729354,0.21281036579013346
Bulk 12,0.21794638936988298,0.19684812032615037,0.12218067075475275,0.2350021135533623,0.22802270599585145
Bulk 13,0.0,0.119312949036304,0.16373303010333487,0.3986769076377775,0.3182771132225837
Bulk 14,0.3018272284675548,0.14566235424514004,0.2322018860754637,0.1361821134105281,0.18412641780131334
Bulk 15,0.5996165369237841,0.019319238750927316,0.0,0.31032100628110665,0.07074321804418195
Bulk 16,0.21927363192442567,0.16777860078282958,0.0,0.3123565398634614,0.30059122742928346
Bulk 17,0.37740322906470636,0.14500702622250475,0.10810993761844095,0.22892839926535552,0.14055140782899236
Bulk 18,0.40097318200575893,0.1954008622894835,0.0,0.22754886362454094,0.17607709208021655
Bulk 19,0.13018211139053942,0.15488481147497368,0.10234363374288447,0.33500647795448174,0.2775829654371208
Bulk 20,0.19836209222046358,0.129186490865616,0.009556220574174424,0.46020851595911516,0.20268668038063076
Bulk 21,0.22871164676357095,0.1584177373686617,0.20468924118142748,0.40271874609767444,0.005462628588665389
Bulk 22,0.0,0.16850759916099697,0.09548794418937438,0.4327750631498319,0.30322939349979666
Bulk 23,0.10177209959309236,0.16339838624987796,0.05370089310794226,0.4514061672741896,0.22972245377489786
Bulk 24,0.3961835638193862,0.13535506687248422,0.0,0.18732359369903137,0.2811377756090982
Bulk 25,0.20151921516084118,0.12347637470104693,0.0,0.40863062048209575,0.2663737896560161
Bulk 26,0.18545014242696278,0.1450123145937361,0.06491369745011626,0.33358477734027947,0.27103906818890533
Bulk 27,0.5078178511252484,0.027775154792592297,0.0,0.24862914490206525,0.21577784918009424
Bulk 28,0.5029754537315095,0.0,0.18711702544565417,0.2648328584245507,0.0450746623982856
Bulk 29,0.2461343358953993,0.1731440914178843,0.16826160526731504,0.184417586573569,0.22804238084583225
Bulk 30,0.4533302917597865,0.11496879938572692,0.10887956234367319,0.19782907774061573,0.1249922687701975
Bulk 31,0.6079960756556495,0.11215176916890174,0.058862483515344385,0.0,0.22098967166010428
Bulk 32,0.3067639536759028,0.09539791079724896,0.10847951128185199,0.32485414997821127,0.16450447426678494
Bulk 33,0.03317350982021454,0.11740495724113298,0.10792130972122865,0.5277231708421923,0.2137770523752315
Bulk 34,0.13998473573888842,0.246555521853123,0.004835542847278776,0.3364924225231566,0.2721317770375532
Bulk 35,0.4816006462729981,0.1715385748279962,0.0,0.17758876548209215,0.1692720134169135
Bulk 36,0.47059846458118887,0.10359752895952014,0.016913536400455415,0.1782148976986873,0.23067557236014818
Bulk 37,0.2385650416297268,0.19790269897923232,0.08597243651798474,0.1942359445762485,0.2833238782968076
Bulk 38,0.41784861088931474,0.10000858835281082,0.0,0.21267047139187523,0.26947232936599913
Bulk 39,0.12497229862849077,0.03673108320459523,0.13793326891267474,0.5893163632564418,0.11104698599779748
Bulk 40,0.11888185896586304,0.23143010699094563,0.0,0.30524062012376285,0.3444474139194285
Bulk 41,0.5987767636380941,0.0026859960113839385,0.0,0.2263517611995798,0.17218547915094215
Bulk 42,0.23629428302181882,0.16980519788685547,0.05076990012861047,0.3040352936989208,0.23909532526379448
Bulk 43,0.2652864498750575,0.13749425986523814,0.0,0.3346306239002298,0.2625886663594746
Bulk 44,0.22449455123617496,0.1956962886996742,0.0,0.308577488119818,0.2712316719443329
Bulk 45,0.7807259102994769,0.018029495304830414,0.0,0.051106689209198516,0.1501379051864942
Bulk 46,0.2532314737783196,0.19255560019930124,0.06138947170906208,0.23382688322699388,0.25899657108632324
Bulk 47,0.28572871359675417,0.12023223225346644,0.0,0.1700234222323802,0.4240156319173992
Bulk 48,0.5757785776630789,0.07245547878375179,0.0,0.21630790962483812,0.13545803392833117
Bulk 49,0.17586138439802387,0.08816435326141776,0.20112102933641454,0.3850140699787809,0.1498391630253629
Bulk 50,0.13526968271611323,0.2475819310489909,0.0,0.3252177668573759,0.29193061937752013
Bulk 51,0.26959973929093317,0.15072528652604963,0.053541897142563855,0.3293376556010317,0.19679542143942177
Bulk 52,0.38776142754499315,0.05173188370544009,0.0,0.34959647825840795,0.2109102104911589
Bulk 53,0.38003817469793416,0.016264809609607724,0.0,0.44859315320780757,0.1551038624846505
Bulk 54,0.3578177913843567,0.09114087672806813,0.05791430757987921,0.3303585686954153,0.16276845561228076
Bulk 55,0.31128158502139197,0.18375566003169255,0.0,0.2236013033845291,0.2813614515623862
Bulk 56,0.48240095933570193,0.15037280226306568,0.0,0.2761414457342315,0.09108479266700086
Bulk 57,0.6654466023692699,0.06333006531766593,0.046205406859675856,0.08940703135690228,0.13561089409648602
Bulk 58,0.6585065994570728,0.07231060969906897,0.0,0.15782853551702017,0.11135425532683804
Bulk 59,0.32620557765126107,0.05884689079212305,0.034110706738995286,0.4155161740401674,0.1653206507774533
Bulk 60,0.058325405370812204,0.19581546063785246,0.03237796640545956,0.4948080713085811,0.2186730962772947
Bulk 61,0.36951331876131627,0.10416911110922542,0.0,0.351038058844355,0.17527951128510325
Bulk 62,0.25769150580301453,0.2752528361954084,0.03159723414889603,0.2319236335213485,0.2035347903313325
Bulk 63,0.6185214135378871,0.06179912960454209,0.0,0.09752770852213417,0.22215174833543663
Bulk 64,0.1491165215762444,0.19131634103257553,0.06543119667294935,0.35010124469760023,0.24403469602063052
Bulk 65,0.6470763755062693,0.0,0.0,0.13843222009037426,0.21449140440335646
Bulk 66,0.27755889016801893,0.07902902517275769,0.09369005630534694,0.2830630341689772,0.26665899418489925
Bulk 67,0.3029948308974633,0.05320329199619259,0.1326767068805928,0.26794982878236734,0.24317534144338387
Bulk 68,0.21312888235824096,0.19226386898415837,0.006847216655195922,0.4729352919462559,0.11482474005614883
Bulk 69,0.12239671542884782,0.15863281987292432,0.05766858306743306,0.3379931979020191,0.3233086837287757
Bulk 70,0.021104537205814396,0.24510811064317456,0.04088663962946757,0.3352918344500641,0.3576088780714794
Bulk 71,0.33919506324462817,0.09890717252049301,0.0,0.2949663433124847,0.26693142092239414
Bulk 72,0.20192654920506403,0.1731729366715345,0.0634305979141065,0.3785738301863196,0.1828960860229753
Bulk 73,0.315885239500533,0.18664043712361172,0.0,0.22390152524790777,0.2735727981279475
Bulk 74,0.19878527375933724,0.2268265816218373,0.10897278513629641,0.24685792945991838,0.2185574300226107
Bulk 75,0.4859946933564199,0.13395653774459806,0.0,0.16027788073858912,0.21977088816039297
Bulk 76,0.2840581674939271,0.06430270627328209,0.04190158863950815,0.45967769800872776,0.1500598395845548
Bulk 77,0.22245093324335244,0.1833114256838126,0.14286869256331947,0.22034484303253973,0.2310241054769758
Bulk 78,0.21206990422735905,0.21562233877787276,0.09604816975369612,0.2458937109119567,0.23036587632911543
Bulk 79,0.15917365331532737,0.17293298647525915,0.13501591967006168,0.3027378865217945,0.23013955401755729
Bulk 80,0.5362662101119888,0.14519917605668198,0.0,0.0,0.31853461383132914
Bulk 81,0.4349916862413332,0.09262367046153719,0.0,0.23249753740516632,0.23988710589196327
Bulk 82,0.7276628769378716,0.059586879564468634,0.0,0.0,0.21275024349765984
Bulk 83,0.19230208053282064,0.1886849427790651,0.0,0.32486684461024545,0.2941461320778688
Bulk 84,0.6127848497000311,0.0,0.0,0.3872151502999689,0.0
Bulk 85,0.28051899472518954,0.15559431599195073,0.10136279180441728,0.3359704152385325,0.12655348223991003
Bulk 86,0.11664610064152761,0.2126210447127809,0.052816702218714796,0.3455097780593704,0.2724063743676064
Bulk 87,0.5610873290883829,0.102621356980919,0.0,0.14578591280909287,0.19050540112160524
Bulk 88,0.13156368551071673,0.27121716052369466,0.0,0.26961356485693455,0.32760558910865406
Bulk 89,0.09982681768019767,0.19958214062153348,0.09822850947756599,0.40973643202776655,0.19262610019293633
Bulk 90,0.12500191722781986,0.173740735493247,0.1164901232293805,0.3438234949061492,0.24094372914340334
Bulk 91,0.2706856368228748,0.13320312268949075,0.002078718022997361,0.3668298981855127,0.22720262427912433
Bulk 92,0.39150833985877576,0.11291981671426021,0.0,0.23480590947074115,0.26076593395622294
Bulk 93,0.1512370656261586,0.13844224877398909,0.1598182268457666,0.35570854844600547,0.19479391030808024
Bulk 94,0.24088972240478518,0.2200217633353061,0.0,0.3493955725877479,0.1896929416721608
Bulk 95,0.23892816076480083,0.17625991376063732,0.029524793746455582,0.43711231300404546,0.11817481872406069
Bulk 96,0.8850707322008402,0.0,0.0,0.005170074630563247,0.10975919316859667
Bulk 97,0.3366574035835785,0.11699006672273324,0.23108346532536694,0.27469387284398183,0.040575191524339575
Bulk 98,0.3769971565023051,0.12890569002915334,0.1549834512155483,0.21784000520056976,0.12127369705242344
Bulk 99,0.36494737659144555,0.2125418615289092,0.0,0.23549422858354405,0.18701653329610116
Bulk 100,0.22694142883647106,0.1693948229825755,0.19911002158537647,0.2639168807300929,0.14063684586548414
Bulk 101,0.3832235804750897,0.15771824309966775,0.0,0.2911499518719428,0.16790822455329973
Bulk 102,0.1930620345006811,0.07617065633292698,0.12041391976217468,0.460837816919512,0.14951557248470518
Bulk 103,0.09322379628052366,0.2229009711034999,0.08746705127608462,0.35422541715815903,0.24218276418173282
Bulk 104,0.33184973227148323,0.0,0.20839543584180717,0.3243192429809662,0.13543558890574336
Bulk 105,0.3267806286724605,0.17948802923116405,0.05623279170383949,0.19013349949076172,0.24736505090177419
Bulk 106,0.8698461739856971,0.04187946904316349,0.0,0.0,0.08827435697113929
Bulk 107,0.7299918016829035,0.0,0.0,0.17597331107050435,0.09403488724659219
Bulk 108,0.18258650126981732,0.0,0.3459925780860754,0.4714209206441073,0.0
Bulk 109,0.14287052874719894,0.2535545131530973,0.048146499840273346,0.29342696407737334,0.2620014941820571
Bulk 110,0.7980276904398018,0.0,0.10235858485459279,0.09961372470560545,0.0
Bulk 111,0.5361333391523844,0.09233938562300024,0.24513655664787384,0.0,0.12639071857674156
Bulk 112,0.34704923188918607,0.1726483328332203,0.0,0.19056080593869898,0.28974162933889475
Bulk 113,0.7066022333526424,0.04798498336815339,0.0,0.0,0.24541278327920424
Bulk 114,0.2673331008536656,0.14543005866098507,0.050794192684619474,0.31603218929181515,0.22041045850891475
Bulk 115,0.5623317873794509,0.10877535515357076,0.0,0.042990218111177626,0.28590263935580074
Bulk 116,0.1650704777505945,0.18369500375616676,0.1152755182910221,0.3264137352168446,0.20954526498537196
Bulk 117,0.0,0.24929535625235252,0.04906409350125658,0.3530537596093936,0.3485867906369972
Bulk 118,0.16714915920706963,0.18532937266247418,0.07130348306917537,0.4574370492610696,0.11878093580021112
Bulk 119,0.25575193361237186,0.14549208991022078,0.08236077250310056,0.3011983465609796,0.21519685741332717
Bulk 120,0.3479317686022551,0.09365903504951857,0.0,0.3184300148883389,0.23997918145988742
Bulk 121,0.26512039342636756,0.13552902828193128,0.043252745044373625,0.3131402845929502,0.24295754865437744
Bulk 122,0.8612083514446657,0.0,0.0,0.0,0.13879164855533435
Bulk 123,0.35227363247809285,0.11593906811900284,0.0,0.260742233818361,0.2710450655845434
Bulk 124,0.33922485065991664,0.15037193097117174,0.11082928963694536,0.21069711182438106,0.18887681690758532
Bulk 125,0.4914514922110669,0.1358715308329842,0.005795668519550794,0.08126774775327043,0.2856135606831278
Bulk 126,0.13348118688755675,0.15551765383091118,0.03018961704067722,0.47770077813756423,0.2031107641032906
Bulk 127,0.3120197770708496,0.13935717290745725,0.06710655489469351,0.24630882286417416,0.23520767226282535
Bulk 128,0.28953058445721674,0.08594275022615026,0.0623940525341494,0.30403749943576497,0.25809511334671853
Bulk 129,0.37558509133379897,0.13518981127851357,0.05493428152966057,0.18633615975288975,0.24795465610513712
Bulk 130,0.6531174082774237,0.03786462919524352,0.0,0.07446375631080156,0.23455420621653117
Bulk 131,0.2815501254113327,0.19833828434628925,0.0,0.2024531448492428,0.31765844539313526
Bulk 132,0.822180567381674,0.051475358793906814,0.051702106583658036,0.0,0.0746419672407612
Bulk 133,0.6749667840540342,0.0,0.2155088560431534,0.0,0.10952435990281251
Bulk 134,0.24226161830638077,0.17266348231132855,0.0,0.3621242980196069,0.22295060136268383
Bulk 135,0.19331956643282805,0.1870899267909756,0.03216072207182191,0.2914897990646257,0.2959399856397488
Bulk 136,0.2857969015674853,0.19416919851725029,0.0,0.24646374514583602,0.2735701547694284
Bulk 137,0.36136585692255024,0.09696111846287148,0.0,0.35596710988425634,0.18570591473032208
Bulk 138,0.487786671913321,0.08860556391966767,0.0,0.11644388296235791,0.3071638812046533
Bulk 139,0.44254280081851355,0.0929979279731257,0.149673363102891,0.17142967150796454,0.14335623659750504
Bulk 140,0.2847052358687359,0.23523210045846366,0.0,0.2290897176226879,0.2509729460501125
Bulk 141,0.4199258669519168,0.09290504193487822,0.0,0.25500976765520983,0.232159323457995
Bulk 142,0.4266710419476193,0.021736526762715085,0.40701071563381713,0.08493674023908009,0.05964497541676834
Bulk 143,0.612885572755058,0.04645912615263736,0.0,0.14120656462336514,0.19944873646893949
Bulk 144,0.34872676064635244,0.17780028279662635,0.05363101697113747,0.17141547388361345,0.24842646570227014
Bulk 145,0.6128021638093476,0.06975459644404268,0.0,0.0,0.31744323974660965
Bulk 146,0.26401058818912077,0.11352076159395356,0.10584259237914391,0.38423334338858756,0.13239271444919418
Bulk 147,0.33358115165232927,0.0,0.16712145820545873,0.49929739014221197,0.0
Bulk 148,0.30587996121396877,0.09171688293356968,0.27308847250554896,0.21985661147695093,0.10945807186996175
Bulk 149,0.2704000821542847,0.26474027959011315,0.08243165303131965,0.16589288106177652,0.21653510416250601
Bulk 150,0.15502214231358707,0.0,0.14709927440355205,0.5447475456752638,0.15313103760759697
Bulk 151,0.38145885380461575,0.09922714391762812,0.0,0.23541108489912377,0.28390291737863227
Bulk 152,0.3197254169172482,0.22015844681947008,0.1193860883253341,0.0547561629032583,0.28597388503468923
Bulk 153,0.16155945084719409,0.21414459827216434,0.13157581283870307,0.18892727418120872,0.3037928638607298
Bulk 154,0.20235672310695593,0.19876319767719475,0.21128683357905276,0.23086915120224333,0.15672409443455318
Bulk 155,0.23044039227840388,0.13320645494772285,0.04545475808161429,0.24694877179240474,0.3439496228998543
Bulk 156,0.4969743809180829,0.12592832839655196,0.0,0.12864770726911795,0.2484495834162472
Bulk 157,0.20214552221362964,0.21534785459909467,0.007674032602432054,0.34315649957191824,0.2316760910129255
Bulk 158,0.5034463883594883,0.14746950447997417,0.025309781250652297,0.17483354980838967,0.14894077610149561
Bulk 159,0.34443167666537683,0.17004724796716045,0.0,0.23574493066354343,0.24977614470391943
Bulk 160,0.25752998296476876,0.18182355609142145,0.03990270343374452,0.40107753976708677,0.11966621774297856
Bulk 161,0.6342254074140307,0.06225605800969334,0.0,0.016497017323589526,0.2870215172526865
Bulk 162,0.42756511466542824,0.141496767458686,0.03425870358979888,0.08724457167439313,0.3094348426116938
Bulk 163,0.4078652506531586,0.19963603335369248,0.006444144236970772,0.15754177079116308,0.2285128009650151
Bulk 164,0.35012111895967507,0.22139292293928253,0.056431403493538354,0.09992816652135582,0.2721263880861481
Bulk 165,0.338649175218662,0.011228710596655372,0.1258593348869312,0.4092330045339903,0.11502977476376111
Bulk 166,0.12527537518611825,0.10964543800649929,0.4083629570121095,0.25755882147517584,0.09915740832009709
Bulk 167,0.3468854980888512,0.17321663614327282,0.04124441319693598,0.15724590841458866,0.28140754415635144
Bulk 168,0.3325656306794978,0.1229160021127466,0.08606785131604539,0.3580159886583547,0.10043452723335553
Bulk 169,0.5077898697642922,0.12209707512767932,0.0,0.14287233556195666,0.22724071954607203
Bulk 170,0.0985048859080367,0.07098098922418754,0.34861960772266587,0.12469786879100737,0.3571966483541026
Bulk 171,0.160651884788952,0.12982069517546577,0.0,0.4523378956253745,0.2571895244102077
Bulk 172,0.1395307229129922,0.13190471963873668,0.11172563368039236,0.31457842385369494,0.30226049991418374
Bulk 173,0.3300219649433302,0.13460184268743158,0.15514340596312962,0.16554451000175166,0.21468827640435684
Bulk 174,0.7026241933824358,0.05357326325591835,0.0,0.05164823897460134,0.19215430438704453
Bulk 175,0.33547421785425086,0.06438518902952442,0.08000866867052009,0.2845789352441662,0.23555298920153825
Bulk 176,0.01428422559220152,0.2279331661295394,0.09747516845175261,0.30308974724388205,0.3572176925826244
Bulk 177,0.05164666395701634,0.2148001278971065,0.25033190347118817,0.24113071123675053,0.24209059343793832
Bulk 178,0.25328399190469003,0.1386092454227276,0.15081080493770518,0.37775095823021576,0.07954499950466148
Bulk 179,0.28281642711881533,0.1611164846766063,0.028734488308486992,0.25917667645406683,0.2681559234420245
Bulk 180,0.0,0.26763305770124785,0.12241839984080097,0.2881390218558169,0.3218095206021343
Bulk 181,0.3356675539679839,0.16084665490237135,0.0,0.19325126529682177,0.31023452583282307
Bulk 182,0.04468756985780193,0.19245633968765838,0.2084138779395473,0.2725913068842991,0.2818509056306933
Bulk 183,0.38884350629959186,0.1360639238008892,0.012020052223181553,0.19834637058215998,0.2647261470941773
Bulk 184,0.14080952485491766,0.2190931997174042,0.09100396111803807,0.37929680288012285,0.1697965114295172
Bulk 185,0.4936242583430367,0.15091118282272195,0.0,0.1620432381647086,0.19342132066953277
Bulk 186,0.6228841263792948,0.05171671310188573,0.03773032260530714,0.10677222831323308,0.1808966096002793
Bulk 187,0.7689116818912617,0.0,0.0,0.058085245253166724,0.17300307285557165
Bulk 188,0.32714983118840013,0.09291227907318146,0.1634851734618546,0.14852188208426748,0.2679308341922964
Bulk 189,0.3380850602701586,0.1290280452850689,0.0,0.23742771918465655,0.295459175260116
Bulk 190,0.5253281704561293,0.023806605188004034,0.06314362332204801,0.2123099743281643,0.1754116267056543
Bulk 191,0.5822499394762426,0.1068459447424089,0.0,0.05936852409311047,0.251535591688238
Bulk 192,0.5788007741080712,0.0,0.06655092844566203,0.20914528063288002,0.14550301681338682
Bulk 193,0.8010585908497153,0.0,0.0,0.0,0.19894140915028474
Bulk 194,0.7592038625492156,0.0,0.08192430863307877,0.011571276025491944,0.14730055279221374
Bulk 195,0.3110187995308281,0.25002450803831305,0.0,0.10420088773320924,0.3347558046976496
Bulk 196,0.29953448971544816,0.21709334127401891,0.0,0.22428077497489607,0.2590913940356368
Bulk 197,0.2549534603232361,0.22776086688220482,0.0,0.2536439896967643,0.2636416830977947
Bulk 198,0.7852039251985016,0.022556782389555864,0.0,0.08805096014397688,0.1041883322679657
Bulk 199,0.36914385703742303,0.11865168318736583,0.0,0.22176999019262472,0.29043446958258645
Bulk 200,0.25605284540088497,0.06198921701643981,0.22288446018315833,0.3622611708950701,0.09681230650444667
Bulk 201,0.30226638841549414,0.18772013099303245,0.027005804606268398,0.34002325713001386,0.14298441885519114
Bulk 202,0.2973760402073949,0.12860962499770806,0.14935751676549522,0.3089182230427476,0.11573859498665436
Bulk 203,0.5562074123304591,0.13331975030560936,0.0,0.1490594410820763,0.1614133962818553
Bulk 204,0.48347134264667163,0.14027638994355376,0.0,0.17096795451101013,0.20528431289876448
Bulk 205,0.23630556355587296,0.1551627464298945,0.20459294192443836,0.1927066664960948,0.21123208159369938
Bulk 206,0.5072788409631089,0.07458528660020337,0.19289891729570957,0.09440781574902034,0.13082913939195775
Bulk 207,0.17996077663641807,0.1677243731179084,0.16856764117429024,0.2533460622311654,0.23040114684021795
Bulk 208,0.1769214184105724,0.20729303156143972,0.0,0.26867290713056635,0.34711264289742155
Bulk 209,0.44581575190059053,0.03022780683079825,0.2255717853834871,0.16733180261809003,0.1310528532670341
Bulk 210,0.6282442236685292,0.07322308073563435,0.0,0.11783491451679387,0.18069778107904247
Bulk 211,0.058551431061558176,0.15862613352656954,0.21134346895149977,0.30106705067623696,0.2704119157841356
Bulk 212,0.5084332238687624,0.17774748771759347,0.05967867380338132,0.0741373695374706,0.18000324507279222
Bulk 213,0.2633754460263342,0.13454388966208,0.0,0.36380486122397115,0.23827580308761445
Bulk 214,0.7078829663666333,0.03504225795634499,0.0,0.0,0.2570747756770217
Bulk 215,0.5299410425926386,0.0785210298680425,0.0,0.07133635374327936,0.32020157379603936
Bulk 216,0.2361509516673868,0.14375534473132667,0.0,0.28160601828507836,0.33848768531620815
Bulk 217,0.2564566281903735,0.20182025706640475,0.0,0.28348123156729627,0.2582418831759254
Bulk 218,0.1350627054911884,0.14811135295211866,0.20355297095415448,0.34745711312477773,0.16581585747776081
Bulk 219,0.23309014365943267,0.18570651507558897,0.0974168847312428,0.255073621192744,0.22871283534099154
Bulk 220,0.5195886048114876,0.14998969896893813,0.0,0.01224271629341019,0.3181789799261642
Bulk 221,0.5310944826937246,0.14500655528001935,0.0114855572534961,0.129482363273383,0.182931041499377
Bulk 222,0.24958294529381947,0.0,0.15704185407145918,0.4064223197077102,0.18695288092701107
Bulk 223,0.11393438074540704,0.23250811952828984,0.1792338100416086,0.25066487563819995,0.2236588140464945
Bulk 224,0.46157182622514564,0.030584339918064855,0.34626001910488174,0.0,0.16158381475190767
Bulk 225,0.8890797960443123,0.043605699784224544,0.0,0.0,0.06731450417146315
Bulk 226,0.3277645313269693,0.22761211404339976,0.027280560333397208,0.19971446179830502,0.21762833249792876
Bulk 227,0.4774796590120303,0.0,0.17586641916116205,0.0,0.3466539218268077
Bulk 228,0.29987462607234705,0.20599778305648536,0.1763729785055934,0.15442675647780793,0.16332785588776624
Bulk 229,0.5312565119520437,0.11713270984227601,0.0,0.2181035534212704,0.1335072247844099
Bulk 230,0.13359547851797982,0.08888269615928437,0.1598111264491768,0.4254891412022974,0.19222155767126153
Bulk 231,0.22569526351880626,0.1941456713523823,0.037287314820999395,0.34400015585338994,0.198871594454422
Bulk 232,0.0552570488805044,0.2748248537917202,0.05539889990192166,0.36212037828148746,0.2523988191443663
Bulk 233,0.5358760080925282,0.0,0.0,0.46412399190747183,0.0
Bulk 234,0.23476118768363843,0.21029280175681547,0.0,0.16735839271520572,0.3875876178443404
Bulk 235,0.5037825789913702,0.01496635798120335,0.2745286743208489,0.18285980085389877,0.023862587852678734
Bulk 236,0.045805726546814855,0.21710213457259672,0.154169712906134,0.2566480269901538,0.32627439898430066
Bulk 237,0.4541511966380832,0.14402499558385798,0.0,0.08670815594982305,0.31511565182823575
Bulk 238,0.28410722677403993,0.12130402711883556,0.13040733864904022,0.1699739945057187,0.2942074129523656
Bulk 239,0.06399777855446298,0.2507374174714802,0.1290038575368577,0.251926210684351,0.3043347357528481
Bulk 240,0.4361309992804685,0.10320878458257338,0.0,0.30424092761371624,0.15641928852324183
Bulk 241,0.030279069565140718,0.2881655380807845,0.04371374017976803,0.32466766679940223,0.3131739853749045
Bulk 242,0.9023349943861625,0.0,0.0,0.0,0.09766500561383747
Bulk 243,0.3489237830786999,0.10546445775481997,0.0813775985282616,0.2061576348568204,0.25807652578139817
Bulk 244,0.4051586667119894,0.1716263182280269,0.10521990056898789,0.13056804882860343,0.18742706566239234
Bulk 245,0.7679062133812132,0.006969531051742931,0.0,0.0,0.2251242555670437
Bulk 246,0.06930667875662033,0.26662770492243093,0.056066842430085,0.30301190483819995,0.3049868690526637
Bulk 247,0.17574383071398433,0.20302405212250846,0.22297737170360762,0.19363012599309984,0.20462461946679983
Bulk 248,0.4125422696831415,0.22603108004595687,0.045308383886867976,0.06986736961877628,0.2462508967652573
Bulk 249,0.858742629532709,0.03364371766492136,0.0,0.0,0.10761365280236962
Bulk 250,0.1673196584439463,0.16942336661725305,0.35486697626819647,0.21465793404243988,0.0937320646281643
Bulk 251,0.48664396694092826,0.0,0.02253860418643522,0.49081742887263646,0.0
Bulk 252,0.3541022676319994,0.2171116027323197,0.0,0.10067158156363447,0.3281145480720464
Bulk 253,0.10258300284199139,0.20374652675435845,0.16794362910732452,0.33085844709158024,0.19486839420474544
Bulk 254,0.5509809744569385,0.11290480882320812,0.018537819853131632,0.13422499397456275,0.183351402892159
Bulk 255,0.19812797028929977,0.2258258246288014,0.016174422684494788,0.2488998293117296,0.3109719530856745
Bulk 256,0.18717640612479766,0.16351690709562436,0.0,0.41792528076210017,0.23138140601747767
Bulk 257,0.4405480608572034,0.33570867263538534,0.0,0.0,0.22374326650741125
Bulk 258,0.29932770320132285,0.13327955007319697,0.12730246739847284,0.1758063464165263,0.26428393291048097
Bulk 259,0.383980437474534,0.19379516703550126,0.0,0.1718880814937641,0.25033631399620077
Bulk 260,0.056625236404999064,0.20620507007598424,0.08832905147509065,0.4084393488064084,0.24040129323751755
Bulk 261,0.02746964270354721,0.24405853370603073,0.22112888710681325,0.2768406960727305,0.23050224041087836
Bulk 262,0.4168288041817354,0.21744791412879627,0.04456750900713311,0.125104629264362,0.1960511434179732
Bulk 263,0.2476160230477043,0.21277836313888526,0.021244733537568127,0.27503118478517746,0.24332969549066488
Bulk 264,0.5744114723878616,0.0,0.0,0.265267416550712,0.16032111106142635
Bulk 265,0.11099858503912222,0.2120256597488583,0.0,0.37733025153175453,0.29964550368026477
Bulk 266,0.5101398546153125,0.07216004642380916,0.0,0.21804004219015982,0.1996600567707185
Bulk 267,0.24682929171948162,0.18820934552433333,0.03789264604262785,0.2979597920825231,0.22910892463103408
Bulk 268,0.287739833982325,0.15606252213907862,0.1007334196418913,0.32815604427323775,0.12730817996346744
Bulk 269,0.389132255131873,0.1694824170728457,0.0,0.22324226968784333,0.21814305810743806
Bulk 270,0.4102598359492386,0.1801650436531912,0.08085640722782976,0.13608150372740696,0.19263720944233356
Bulk 271,0.0,0.06167931783805591,0.37900917419124536,0.40238625619017865,0.15692525178052
Bulk 272,0.2162962356654851,0.21645527133163417,0.04287216233099782,0.20288969021575673,0.32148664045612635
Bulk 273,0.22838035898493736,0.21124469411880115,0.15610420956003726,0.18212579450756683,0.2221449428286574
Bulk 274,0.47468066713091106,0.050097299693641684,0.14180888726663626,0.1531632258122733,0.18024992009653779
Bulk 275,0.03949396457968971,0.20784680417672566,0.10259689533098465,0.3632245271175613,0.2868378087950387
Bulk 276,0.5975597262868506,0.0,0.04970636203149281,0.2268272682937086,0.12590664338794788
Bulk 277,0.7235912881083437,0.11074077766484526,0.0,0.16566793422681106,0.0
Bulk 278,0.5726972878063536,0.04187934999571738,0.027482424272918107,0.29978476117346975,0.058156176751541194
Bulk 279,0.13193313607719018,0.12478904980917935,0.2280441021783564,0.34649354388924886,0.16874016804602518
Bulk 280,0.549740606576801,0.08547031397874613,0.1384692615381955,0.0327048650825651,0.19361495282369243
Bulk 281,0.33053811422315454,0.15040816518483166,0.1665454482100581,0.17108739377402857,0.1814208786079273
Bulk 282,0.3994292942049252,0.1284276276127092,0.12371976062169748,0.2473129335830246,0.10111038397764342
Bulk 283,0.4147649457901859,0.15461554327133292,0.14748209019265343,0.10359896594445112,0.17953845480137665
Bulk 284,0.5561363874305607,0.08416186190574317,0.22081191280908202,0.01703305921835188,0.12185677863626226
Bulk 285,0.47968588351063596,0.22571627470496308,0.020310645477406124,0.0,0.2742871963069948
Bulk 286,0.08945367828543922,0.22535626791431157,0.20760298603714009,0.14797589051950755,0.3296111772436014
Bulk 287,0.21971457361900515,0.09215066848917962,0.14952031638684596,0.4641295740873771,0.07448486741759223
Bulk 288,0.5719886641019382,0.11776602470668154,0.08242424981590173,0.10947527005520992,0.11834579132026875
Bulk 289,0.9556994542518519,0.0,0.0,0.0,0.04430054574814812
Bulk 290,0.12823692948691442,0.2388668108625971,0.0017188363123838855,0.3009769345756711,0.3302004887624336
Bulk 291,0.41031482253517987,0.07962941655965271,0.2845687165842205,0.08421184389553228,0.14127520042541458
Bulk 292,0.4929355719736067,0.18691957037914073,0.0,0.06581905035975319,0.25432580728749943
Bulk 293,0.22020280335857473,0.20715793911389954,0.07198182807076843,0.2552854781899284,0.245371951266829
Bulk 294,0.26789433107664745,0.19559977568428127,0.13502738402574063,0.12326008007340025,0.27821842913993045
Bulk 295,0.1849405055002289,0.18442809748800637,0.24649900318535803,0.21869839161254107,0.1654340022138656
Bulk 296,0.7057470237364187,0.06052461999850591,0.0,0.0,0.2337283562650753
Bulk 297,0.7957643558777368,0.047118401747822634,0.0,0.054857004125514724,0.10226023824892583
Bulk 298,0.4077239457755687,0.0,0.20797250926677158,0.30273037818531645,0.08157316677234328
Bulk 299,0.66633671070456,0.09257714737932107,0.06978887307361367,0.0,0.17129726884250535
Bulk 300,0.16722341021547737,0.2304885003281909,0.09947370552927087,0.25566262370556214,0.24715176022149873
Bulk 301,0.04875173172508886,0.25047019533456877,0.0,0.25392233070877723,0.4468557422315651
Bulk 302,0.3030310957581129,0.11634919182232534,0.0,0.44852640583134673,0.132093306588215
Bulk 303,0.4276326738690555,0.133414033190519,0.0,0.234970414306271,0.20398287863415443
Bulk 304,0.4343773189265835,0.21209324104695076,0.09749859480653424,0.0904321502144875,0.16559869500544389
Bulk 305,0.6345615710294973,0.12085697646631724,0.0,0.010633583902378582,0.23394786860180689
Bulk 306,0.6734387360943213,0.08623117407323802,0.0,0.0,0.2403300898324407
Bulk 307,0.44833455569581704,0.1033053322556485,0.07499360134094152,0.09046492162758318,0.2829015890800098
Bulk 308,0.3499485285061365,0.16965569852230403,0.05438352064595005,0.2406839062529413,0.1853283460726681
Bulk 309,0.4565346525996882,0.14484207511258246,0.0,0.0867756686788319,0.31184760360889746
Bulk 310,0.5717301259368799,0.18972638097804168,0.03842739090635968,0.0,0.2001161021787188
Bulk 311,0.29497128557617325,0.13953596155588394,0.15244024408854193,0.3562419670262071,0.05681054175319362
Bulk 312,0.4773977435029295,0.08306219896931732,0.1938688047175034,0.0,0.2456712528102498
Bulk 313,0.32084335513020185,0.1467914109331324,0.0,0.22288940875661065,0.3094758251800551
Bulk 314,0.514826328165896,0.1398443431859003,0.0,0.0387623947361761,0.30656693391202766
Bulk 315,0.691831659711761,0.05193411960316884,0.0,0.0,0.2562342206850701
Bulk 316,0.40771600763223037,0.15244592839441656,0.008013461575727934,0.15056771907618824,0.28125688332143695
Bulk 317,0.2607700996078383,0.2589774924751918,0.07703328099774881,0.10919125404313648,0.2940278728760847
Bulk 318,0.3829136882705669,0.11870024579208042,0.1046257308615928,0.3130003817025651,0.08075995337319469
Bulk 319,0.14310183355111109,0.27266090894021766,0.02216108273947609,0.26971681073932335,0.2923593640298717
Bulk 320,0.47746920120164665,0.18661669075056955,0.0,0.0,0.3359141080477838
Bulk 321,0.6584678395119775,0.0,0.0,0.018076278403932288,0.3234558820840902
Bulk 322,0.3196390826461752,0.1322907772381463,0.0,0.32149830855156003,0.2265718315641186
Bulk 323,0.3188440818715979,0.22211630410408081,0.03940016194596216,0.1869634045390714,0.23267604753928767
Bulk 324,0.7729612459578928,0.0006790160022799301,0.0,0.0,0.22635973803982712
Bulk 325,0.41954662766160156,0.08582535906698811,0.2886740087922755,0.0034710527263125458,0.20248295175282227
Bulk 326,0.0,0.2801781407404341,0.30788370995944864,0.13821363286964322,0.273724516430474
Bulk 327,0.49260791708951807,0.20261758649307848,0.0,0.024426347042464665,0.2803481493749388
Bulk 328,0.308033128587947,0.14925547916248524,0.10805925091435124,0.16594108615330694,0.2687110551819095
Bulk 329,0.4630618071415981,0.15461708686647535,0.08989770193618439,0.12715588776880662,0.16526751628693542
Bulk 330,0.7628794046528625,0.12388051146130771,0.04105182780690048,0.015233321004039818,0.05695493507488956
Bulk 331,0.1763107332143563,0.17860010100803234,0.16459570160943482,0.2669663999815484,0.21352706418662826
Bulk 332,0.2251850922827944,0.26447500494422443,0.09733243160265406,0.04616052499325183,0.3668469461770753
Bulk 333,0.5730550450339306,0.12385401997198994,0.0,0.0,0.3030909349940796
Bulk 334,0.24812772701597538,0.0,0.0,0.7518722729840246,0.0
Bulk 335,0.5815694868036982,0.07996568869345154,0.04355940077251521,0.14889395549633916,0.14601146823399572
Bulk 336,0.5156086807177801,0.04056783503454466,0.045209978894770464,0.17007684936106038,0.22853665599184453
Bulk 337,0.23469961862451125,0.0,0.1998719010473966,0.4627253584837745,0.10270312184431761
Bulk 338,0.23165114350117313,0.19254322441462654,0.0,0.3380594038095102,0.23774622827469022
Bulk 339,0.7960733101268649,0.0,0.0,0.0,0.20392668987313523
Bulk 340,0.38298882523514394,0.18252961045258748,0.07409310732696378,0.2154636755596453,0.14492478142565957
Bulk 341,0.2939671466958947,0.12661497891117898,0.1904428512237026,0.2058840531457999,0.18309097002342384
Bulk 342,0.03218384002437873,0.0,0.4047099891323769,0.5348790255197022,0.02822714532354218
Bulk 343,0.2075369053047564,0.16205587339747535,0.030913733187881147,0.2624956378086598,0.33699785030122725
Bulk 344,0.6639363844359748,0.014915074090020396,0.0,0.0,0.3211485414740048
Bulk 345,0.777234738185914,0.0,0.0,0.0,0.22276526181408599
Bulk 346,0.07924694469133961,0.24655255215217292,0.12623937293196327,0.2427669515009117,0.30519417872361243
Bulk 347,0.15867761356448593,0.17925897536187732,0.14531260456056427,0.321920662849208,0.19483014366386456
Bulk 348,0.47957577258543754,0.1835655904039384,0.09128737343307132,0.05159208868897141,0.19397917488858138
Bulk 349,0.15026886145832205,0.26674617577508164,0.06105943686138826,0.25519718169309386,0.2667283442121143
Bulk 350,0.2851341189250568,0.29187877691858954,0.0,0.07486130847815403,0.3481257956781997
Bulk 351,0.4483692780306657,0.02191492773713001,0.3687443822641792,0.16097141196802522,0.0
Bulk 352,0.1872909476248172,0.02320008382834179,0.2411277357478529,0.4049798880803773,0.1434013447186107
Bulk 353,0.4100222701028637,0.20844474454369258,0.0037655916633078158,0.09379707896121851,0.2839703147289174
Bulk 354,0.7431780737925694,0.0,0.0,0.0,0.2568219262074306
Bulk 355,0.27805073051878065,0.17978701577565578,0.05201554414369301,0.2323803522731108,0.25776635728875985
Bulk 356,0.5972895750930755,0.0,0.03171177729968562,0.11659847288187931,0.2544001747253596
Bulk 357,0.33790388230383345,0.21588577932167974,0.0,0.22406267911555316,0.22214765925893365
Bulk 358,0.3353485391800478,0.150418176030107,0.0,0.17286441129600863,0.34136887349383666
Bulk 359,0.1385666506568367,0.192184670309527,0.1317521953680028,0.31286650441217234,0.2246299792534613
Bulk 360,0.42038967491256524,0.13336207998091779,0.0,0.007362216364127944,0.43888602874238897
Bulk 361,0.46738323576443824,0.1058261243830371,0.10011264587831838,0.17418124529813792,0.15249674867606847
Bulk 362,0.07119207262221704,0.14584305383746418,0.026431824264144754,0.532328591950398,0.22420445732577607
Bulk 363,0.08358386844046163,0.24041094645840122,0.042419546826719806,0.268150486057922,0.3654351522164952
Bulk 364,0.25996356471109694,0.18497113015530203,0.040872646246477164,0.23590039705297572,0.2782922618341481
Bulk 365,0.4963772461435352,0.08908545505742002,0.0,0.2151540336471252,0.19938326515191965
Bulk 366,0.2550061336288649,0.1856805357945421,0.0,0.2386941901136851,0.3206191404629079
Bulk 367,0.4204509956023234,0.1446628245891154,0.0,0.21439911825687472,0.2204870615516863
Bulk 368,0.03232960186637205,0.29982763982688493,0.02321540859417044,0.21261733469778582,0.4320100150147868
Bulk 369,0.2982651933871794,0.21016609478082982,0.0,0.2497384821083497,0.24183022972364113
Bulk 370,0.405912631372724,0.13013803739700225,0.0,0.15913321257193855,0.3048161186583352
Bulk 371,0.4972654274189048,0.23733709010320808,0.0,0.0,0.2653974824778872
Bulk 372,0.22796836813130716,0.23719963741403327,0.0,0.22192505051723638,0.3129069439374231
Bulk 373,0.21836448302336692,0.24896218185956026,0.01438796667220554,0.2727239508848879,0.24556141755997948
Bulk 374,0.5096203718729104,0.03975291241780379,0.19718806808461758,0.0,0.2534386476246682
Bulk 375,0.24354461399324448,0.2942038867151385,0.0,0.20456961407929855,0.2576818852123185
Bulk 376,0.7082872085755374,0.012177489289604581,0.0,0.0,0.279535302134858
Bulk 377,0.07915943719312418,0.2670550626283683,0.06989535452258634,0.30236775735412214,0.28152238830179915
Bulk 378,0.12915649262633122,0.22825378891733206,0.02228578327091572,0.1524854172813703,0.4678185179040508
Bulk 379,0.4312587166660145,0.16262102325845998,0.0,0.0,0.4061202600755255
Bulk 380,0.5048926577435118,0.0865682742222449,0.18919266919987568,0.10833234464158117,0.11101405419278648
Bulk 381,0.48927158378478547,0.10558118193606404,0.019572760909778972,0.16708747994849818,0.2184869934208733
Bulk 382,0.29428840374895304,0.1935059467407256,0.0,0.2541952882588968,0.25801036125142457
Bulk 383,0.3209133762364564,0.09969431557930869,0.08666606761462634,0.35025629747602205,0.14246994309358657
Bulk 384,0.15947205023653774,0.2953242822959987,0.03655005774422937,0.10378700950725891,0.4048666002159753
Bulk 385,0.26138962546672534,0.0,0.24267280341429567,0.4464416790457678,0.049495892073211166
Bulk 386,0.6515898385277399,0.02495621190032817,0.0,0.07932319615287922,0.24413075341905272
Bulk 387,0.5520296347880738,0.09757470580138164,0.0,0.09750898881523024,0.25288667059531433
Bulk 388,0.3084808294158637,0.27721636782410153,0.0,0.10325556388990666,0.31104723887012814
Bulk 389,0.30002565431291195,0.2759776713558363,0.10805932002368254,0.0,0.31593735430756925
Bulk 390,0.38233138970192737,0.09657042435740566,0.0,0.2659718904214209,0.25512629551924615
Bulk 391,0.2779251253775225,0.18651344563622455,0.0,0.2673644955545067,0.2681969334317463
Bulk 392,0.09534565829709252,0.22590731867080802,0.08234236393816066,0.32458750538459225,0.27181715370934667
Bulk 393,0.46008491896387077,0.10446087336794616,0.0,0.23434659801353952,0.20110760965464347
Bulk 394,0.3348354190254348,0.1635273763375144,0.0,0.2927608216269888,0.20887638301006203
Bulk 395,0.3027118490319378,0.2350914895424765,0.0848219563559562,0.11995991058310362,0.25741479448652577
Bulk 396,0.5258840488652936,0.14779256678534913,0.0,0.0,0.32632338434935726
Bulk 397,0.5097561286666661,0.18662131841444324,0.030547077292113527,0.11178226461496463,0.16129321101181265
Bulk 398,0.49509368131300874,0.1051754060566109,0.15003795198527625,0.07683119114909746,0.1728617694960067
Bulk 399,0.8336706561125233,0.0,0.0,0.07285078894798068,0.09347855493949599
Bulk 400,0.3359744929066792,0.12647150009101712,0.22540682877597323,0.16633969774731738,0.14580748047901312
Bulk 401,0.5679473585050345,0.1677650397017259,0.0,0.0,0.2642876017932395
Bulk 402,0.2397009366939718,0.23201743834963384,0.13526754526261248,0.0,0.39301407969378177
Bulk 403,0.2022483487034698,0.2297492368739408,0.02611785218314859,0.21607940121718772,0.325805161022253
Bulk 404,0.6638567071252713,0.06158473145918029,0.0,0.15885384211474146,0.11570471930080704
Bulk 405,0.5616753652829748,0.029864142210972888,0.10592060691538173,0.2541761307285132,0.04836375486215753
Bulk 406,0.47147696906625153,0.0868488372485678,0.13258899220025008,0.2343911897724946,0.07469401171243614
Bulk 407,0.9050039306578165,0.0,0.0,0.0,0.09499606934218344
Bulk 408,0.3179462149566562,0.2763827925806656,0.0,0.03254234863665017,0.37312864382602795
Bulk 409,0.22250454508400375,0.16481089076227426,0.2985249675812864,0.1814500746756365,0.13270952189679913
