,Ast,End,Mic,Neu,Oli
Bulk 0,0.1435246625378173,0.09118536861031316,0.19964149518333973,0.37220165683979634,0.19344681682873344
Bulk 1,0.4376990508214657,0.14060252484652677,0.0,0.24869925350489705,0.17299917082711042
Bulk 2,0.5556705681493501,0.0,0.14884195634287467,0.2954874755077753,0.0
Bulk 3,0.14241193441337013,0.18910535753068153,0.15527608387367722,0.28151049548194423,0.2316961287003269
Bulk 4,0.5102733917521153,0.07327778563028929,0.0,0.14602002056526037,0.27042880205233516
Bulk 5,0.07758614524058623,0.15321249002662418,0.050048419581750034,0.47329672165550407,0.24585622349553543
Bulk 6,0.45449272961611736,0.14423514965249795,0.18662627342345772,0.0,0.21464584730792707
Bulk 7,0.28795962252810753,0.142228858445356,0.05074818712266168,0.2905009903003509,0.22856234160352393
Bulk 8,0.34844399965774614,0.1305385941371049,0.0,0.37096628347931787,0.15005112272583124
Bulk 9,0.6470815759994192,0.035712432245343664,0.0,0.008606035094963004,0.3085999566602742
Bulk 10,0.04722701949675263,0.21957496098670773,0.032927013895883865,0.3878389026527647,0.312432102967891
Bulk 11,0.0018605414047941557,0.21338745804068895,0.13794067665479615,0.39533556565036754,0.25147575824935325
Bulk 12,0.4671503061973578,0.0743829107319132,0.032576130960005424,0.20051748781436202,0.22537316429636173
Bulk 13,0.030969810827502678,0.21017943292816885,0.10929366294327335,0.42873145037688115,0.2208256429241741
Bulk 14,0.6096534279559521,0.08888523617857423,0.0,0.06061891734288156,0.24084241852259203
Bulk 15,0.6864313006918275,0.0,0.0,0.1825345348540535,0.13103416445411922
Bulk 16,0.2990450001715947,0.1849056379392544,0.07436652507954307,0.2280077365021032,0.2136751003075046
Bulk 17,0.6968419411120791,0.07283122331070846,0.0,0.05608698416022974,0.17423985141698278
Bulk 18,0.4866289365923255,0.07587072014117906,0.0,0.27384075014347375,0.16365959312302164
Bulk 19,0.10765008210965102,0.20656127093230844,0.043190079832946836,0.3425515113933461,0.3000470557317476
Bulk 20,0.0,0.14001979585174398,0.21641094266338257,0.38023379635772775,0.2633354651271457
Bulk 21,0.2927737585322123,0.07549308514716123,0.02289231218935363,0.5136738170043861,0.09516702712688674
Bulk 22,0.10088468679950052,0.11779593612303273,0.20674144096559996,0.574088189479237,0.0004897466326296482
Bulk 23,0.008511158943647398,0.2606234456558414,0.0518846826517785,0.35592633811741964,0.32305437463131315
Bulk 24,0.1760129728694133,0.21065307654849677,0.12133656845024744,0.2998956522453911,0.19210172988645122
Bulk 25,0.08390591961125313,0.18997078570256978,0.0,0.39342560880676924,0.3326976858794078
Bulk 26,0.2660875989634339,0.06219469115708457,0.0,0.3587728757976972,0.3129448340817844
Bulk 27,0.4517809731506386,0.18658829239974514,0.0,0.09773834059108744,0.26389239385852886
Bulk 28,0.48417267277619536,0.1165633473864745,0.018016521091503035,0.027629895745832748,0.3536175629999942
Bulk 29,0.2862193584738338,0.17260986373305517,0.0,0.22307118254100686,0.31809959525210413
Bulk 30,0.3319546427117879,0.1236889993190386,0.0,0.23247133348884144,0.31188502448033206
Bulk 31,0.3843962147215624,0.1453469841409089,0.0,0.22865278132054961,0.2416040198169791
Bulk 32,0.22473256206404563,0.20096157399536355,0.053646198257523856,0.24001980828710323,0.28063985739596364
Bulk 33,0.3052652603483777,0.01949660692897503,0.1813913483384473,0.4938467843842,0.0
Bulk 34,0.12412592390902685,0.16934006318554237,0.10775899340944688,0.3773183690658122,0.2214566504301718
Bulk 35,0.6192983100926266,0.041847856573736644,0.017242563386370473,0.09846065487662246,0.22315061507064382
Bulk 36,0.4427375978097183,0.035511783217649286,0.19600596888953,0.2059446530297559,0.11979999705334655
Bulk 37,0.6716032306877747,0.0566087711570315,0.0,0.06109137397009077,0.21069662418510302
Bulk 38,0.5339005260598828,0.059868397476295694,0.0,0.2892142751466812,0.11701680131714039
Bulk 39,0.03119547290707,0.2257645157413011,0.06302907998812846,0.38260625840780943,0.297404672955691
Bulk 40,0.3904098207093865,0.04166502676807466,0.0,0.39431624436684604,0.17360890815569288
Bulk 41,0.5488966110401198,0.1093934772986362,0.0,0.11983024053079683,0.22187967113044707
Bulk 42,0.4093176325485256,0.08541417576702078,0.0,0.2745359114984781,0.2307322801859755
Bulk 43,0.2147244449039451,0.01077156811795789,0.1605049845791275,0.4670884257616896,0.1469105766372799
Bulk 44,0.5775211768268919,0.014449737340185115,0.1985535344170742,0.04741667717394734,0.1620588742419014
Bulk 45,0.4958694669280497,0.11752292958902255,0.13465371764284736,0.05322114730898903,0.19873273853109133
Bulk 46,0.4952759098062064,0.11399419815107383,0.06393659072681665,0.15778495585775967,0.16900834545814353
Bulk 47,0.2943383429363885,0.14277343526362604,0.0,0.24948147915101,0.31340674264897533
Bulk 48,0.34388324508035634,0.13894664670279186,0.08112332393638205,0.2537067532399502,0.18234003104051943
Bulk 49,0.24613317349503727,0.21945780986390645,0.03783684037036246,0.22402290697759505,0.27254926929309875
Bulk 50,0.1683468122875552,0.09617021492272972,0.2796875280047028,0.2504694496718385,0.20532599511317365
Bulk 51,0.3720188071802394,0.12837142719099545,0.0,0.25374893334991816,0.24586083227884697
Bulk 52,0.09568876237359951,0.22957889816954888,0.0,0.357136525004045,0.3175958144528067
Bulk 53,0.3131666648701361,0.13034440929131105,0.07814792629627985,0.3478073495426935,0.1305336499995794
Bulk 54,0.37461420891588426,0.16398102002902773,0.0,0.29794133142760165,0.16346343962748647
Bulk 55,0.412499020418553,0.18892492324202953,0.0,0.13072698435077684,0.26784907198864055
Bulk 56,0.38888425541194593,0.0512888619797379,0.24340820534767765,0.2476928483386514,0.06872582892198711
Bulk 57,0.2474207584029569,0.16688366322232812,0.24010501187265113,0.16471387312356192,0.18087669337850185
Bulk 58,0.5244014212393421,0.08646490370709427,0.0,0.1679677066494347,0.22116596840412886
Bulk 59,0.1886601564213056,0.1836339148563507,0.0433379965715838,0.3571957706063745,0.22717216154438544
Bulk 60,0.29944022922409325,0.18712771118880683,0.015153277319660124,0.3673612215396204,0.13091756072781943
Bulk 61,0.2874089266493766,0.19902005616326346,0.0,0.2890906921761896,0.22448032501117043
Bulk 62,0.38582269284039944,0.15499680270499552,0.021861400682326504,0.20410433955668977,0.23321476421558857
Bulk 63,0.26826254409232,0.19046247439992983,0.030908748262761635,0.33664866167420077,0.17371757157078782
Bulk 64,0.1990029228205777,0.00661437999837635,0.13438479833298003,0.5495499323148884,0.1104479665331776
Bulk 65,0.48557020804335976,0.08367635069868581,0.04492005447040037,0.23428386599383555,0.15154952079371853
Bulk 66,0.5309679133570641,0.08527530492102012,0.0,0.16041975480439913,0.22333702691751675
Bulk 67,0.3148432306321155,0.11061862323067562,0.0,0.2690812473769286,0.3054568987602802
Bulk 68,0.581296220161167,0.03160743747680224,0.0,0.3072736164910008,0.07982272587103004
Bulk 69,0.0,0.2319376909382526,0.15801561981660042,0.27975716072713275,0.3302895285180142
Bulk 70,0.22695106844512464,0.012656303902357773,0.08710071402471212,0.6685417154610434,0.004750198166761941
Bulk 71,0.3864824207867895,0.1215457917557533,0.09202267848137345,0.3145158292085513,0.08543327976753248
Bulk 72,0.12571566537510184,0.17750910649833992,0.09626880726697397,0.3961099882867328,0.20439643257285153
Bulk 73,0.44629265690485853,0.07884600268546012,0.0,0.31415978517222753,0.16070155523745394
Bulk 74,0.21985667483960136,0.10780148055844099,0.23566723090548794,0.33537485929989463,0.10129975439657511
Bulk 75,0.4724566158590131,0.14181536520131977,0.0,0.17145415728270916,0.2142738616569581
Bulk 76,0.056960545470697,0.06477253825033538,0.05667400333740811,0.5712906258419641,0.2503022870995954
Bulk 77,0.4136287991720184,0.15802960359674603,0.0,0.15989269239693962,0.26844890483429606
Bulk 78,0.09888427610311579,0.2714276383821059,0.11374329317249093,0.21045055333593685,0.3054942390063506
Bulk 79,0.08270082223822264,0.1506572785497052,0.15008371754898078,0.39690985064541456,0.21964833101767692
Bulk 80,0.1969033454162445,0.20631833026231075,0.1148694448271302,0.22801555229510853,0.25389332719920593
Bulk 81,0.48838011155793254,0.033019029267020134,0.0,0.26237185513799793,0.2162290040370493
Bulk 82,0.2941904215162342,0.1403056692440701,0.29551196368492455,0.10928753824061366,0.16070440731415755
Bulk 83,0.2527287242970166,0.08623227352758206,0.03831791325382053,0.3120903818512558,0.310630707070325
Bulk 84,0.0,0.23839847994429025,0.09144290428719713,0.38629746216286087,0.2838611536056516
Bulk 85,0.15824149085888806,0.14714383254845861,0.08916427797506149,0.41299445266596396,0.1924559459516279
Bulk 86,0.07606183413490974,0.11732904651263296,0.07529233464739296,0.5931875198080488,0.13812926489701563
Bulk 87,0.18655138645065017,0.2210043985923261,0.14700109915340814,0.30894021144040323,0.1365029043632125
Bulk 88,0.25410080071825586,0.1605811354705982,0.03788317097624384,0.3967271360512397,0.15070775678366244
Bulk 89,0.2874402163521258,0.09404001958376139,0.02669642262823036,0.4052958006125701,0.1865275408233124
Bulk 90,0.1967828217480673,0.13571137412605871,0.0,0.39200275996685696,0.2755030441590171
Bulk 91,0.07835515614819939,0.22798175707479584,0.10703006569103438,0.33571650178725554,0.25091651929871495
Bulk 92,0.2850686542023898,0.15825905993362693,0.13519463232600754,0.21979650535496806,0.20168114818300775
Bulk 93,0.11573983699509335,0.18103023045349906,0.249596643994086,0.2380476841945519,0.2155856043627696
Bulk 94,0.7977405557112448,0.0,0.0,0.06101480742765497,0.14124463686110014
Bulk 95,0.19317206565516482,0.05814362522662161,0.06073034323864268,0.5556712670953035,0.1322826987842673
Bulk 96,0.6713560040631911,0.06675499525905042,0.05327803230760226,0.022471014806520424,0.18613995356363577
Bulk 97,0.2302585693263952,0.12921168294697413,0.3666452072329326,0.15911415728004524,0.11477038321365284
Bulk 98,0.20750660088531594,0.09043422457645688,0.28838589575932766,0.32408696483721217,0.08958631394168733
Bulk 99,0.27605679364232427,0.1187804118091262,0.07687135959821825,0.2567572348351486,0.27153420011518264
Bulk 100,0.36364341283474283,0.04512973915420837,0.14963001352043273,0.3898382610472735,0.051758573443342455
Bulk 101,0.311369788024647,0.15227135515091308,0.029957875897984848,0.3733478347273502,0.13305314619910472
Bulk 102,0.21706407169935196,0.11413186490781754,0.08440379603257431,0.42114322405550464,0.1632570433047515
Bulk 103,0.26416207876166103,0.12875876283145762,0.14022611036571955,0.4123300858962615,0.05452296214490023
Bulk 104,0.1910511056060411,0.18569494872169984,0.07007784689473279,0.3513555982867793,0.20182050049074693
Bulk 105,0.32777129045688974,0.19100660578852185,0.12379873265367103,0.22426458572608116,0.13315878537483622
Bulk 106,0.3252101007073877,0.10714888767997606,0.17872488376434148,0.2442347985180701,0.1446813293302248
Bulk 107,0.504559117961405,0.0,0.12950020861074418,0.2805693420670875,0.08537133136076322
Bulk 108,0.0599758713007025,0.20689489013528592,0.12194305894824366,0.31200603232577007,0.29918014728999787
Bulk 109,0.10904764448367628,0.3021421751347878,0.0014757019237233695,0.2379171040503386,0.349417374407474
Bulk 110,0.8024786281966134,0.0,0.09305858057811826,0.0,0.10446279122526836
Bulk 111,0.7298541140875752,0.09370978838871277,0.0,0.038707311673530316,0.13772878585018178
Bulk 112,0.2577195147856384,0.08683773824294694,0.25481941019500715,0.35109556433792466,0.049527772438482845
Bulk 113,0.5226424837471746,0.02040328254233574,0.0,0.23596369208765777,0.22099054162283194
Bulk 114,0.3210733764303529,0.11502928662807453,0.13143842451654653,0.24654158493081932,0.18591732749420672
Bulk 115,0.22425833319835736,0.17981578774594248,0.20435519785616368,0.15687254450609162,0.23469813669344478
Bulk 116,0.3252599342368262,0.15633748893502933,0.0,0.4153577950983626,0.10304478172978182
Bulk 117,0.2273563917296362,0.2258949287211359,0.04811989531500171,0.21271209337533,0.28591669085889626
Bulk 118,0.6070960969610111,0.0,0.0,0.3223578915650158,0.07054601147397309
Bulk 119,0.4042427613149263,0.0,0.10184528358895757,0.4705625750662036,0.02334938002991257
Bulk 120,0.3974435327989304,0.10006626260098377,0.14081373592664456,0.25464147529789627,0.10703499337554498
Bulk 121,0.529282414741032,0.060821114026643586,0.11453006754092694,0.24108188281057574,0.05428452088082176
Bulk 122,0.7560072074557825,0.05858233305806964,0.0,0.045557186944534374,0.13985327254161342
Bulk 123,0.5169854091399297,0.03058083734452727,0.15858160257384463,0.23221344188571655,0.06163870905598174
Bulk 124,0.3079412941562684,0.1443705137026697,0.15986042291542224,0.11209837330997625,0.2757293959156635
Bulk 125,0.32292697138961485,0.16978586662306036,0.10835892947708993,0.13485354302654665,0.2640746894836882
Bulk 126,0.0561686333865699,0.1608955954125711,0.13834408445942462,0.46174453711520663,0.18284714962622786
Bulk 127,0.16656016536397583,0.22811678010338426,0.0,0.27689221552020105,0.3284308390124389
Bulk 128,0.2710326061243663,0.10751597831299876,0.15665261299937844,0.20282208725536904,0.2619767153078875
Bulk 129,0.5586892597027251,0.08660053704989885,0.0,0.26542470888711217,0.08928549436026373
Bulk 130,0.39712091437425895,0.12215601131109231,0.1391930164408729,0.28368846240986106,0.05784159546391464
Bulk 131,0.41572584229660164,0.1832188189253375,0.0,0.11714916319765437,0.2839061755804064
Bulk 132,0.4960244586162066,0.17680083777141367,0.07091210405491187,0.08504960682760337,0.1712129927298644
Bulk 133,0.8573602788333287,0.0,0.0,0.0,0.14263972116667134
Bulk 134,0.37106429378793665,0.10498587078611468,0.15957442647046924,0.24334871486472948,0.12102669409074995
Bulk 135,0.21705573999509323,0.22699682755217043,0.10011769568140681,0.23049706808500597,0.2253326686863235
Bulk 136,0.11237793519423027,0.15546471588883443,0.2535895807091214,0.27386613314623814,0.20470163506157574
Bulk 137,0.46499270634866585,0.11407016688111472,0.0,0.13730944513780782,0.2836276816324116
Bulk 138,0.21243564149990865,0.15061477604536436,0.15592713868623148,0.2625588598783651,0.21846358389013038
Bulk 139,0.7429175751243301,0.0,0.05046373423683871,0.03791865289117536,0.16870003774765577
Bulk 140,0.29671429463036025,0.10340254684857023,0.05482243955054895,0.3083420600671281,0.23671865890339233
Bulk 141,0.23164561407310216,0.0,0.21984639685352028,0.43132171175837214,0.11718627731500526
Bulk 142,0.6359339548905196,0.008755878360741431,0.1479440614669126,0.0,0.2073661052818264
Bulk 143,0.6429326585974549,0.08728769672276193,0.0,0.045281546938743936,0.22449809774103915
Bulk 144,0.1655627816372509,0.16337948774293964,0.09726486462557066,0.1849087177722728,0.38888414822196604
Bulk 145,0.5117483255531357,0.07282662026404227,0.052355126588081856,0.15573457150127434,0.2073353560934658
Bulk 146,0.16827188231202223,0.0940949311805641,0.08282084112824845,0.4513810737830107,0.20343127159615465
Bulk 147,0.0511830518385439,0.25682001339240906,0.08216310550504606,0.3247114653977909,0.28512236386621
Bulk 148,0.4406454784646723,0.15746655687574695,0.057933130310551896,0.17479874608223114,0.16915608826679776
Bulk 149,0.2997455857739265,0.0,0.03743921418744955,0.4687491212432749,0.19406607879534898
Bulk 150,0.21872814454609085,0.10207675993310716,0.1018701763954993,0.35288999430993273,0.22443492481537
Bulk 151,0.4051665313916356,0.15373445430360133,0.0,0.3177572761872006,0.12334173811756255
Bulk 152,0.46903864923027216,0.22087279937044565,0.0,0.004926278444367393,0.30516227295491466
Bulk 153,0.46424700912831807,0.07385041303279737,0.0,0.21410493578950837,0.24779764204937613
Bulk 154,0.4218508438937112,0.14062874767779426,0.0,0.1900634845244219,0.24745692390407273
Bulk 155,0.5389651157536357,0.04172457694788722,0.13231575048068742,0.18083522434586496,0.10615933247192468
Bulk 156,0.16718089702106118,0.16862921771673642,0.21368216802459122,0.3198675032387132,0.13064021399889808
Bulk 157,0.1524124034583368,0.1889866308892688,0.0,0.3109628997067888,0.34763806594560565
Bulk 158,0.6385466385977274,0.0,0.0,0.2001032525809771,0.16135010882129547
Bulk 159,0.259310699991295,0.1325743250833066,0.0,0.405283397794391,0.20283157713100736
Bulk 160,0.2647149548581073,0.2189099452251815,0.11009031430422545,0.16718087020953898,0.2391039154029468
Bulk 161,0.22204519686457386,0.18709584139373373,0.06425035113005421,0.300129361944789,0.22647924866684924
Bulk 162,0.2662921618717737,0.16361290300259831,0.057401479140826474,0.3785136201600736,0.13417983582472787
Bulk 163,0.2845502680871073,0.15604801404134955,0.08043321406364216,0.23953590726832397,0.23943259653957719
Bulk 164,0.41084684494279067,0.1797187433370884,0.0,0.16665373943952508,0.2427806722805959
Bulk 165,0.44756574782908826,0.16381052949236646,0.0,0.21660007804475392,0.17202364463379138
Bulk 166,0.7716143990009054,0.03863235042634631,0.0,0.027868840619108055,0.1618844099536402
Bulk 167,0.6815206225401199,0.04057178137518105,0.0,0.10238867663804743,0.17551891944665157
Bulk 168,0.0,0.18111735777104654,0.1316543862362398,0.43239669194376235,0.25483156404895135
Bulk 169,0.643044668726487,0.07895303440161176,0.0,0.0,0.27800229687190114
Bulk 170,0.13049973272793783,0.23062683926907118,0.14534304443591226,0.14284007243217486,0.35069031113490373
Bulk 171,0.1102132136082197,0.20861507653394648,0.014252383449443328,0.34404445488429825,0.3228748715240922
Bulk 172,0.26135290394606403,0.22474573679269585,0.0,0.2339426463564721,0.2799587129047679
Bulk 173,0.45939657113856963,0.1985290922167781,0.0,0.14566927099936652,0.19640506564528562
Bulk 174,0.6654986260828348,0.03160081442207168,0.013314663576234358,0.16775006354331065,0.12183583237554843
Bulk 175,0.26393398805657714,0.14041227338375745,0.14309839822273032,0.28838536611449095,0.1641699742224441
Bulk 176,0.13763682394749105,0.09786026436963291,0.12862558291328915,0.4430078094757678,0.19286951929381907
Bulk 177,0.007899242386326121,0.17018626713784635,0.1982124050522846,0.37648497750977644,0.24721710791376655
Bulk 178,0.38427650405379077,0.2036351913022519,0.01570618439842296,0.12106084639144557,0.2753212738540888
Bulk 179,0.355029673527982,0.20527761472820788,0.0,0.2245131931008123,0.21517951864299795
Bulk 180,0.12322917640204387,0.12088384173246486,0.1301960289657315,0.36588309670015495,0.2598078561996048
Bulk 181,0.21992062793886913,0.13530093774129465,0.09229282681290199,0.3091797265913885,0.24330588091554567
Bulk 182,0.15553727838048728,0.17696007329801458,0.07733436345961871,0.33829205263441176,0.2518762322274677
Bulk 183,0.3076753295264135,0.13889158171582988,0.12043992218239655,0.14726812080074317,0.2857250457746168
Bulk 184,0.20410852204089128,0.1751766991476544,0.025806168562465797,0.35732278648292226,0.2375858237660663
Bulk 185,0.369834555133366,0.10884808072388849,0.1061745952866115,0.21495559823544444,0.20018717062068944
Bulk 186,0.4949628993776361,0.11574529369089881,0.04085600588902898,0.18308000657501083,0.1653557944674251
Bulk 187,0.4884642063971522,0.10763751051198796,0.0,0.06865280306329712,0.3352454800275628
Bulk 188,0.14934680478606596,0.23750959761931015,0.10608417035851711,0.2659972182175617,0.24106220901854505
Bulk 189,0.3838542208964301,0.1236488108640907,0.1144690348642377,0.07300600172117956,0.3050219316540619
Bulk 190,0.4775889509147305,0.1420553020816091,0.0,0.14735045810339495,0.23300528890026537
Bulk 191,0.4729229614262209,0.11692182333188895,0.0,0.1927733385575065,0.2173818766843835
Bulk 192,0.39994428427490436,0.1482742467502082,0.0,0.2024123864371763,0.24936908253771123
Bulk 193,0.8549194348600256,0.0,0.0,0.0,0.14508056513997442
Bulk 194,0.7480256455257028,0.0,0.0,0.13241518460033452,0.11955916987396262
Bulk 195,0.1618787977460333,0.24394324152813784,0.05369514360633834,0.16200519768262525,0.37847761943686525
Bulk 196,0.6969937581918572,0.025392209735215467,0.0,0.031081524972900773,0.2465325071000267
Bulk 197,0.20452187046421938,0.14371009003422391,0.2363432650547122,0.35382162019269214,0.0616031542541523
Bulk 198,0.7011411477316,0.08979949500737017,0.09759167942891014,0.054644519321129376,0.056823158510990485
Bulk 199,0.3402921689337365,0.2062107221146686,0.0,0.25709278456000245,0.1964043243915925
Bulk 200,0.08537110982541907,0.1590310659782145,0.13742994616287413,0.4142227174834396,0.20394516055005274
Bulk 201,0.19985169860335597,0.16386828356028374,0.0,0.35747253223167397,0.2788074856046864
Bulk 202,0.2787954527037762,0.21720785142309082,0.04625499282542423,0.3210563128929257,0.13668539015478304
Bulk 203,0.6912672338138706,0.0701564178840538,0.0,0.04048089903544602,0.19809544926662973
Bulk 204,0.5743005809791414,0.1425318635997499,0.0,0.0,0.28316755542110883
Bulk 205,0.40244132867838184,0.16956737001602273,0.13713891217705232,0.06966883159700396,0.2211835575315392
Bulk 206,0.5708830676477435,0.12707760140391422,0.0,0.1329135197055163,0.16912581124282594
Bulk 207,0.46532139708372533,0.054820368932521436,0.08811189288429053,0.21258123210833949,0.17916510899112315
Bulk 208,0.461062343109684,0.0,0.12217184909481935,0.1698518104393886,0.246913997356108
Bulk 209,0.6844701831010578,0.07448409275169511,0.0,0.0,0.24104572414724698
Bulk 210,0.5880759686171476,0.08050451352726462,0.0,0.0839097349050949,0.2475097829504928
Bulk 211,0.06547504830160748,0.1375552969953862,0.11438715431974185,0.5402967162947224,0.14228578408854206
Bulk 212,0.5036221463028762,0.17187139378629146,0.0,0.00964546144409855,0.31486099846673377
Bulk 213,0.3392833920946718,0.1332587138370843,0.0,0.24078993127346818,0.2866679627947757
Bulk 214,0.5406000248962117,0.157253874747312,0.0348301629470986,0.0,0.26731593740937776
Bulk 215,0.2721959914229035,0.17038244041285766,0.0,0.2978583645032244,0.2595632036610144
Bulk 216,0.27702914629699854,0.15080248100166238,0.0,0.26408871299663117,0.308079659704708
Bulk 217,0.5471231414900746,0.08034008817931684,0.0,0.03961925061816957,0.3329175197124391
Bulk 218,0.1705670580703499,0.23817991674983066,0.1199007582875067,0.22247893578162353,0.24887333111068918
Bulk 219,0.31400945977681655,0.15349067818029322,0.0,0.25931131337188895,0.27318854867100123
Bulk 220,0.7096418967374398,0.0377873392327115,0.0,0.0,0.2525707640298486
Bulk 221,0.06569692472211694,0.30605766213688,0.08125900210220864,0.14249148280215668,0.4044949282366377
Bulk 222,0.06286838692448461,0.13105901063802755,0.07872243597844904,0.44658816422283665,0.28076200223620223
Bulk 223,0.17501644953157955,0.2610428231962277,0.0413280693964646,0.2082404688003977,0.31437218907533043
Bulk 224,0.3141196010308642,0.13699118486949888,0.23564947432360783,0.19091914381963596,0.12232059595639301
Bulk 225,0.5662101947713007,0.11533201486611482,0.16264410996003897,0.0,0.1558136804025454
Bulk 226,0.6206259562812344,0.08173951870787678,0.0,0.11984969786095453,0.17778482714993427
Bulk 227,0.08168486394474116,0.2598624500104731,0.024992507807975763,0.327133931165678,0.30632624707113193
Bulk 228,0.4915763714076747,0.17710945374074935,0.0,0.028885009307156127,0.30242916554441973
Bulk 229,0.3847741762055783,0.1694494711736551,0.09199253322688455,0.10525820752387839,0.24852561187000363
Bulk 230,0.02346172492276337,0.27231584016428645,0.07377832620300262,0.366947851118484,0.2634962575914636
Bulk 231,0.6296613562567763,0.06916444097405311,0.0,0.18022118193761913,0.12095302083155139
Bulk 232,0.05356004270673927,0.29881151186256255,0.039417827601994984,0.3400464062148064,0.2681642116138969
Bulk 233,0.10969078786899931,0.24115912053729138,0.06405630258181146,0.19416591257037105,0.3909278764415268
Bulk 234,0.3635519086663402,0.1859557269245363,0.08227429666370245,0.10405109894077752,0.26416696880464363
Bulk 235,0.3697114510626874,0.1790897122487169,0.018495882342176934,0.29373574026686017,0.1389672140795585
Bulk 236,0.0,0.22104184224963308,0.10557039752811903,0.3581578425287753,0.31522991769347264
Bulk 237,0.4332643300178052,0.17332302265616778,0.0,0.16991527524638061,0.22349737207964643
Bulk 238,0.22209806283348082,0.235501868930868,0.043435516202905124,0.2851337334019285,0.21383081863081754
Bulk 239,0.010767221774338455,0.23796638043387666,0.15820268050895464,0.2363000528894494,0.3567636643933809
Bulk 240,0.5386587306211947,0.09428121231012668,0.13624443194468785,0.17260951104335,0.05820611408064081
Bulk 241,0.15757545083794633,0.2623277925573012,0.05767792786850892,0.3125933531671372,0.20982547556910638
Bulk 242,0.45206303883833554,0.0,0.4443635432148707,0.1035734179467937,0.0
Bulk 243,0.46457379256410486,0.1700098051293985,0.0,0.10409688906942696,0.2613195132370697
Bulk 244,0.7820743702713718,0.003119934259447596,0.0,0.03790230082757055,0.17690339464160992
Bulk 245,0.8920270213301119,0.017641916817114852,0.0,0.0,0.0903310618527732
Bulk 246,0.0,0.2096627766178093,0.17684490361813732,0.31433544656850027,0.2991568731955532
Bulk 247,0.5202678333668554,0.0924290282603992,0.14578394305890943,0.0667838468345264,0.17473534847930952
Bulk 248,0.6007489609590476,0.09939705910286202,0.0,0.06600354546513605,0.23385043447295434
Bulk 249,0.6282756906356755,0.1475728336918519,0.0,0.14072551694876348,0.0834259587237091
Bulk 250,0.6381308884555899,0.13170706398962045,0.0,0.07459539002332272,0.1555666575314669
Bulk 251,0.19945958142736597,0.2607902957162421,0.0,0.264175026532999,0.2755750963233928
Bulk 252,0.2655712386996801,0.18297992540552885,0.0,0.2609438620326798,0.29050497386211127
Bulk 253,0.14193639707208044,0.2661845419099453,0.1048205123367848,0.2400527351089187,0.24700581357227072
Bulk 254,0.40121880127177706,0.13512558418612894,0.049341804785269526,0.14548033884840966,0.2688334709084148
Bulk 255,0.4005701144225545,0.06940727928235306,0.04674671667842835,0.4045190110745762,0.078756878542088
Bulk 256,0.0857720296611625,0.16144480237023334,0.22751252630610502,0.3278015285216529,0.19746911314084623
Bulk 257,0.2425506515939813,0.20786557056556665,0.0,0.32573857582705656,0.22384520201339542
Bulk 258,0.35886484272075586,0.11332273188695582,0.0,0.19258111702802727,0.3352313083642609
Bulk 259,0.3670171926020171,0.19483777518590764,0.0,0.12719200571690112,0.3109530264951742
Bulk 260,0.21887028148152599,0.007232394312540616,0.1841456042965512,0.5093438556729292,0.08040786423645324
Bulk 261,0.07043639095237357,0.2218372942733976,0.11158460988234267,0.34186865187430915,0.25427305301757697
Bulk 262,0.3328009429120679,0.21234284225579428,0.0,0.11776589381067341,0.33709032102146447
Bulk 263,0.38924886959735355,0.15105124097593758,0.0,0.15762155938061187,0.3020783300460969
Bulk 264,0.31859773616048875,0.1801007842085957,0.0,0.1966092714475111,0.3046922081834046
Bulk 265,0.12233109339086107,0.21418434025702,0.0,0.3410111523507473,0.3224734140013716
Bulk 266,0.3525056343419003,0.1683592174013921,0.004612844225372952,0.3459048340006381,0.12861747003069665
Bulk 267,0.13821556205676325,0.22544014377979782,0.04519852451444795,0.3781278308359315,0.21301793881305933
Bulk 268,0.45422751400520556,0.10369886703766103,0.0,0.2193170910154251,0.2227565279417082
Bulk 269,0.6943384259817243,0.06476426651781984,0.0,0.13142405011577207,0.10947325738468362
Bulk 270,0.5083790743847723,0.18757891980238695,0.0013988591292997134,0.03168541052908429,0.2709577361544567
Bulk 271,0.10868047427872429,0.16576189070843875,0.06837082391953132,0.34987349928319333,0.3073133118101123
Bulk 272,0.25824726131341014,0.10452056937726432,0.059185028629048786,0.3582861458542941,0.21976099482598274
Bulk 273,0.25641736921875213,0.17744388536821007,0.2381466320842791,0.18697214615520502,0.14101996717355383
Bulk 274,0.2413835448763645,0.22044463749686147,0.08088652459227305,0.1924664888469072,0.2648188041875938
Bulk 275,0.3731792675093338,0.14979977063192157,0.036023300209457744,0.2078149852499831,0.23318267639930387
Bulk 276,0.5115782007333406,0.0,0.24068426938520351,0.16002310421774726,0.08771442566370856
Bulk 277,0.47479100450330014,0.11526050184635109,0.2479295790448042,0.04978367627660924,0.11223523832893537
Bulk 278,0.3817760535691142,0.11359240525288755,0.0,0.27100169648701905,0.23362984469097917
Bulk 279,0.17648622785414667,0.20980496302290086,0.07016334868197531,0.31096812838007226,0.23257733206090486
Bulk 280,0.5963134599759078,0.09654936845091151,0.047822885382181886,0.13734664420981213,0.12196764198118666
Bulk 281,0.7833035653500834,0.06904886155630557,0.0,0.0,0.14764757309361096
Bulk 282,0.35538699742058216,0.1269739266720874,0.07439899301852808,0.280419895179428,0.16282018770937434
Bulk 283,0.4119844603966854,0.138025084419046,0.1340241994141312,0.16472875589895603,0.15123749987118126
Bulk 284,0.6440387571694536,0.0893254045001668,0.11536214125723601,0.0,0.15127369707314364
Bulk 285,0.03469446290274749,0.29984558761332913,0.1280849221275121,0.205755096031183,0.33161993132522816
Bulk 286,0.4120621150388761,0.1723590409739284,0.1516430155350349,0.05526261017935951,0.20867321827280125
Bulk 287,0.3161467385392123,0.0,0.2642236338768506,0.4061898527362716,0.013439774847665639
Bulk 288,0.42023235488941096,0.18629764673033958,0.0,0.09699866234791654,0.29647133603233305
Bulk 289,0.6329960865497817,0.08965525336687483,0.0,0.11695578382300473,0.1603928762603388
Bulk 290,0.45344199020046577,0.1911192394173012,0.0,0.06066138123648011,0.294777389145753
Bulk 291,0.11711327386274646,0.2689990844596057,0.20048982975774324,0.23575479601323457,0.1776430159066701
Bulk 292,0.33440823885218246,0.27107544801022754,0.0,0.0,0.39451631313759
Bulk 293,0.6009186869290162,0.024528271437567122,0.0,0.23237445578683358,0.1421785858465831
Bulk 294,0.3766306716213296,0.27374740584865165,0.0,0.05191981464947786,0.29770210788054097
Bulk 295,0.7250642332525314,0.05259162976414122,0.0,0.0,0.22234413698332733
Bulk 296,0.5140419317101751,0.12222034506533919,0.12150525394430065,0.0,0.24223246928018508
Bulk 297,0.8044827629312845,0.060160313955416864,0.0,0.0,0.13535692311329858
Bulk 298,0.09575390990991559,0.2318142299009157,0.12744022246398382,0.2058344855312895,0.3391571521938954
Bulk 299,0.44718161813186547,0.1459670468626226,0.15099691900258563,0.039563412972105354,0.21629100303082108
Bulk 300,0.21328556581085248,0.08815685999069499,0.053626302255915366,0.4210115286004116,0.2239197433421255
Bulk 301,0.16522270755320168,0.22898424978944562,0.06903238932934072,0.3348873865477056,0.20187326678030643
Bulk 302,0.051004080549407846,0.21111220695504623,0.03544485838353304,0.453513319817162,0.24892553429485087
Bulk 303,0.32636149955379734,0.15357849737080245,0.015498162469926384,0.2557151765257913,0.24884666407968248
Bulk 304,0.25978035944126016,0.19062120339476724,0.17238745066980973,0.03606132741188936,0.34114965908227357
Bulk 305,0.5119735512421464,0.15965219332447436,0.0,0.0480523590948703,0.28032189633850896
Bulk 306,0.5405982507153607,0.16390492291363926,0.0,0.025599109039604103,0.2698977173313959
Bulk 307,0.35499879050215233,0.09548180455446735,0.44404565166629884,0.0,0.10547375327708138
Bulk 308,0.6577239382046649,0.06567905107498573,0.0,0.0,0.2765970107203493
Bulk 309,0.59068066248369,0.08513468417353406,0.0,0.06991502179502486,0.2542696315477511
Bulk 310,0.43529743636860724,0.1939285499832135,0.2821047767086013,0.0,0.08866923693957801
Bulk 311,0.09131101965857628,0.27059018911968974,0.13745529281161772,0.1427928328068271,0.3578506656032891
Bulk 312,0.32383448067989956,0.16800299933533322,0.0,0.17073339138776933,0.3374291285969979
Bulk 313,0.34028294041029644,0.13921403152192827,0.030571031774192674,0.19453182056904472,0.29540017572453797
Bulk 314,0.534609134731449,0.18051811988820632,0.0,0.04654749212512742,0.23832525325521728
Bulk 315,0.1371003684085731,0.1625902093832043,0.23844295956488645,0.2560164014230451,0.205850061220291
Bulk 316,0.33456485371795597,0.08227761231226484,0.10786889899374844,0.19786280662289396,0.2774258283531369
Bulk 317,0.3546406609978536,0.20923725174599744,0.008011095487736566,0.18222079806221775,0.24589019370619453
Bulk 318,0.28273892350686286,0.20374669700719128,0.09706407878379576,0.13149072043258828,0.2849595802695618
Bulk 319,0.4630583276102641,0.1761480662318639,0.0,0.1659957782602504,0.19479782789762148
Bulk 320,0.32855449906138406,0.20614178487413984,0.0,0.17958798249968708,0.285715733564789
Bulk 321,0.10863555692326715,0.15534044580641937,0.17632991018601357,0.4113291251432183,0.14836496194108165
Bulk 322,0.5676852714509276,0.062045114182479114,0.0,0.25215512237543825,0.11811449199115509
Bulk 323,0.2735608893097477,0.2051205752345772,0.2452375538666202,0.07287932605508247,0.20320165553397238
Bulk 324,0.5026098872460977,0.2018034223968063,0.07361453549100021,0.0,0.22197215486609592
Bulk 325,0.17507928854028165,0.1589267191792608,0.26560632884494023,0.14829622544549345,0.2520914379900237
Bulk 326,0.03924665623418811,0.16543469932867047,0.50435230321607,0.11340661797732533,0.17755972324374591
Bulk 327,0.5033501270150598,0.19030908353272097,0.0,0.12015172451727135,0.1861890649349478
Bulk 328,0.1415208670646398,0.28140190803063175,0.10682052104328787,0.17709589229266764,0.29316081156877305
Bulk 329,0.49557814531619226,0.12987809071570378,0.09429061585079966,0.2802531481173044,0.0
Bulk 330,0.299107948285901,0.284578170934983,0.0,0.2038566866603596,0.21245719411875655
Bulk 331,0.6748852462411491,0.0,0.0,0.27696560185139557,0.0481491519074554
Bulk 332,0.31270266579993805,0.3070961010432464,0.0,0.0,0.3802012331568154
Bulk 333,0.2841450614543553,0.16287022917407162,0.2630672412571356,0.15221461714414442,0.13770285097029317
Bulk 334,0.04860658728625134,0.25132431103111524,0.0,0.43242685824954713,0.2676422434330861
Bulk 335,0.45842613784821906,0.11191026410160876,0.0704650738210229,0.059206989115279295,0.29999153511387
Bulk 336,0.5577954099514112,0.1072187883737737,0.0,0.0,0.33498580167481495
Bulk 337,0.008199907144610906,0.20221965223308977,0.037527586942263734,0.4583956075689558,0.2936572461110798
Bulk 338,0.28671267486516067,0.15308582787776112,0.0,0.361695927323186,0.19850556993389215
Bulk 339,0.8924762127411096,0.0,0.018626077033335724,0.0,0.08889771022555472
Bulk 340,0.2682948817396886,0.09021198413074957,0.08232733653031057,0.34206469730422956,0.21710110029502175
Bulk 341,0.6385411968855921,0.0,0.07898861419680411,0.11628019321733662,0.16618999570026702
Bulk 342,0.13035813942757338,0.07830678412759498,0.14612286592530058,0.4278651035109494,0.2173471070085816
Bulk 343,0.37633116208416784,0.13764809796267827,0.05660930243450373,0.1673529385457003,0.26205849897294997
Bulk 344,0.5424528298866385,0.07665366814457496,0.0,0.016328661230232293,0.3645648407385543
Bulk 345,0.14139418819389726,0.17097790326468043,0.4568973642162067,0.10650018174122781,0.1242303625839877
Bulk 346,0.10165103395154902,0.2490236160849817,0.0960732794396531,0.21029439203914008,0.3429576784846761
Bulk 347,0.2767768623196429,0.21989840056979093,0.0,0.20935960424396646,0.2939651328665997
Bulk 348,0.5547296385138277,0.005417624064017897,0.04675939205895997,0.14348540410959865,0.24960794125359578
Bulk 349,0.38216300836300754,0.09955363432482019,0.08719508998978612,0.26484345081358335,0.16624481650880285
Bulk 350,0.44294278868656806,0.2124361140976862,0.0,0.0,0.34462109721574574
Bulk 351,0.5054467404622068,0.03090470597276024,0.34603688373741537,0.11761166982761748,0.0
Bulk 352,0.22463404338947626,0.03205188695594337,0.0,0.6162077428325224,0.12710632682205794
Bulk 353,0.21073680914626405,0.2337418144827561,0.10377563715631723,0.2672391771659604,0.18450656204870228
Bulk 354,0.6591167216361318,0.06532726522966423,0.0,0.0,0.2755560131342041
Bulk 355,0.3691847804092791,0.0974246223997605,0.0,0.2746564652516058,0.25873413193935463
Bulk 356,0.20963639013215427,0.15259094572200477,0.20216613716776544,0.27554671178868584,0.16005981518938966
Bulk 357,0.2633735770988801,0.2104189436724223,0.18910036833412788,0.14907878924384366,0.18802832165072603
Bulk 358,0.6192751944039049,0.09391581553673219,0.0,0.0,0.28680899005936294
Bulk 359,0.1600399243077039,0.14588589512292574,0.11500484276485602,0.3829081658102389,0.19616117199427544
Bulk 360,0.12360721516989714,0.2147624029759074,0.12005247929035517,0.1424485598801682,0.39912934268367223
Bulk 361,0.26406548917843736,0.28475728125424543,0.07444746102281838,0.11555213983457306,0.2611776287099256
Bulk 362,0.1706869016296452,0.224092767394121,0.0,0.3310579708858699,0.2741623600903638
Bulk 363,0.19476580717736014,0.21842793015020756,0.06828089336986332,0.33400699594444755,0.1845183733581214
Bulk 364,0.1984529711326,0.19255036629498978,0.10782341550101099,0.2335513893766733,0.267621857694726
Bulk 365,0.1631410108077658,0.2241824253517436,0.019655907456480846,0.34753331957348255,0.24548733681052723
Bulk 366,0.2472000650823038,0.1502479042583232,0.07170936171176048,0.26975155619078794,0.2610911127568245
Bulk 367,0.33882835626982055,0.24695977046918527,0.0,0.031081689006864116,0.38313018425413004
Bulk 368,0.0,0.2862149791609384,0.060219220998497885,0.30531005215661705,0.34825574768394674
Bulk 369,0.3949050083127433,0.17565658480266408,0.0,0.17451324933050563,0.25492515755408707
Bulk 370,0.447540097181807,0.1522043275148949,0.0,0.20953241833331587,0.19072315696998224
Bulk 371,0.6538069674303495,0.0834192189047,0.0,0.0,0.26277381366495045
Bulk 372,0.3840578469525223,0.1794512761975123,0.0,0.12267393935196852,0.313816937497997
Bulk 373,0.04782204456740715,0.24901451454496099,0.10785746066233702,0.32286833337166204,0.2724376468536327
Bulk 374,0.5057887905932196,0.13511719094366967,0.0,0.2318675035185721,0.12722651494453868
Bulk 375,0.13698498495208145,0.268412684656111,0.0,0.21765359063356773,0.37694873975823984
Bulk 376,0.5213596670924676,0.053372657470635014,0.0683470897527099,0.17132921940189896,0.18559136628228862
Bulk 377,0.1872834409434427,0.2355987393823866,0.023334434238152305,0.2365319332681669,0.31725145216785156
Bulk 378,0.22032448922522277,0.3327259166770443,0.01830871875007394,0.04646332538407095,0.38217754996358794
Bulk 379,0.5504957203111145,0.15149116070476268,0.0009669461877804935,0.2031369744372211,0.09390919835912137
Bulk 380,0.4787908184898455,0.09160362793011094,0.10575396366341108,0.163567081852864,0.1602845080637684
Bulk 381,0.39202637417242575,0.22767904635046957,0.047979911366823315,0.03534292646660737,0.29697174164367407
Bulk 382,0.23111941868956445,0.1636366564075811,0.1917865337559436,0.2433974260664805,0.17005996508043042
Bulk 383,0.6617570800423203,0.006448058430690658,0.08543060953333871,0.06307604568967519,0.18328820630397527
Bulk 384,0.07487127504071525,0.33755112874271614,0.07096215165575531,0.15446106114342406,0.36215438341738915
Bulk 385,0.18860129041311255,0.2066367791863695,0.09158272127125323,0.2896995084076784,0.22347970072158635
Bulk 386,0.3598372857145534,0.2396734504186298,0.007526648736967912,0.03415226664793385,0.358810348481915
Bulk 387,0.43029182234275226,0.09763128837813236,0.0974713306406339,0.24118852531197651,0.13341703332650492
Bulk 388,0.3539269128385491,0.28574605113502133,0.1295113946370434,0.026092175568859833,0.2047234658205264
Bulk 389,0.48409090277299044,0.26921347368273013,0.0,0.04790782698942798,0.1987877965548515
Bulk 390,0.18188247193158819,0.15796698093169673,0.15949755988600792,0.2941085928528356,0.20654439439787148
Bulk 391,0.11105915831623303,0.22251835818964358,0.17732657971035526,0.34029531101038185,0.14880059277338634
Bulk 392,0.14773904902698623,0.19633321572374068,0.09031320591777307,0.3195370638238327,0.24607746550766724
Bulk 393,0.10033809281599688,0.28205133754268175,0.033709774566923895,0.3266694633007789,0.2572313317736185
Bulk 394,0.558622840327012,0.06288996572462388,0.0,0.1954398398278989,0.18304735412046524
Bulk 395,0.200365180450044,0.2659111616143654,0.0918755679855427,0.21528944334851013,0.22655864660153785
Bulk 396,0.611236616762269,0.1457406071096069,0.0,0.08688921481208949,0.15613356131603465
Bulk 397,0.7198747215676053,0.07232550374455159,0.0,0.022041380141043662,0.1857583945467994
Bulk 398,0.2956028224951043,0.10320283308277495,0.357739095969869,0.18973437176783056,0.05372087668442106
Bulk 399,0.4104405362728647,0.12875048801219957,0.1245227012731947,0.08374091111728739,0.2525453633244538
Bulk 400,0.5741658310301857,0.059271340193246994,0.0,0.1798193265702039,0.18674350220636338
Bulk 401,0.38023341460142124,0.20791807710288285,0.07675489641591843,0.06481828825552863,0.2702753236242487
Bulk 402,0.10415935002813534,0.23449735026724236,0.13072078228733425,0.12935133689134815,0.40127118052593985
Bulk 403,0.5011340349682333,0.1563536296364456,0.0,0.0,0.3425123353953211
Bulk 404,0.19792019389245064,0.21104285334088146,0.20202658708815582,0.3092845609660743,0.07972580471243773
