,Ast,End,Mic,Neu,Oli
Bulk 0,0.15231363511537374,0.22366846456832254,0.08849771533632711,0.29332770972452027,0.2421924752554563
Bulk 1,0.3932508194841686,0.06849076189638154,0.06192200132360731,0.3501139954629016,0.12622242183294094
Bulk 2,0.24032478880529745,0.142049731324664,0.1772059643275826,0.3325238038373923,0.10789571170506364
Bulk 3,0.22172235222791364,0.12816107455076578,0.14067557382972168,0.35248153012961136,0.15695946926198756
Bulk 4,0.5374848527660707,0.12960025217169788,0.0,0.0,0.33291489506223143
Bulk 5,0.08567315776467857,0.12338138111438753,0.08398604225046769,0.5025056354483741,0.204453783422092
Bulk 6,0.3959889178902705,0.14768607281354001,0.0,0.22482293787818378,0.2315020714180058
Bulk 7,0.31046986375223534,0.15445872464566482,0.06639052847881283,0.25867372933281785,0.2100071537904691
Bulk 8,0.16789363733629187,0.2008960597005907,0.08121756990650013,0.3810969671238874,0.16889576593272998
Bulk 9,0.47381446681956874,0.02962712626821654,0.0681499652762545,0.16163655905089347,0.2667718825850668
Bulk 10,0.042048905140510746,0.1447370374110856,0.10596746272129315,0.5917209299408314,0.11552566478627914
Bulk 11,0.053553808011565375,0.25454234662701136,0.02054873833338698,0.3420246045517089,0.3293305024763274
Bulk 12,0.4292474891688982,0.06954431342010206,0.0,0.22991109515931674,0.2712971022516829
Bulk 13,0.233368389125313,0.048954554151334304,0.09614249595673663,0.5031360377639745,0.11839852300264159
Bulk 14,0.6292756677591157,0.0,0.14256380851876435,0.09915226172396256,0.12900826199815738
Bulk 15,0.2998122847963503,0.10216931562897566,0.1296162704906753,0.30583114995236477,0.16257097913163399
Bulk 16,0.3221993686656284,0.018597617175258305,0.04875202365793353,0.38449078347955534,0.22596020702162445
Bulk 17,0.6967002430907036,0.03326040473624376,0.0,0.0,0.2700393521730527
Bulk 18,0.24387638310439505,0.19832656257157733,0.0,0.2350575118256157,0.32273954249841197
Bulk 19,0.13984760891962073,0.18824668936564595,0.14002310703547996,0.3111095992530421,0.22077299542621115
Bulk 20,0.0,0.21864775692197808,0.09600474727774688,0.40765012944780965,0.2776973663524654
Bulk 21,0.33103394894434995,0.0012415150484173137,0.15714487067601599,0.500901811172871,0.00967785415834583
Bulk 22,0.0411923639730255,0.0,0.13868752553917005,0.7885429956199462,0.031577114867858184
Bulk 23,0.1970757081563219,0.14585272952485204,0.040410512325964015,0.4324208803797946,0.18424016961306752
Bulk 24,0.2262888359592152,0.22450774077289354,0.05353261099546221,0.2036152367540961,0.292055575518333
Bulk 25,0.36076163229040237,0.1612181509790729,0.022257805067257455,0.21197335056216257,0.24378906110110457
Bulk 26,0.4472760023533137,0.0076381843013705345,0.1367451414494811,0.3329561926182851,0.07538447927754965
Bulk 27,0.2561327059501726,0.14338347800185913,0.12891689954491586,0.21850803712946446,0.2530588793735878
Bulk 28,0.16312594890713028,0.12403273156787367,0.12409251153911637,0.4219359417990526,0.16681286618682703
Bulk 29,0.4692001846976659,0.0848701666009059,0.07702351373152515,0.21554789501339952,0.15335823995650344
Bulk 30,0.17308790591260245,0.19978465233203463,0.11039640229584806,0.3112094379941705,0.20552160146534432
Bulk 31,0.22025199324769665,0.19189805941460816,0.1154756016282059,0.22790305799168092,0.24447128771780838
Bulk 32,0.25870293289449986,0.14049928322333957,0.13382994292194958,0.30369894424587973,0.1632688967143312
Bulk 33,0.3006899475145063,0.014092387746369742,0.2712937542915765,0.215836493364479,0.19808741708306857
Bulk 34,0.48585743833124145,0.052019706864319726,0.0,0.4621228548044389,0.0
Bulk 35,0.26847533598426443,0.1402491858052428,0.2972139092290335,0.1588836859149417,0.1351778830665175
Bulk 36,0.37743751451848284,0.18639832011800916,0.0,0.2619552572258507,0.17420890813765724
Bulk 37,0.23663398759777834,0.23474269550079177,0.08449559022773576,0.24002838172612675,0.20409934494756735
Bulk 38,0.3027245297899419,0.21928414898712978,0.015962993166457055,0.18985942347901433,0.2721689045774569
Bulk 39,0.22609423516429059,0.12694848657763597,0.0,0.4788487219754402,0.1681085562826333
Bulk 40,0.3234786229777771,0.12072434862889568,0.006001028494887417,0.40441936754858476,0.145376632349855
Bulk 41,0.34395719835656346,0.10400593232154152,0.22291999947684277,0.17117039117470395,0.15794647867034833
Bulk 42,0.30306768930917516,0.1857067003604615,0.0,0.2687383493103465,0.2424872610200168
Bulk 43,0.14535552957577302,0.20822414431114208,0.0,0.3360339257282412,0.31038640038484355
Bulk 44,0.3099236388915589,0.1738217561109472,0.0,0.31745201570597686,0.19880258929151703
Bulk 45,0.2906381895983543,0.13997981388922195,0.28558380558553126,0.05414243338589159,0.22965575754100084
Bulk 46,0.6298885922892234,0.09924367406149696,0.0,0.057151814376580665,0.21371591927269906
Bulk 47,0.4341992668686318,0.1470621536930029,0.05095825454292033,0.0860529076248507,0.28172741727059414
Bulk 48,0.5193818047140618,0.1163460166324064,0.024278076858616007,0.1732296299721685,0.16676447182274734
Bulk 49,0.0,0.2018186182846892,0.141531476202932,0.3631320978846373,0.29351780762774143
Bulk 50,0.17372548671208363,0.15626805840539318,0.12483886853306034,0.380031836958144,0.16513574939131886
Bulk 51,0.3249708180394396,0.08451095329268067,0.0946171234576034,0.22035249817468916,0.2755486070355871
Bulk 52,0.11590147454829662,0.24360107091312447,0.056227931187616306,0.32445433942280943,0.25981518392815317
Bulk 53,0.11040617513964363,0.15125295603445416,0.2108554219636888,0.36453413662274997,0.1629513102394634
Bulk 54,0.5557711450538536,0.071494182057275,0.0,0.1887958973306399,0.18393877555823146
Bulk 55,0.21752836165472045,0.1530498999694381,0.0,0.348633485431523,0.28078825294431853
Bulk 56,0.34788678056712996,0.13861019428013457,0.0,0.2516816159211544,0.2618214092315811
Bulk 57,0.5173623957797432,0.0802166688549344,0.13106421702684926,0.12437626516305257,0.14698045317542063
Bulk 58,0.6802197818428168,0.07172828345173972,0.0,0.0,0.24805193470544348
Bulk 59,0.5921143088264313,0.0,0.0,0.14353510045452506,0.2643505907190437
Bulk 60,0.07083268452256147,0.2654430963580646,0.05036559617154514,0.2761987420279302,0.33715988091989857
Bulk 61,0.14012153856057827,0.1639846685846231,0.08392262853674874,0.41914657173218917,0.19282459258586068
Bulk 62,0.32155561677828376,0.1602024128092854,0.03102962426461936,0.2671566619473204,0.22005568420049096
Bulk 63,0.44024367082429317,0.08598501738140123,0.18551814074118658,0.07512167479158732,0.2131314962615317
Bulk 64,0.11572568609439232,0.16000913278888657,0.09407060190867174,0.40328854354393345,0.22690603566411602
Bulk 65,0.5510268994634387,0.0982861968692616,0.0,0.07832802807748857,0.2723588755898111
Bulk 66,0.2555856490729194,0.1834160161866676,0.23837126466000322,0.12425668987368445,0.1983703802067253
Bulk 67,0.5190286637922331,0.051004653010839354,0.0,0.15315982124139207,0.27680686195553544
Bulk 68,0.17319687551119617,0.21666988999809464,0.07052439271811713,0.4076614783247688,0.13194736344782323
Bulk 69,0.04218955825911038,0.21631085036549058,0.06299483893406566,0.3733565319224229,0.30514822051891055
Bulk 70,0.4850116216496342,0.0072381439737478305,0.035544345058582734,0.35947532324152304,0.11273056607651229
Bulk 71,0.4315739251164558,0.0,0.0,0.45013939603909725,0.11828667884444691
Bulk 72,0.24669119203198506,0.15018721943295552,0.04569276698316273,0.5074836525019777,0.04994516904991893
Bulk 73,0.5960925576836765,0.011783661263163176,0.0,0.30207502418598636,0.09004875686717385
Bulk 74,0.4880971314403754,0.14976839793410116,0.0,0.13600871597529834,0.226125754650225
Bulk 75,0.3753736979742329,0.15591356932787243,0.08540067359258059,0.09936822119930425,0.2839438379060099
Bulk 76,0.015632969605321373,0.2150350343556711,0.0254428410261702,0.39387660736210506,0.3500125476507323
Bulk 77,0.5836469174765095,0.05603516519651567,0.0,0.18401867778930034,0.1762992395376745
Bulk 78,0.23486830689400673,0.12640714601477204,0.14271476859937507,0.2652400392162043,0.23076973927564184
Bulk 79,0.5193944641261543,0.0,0.0,0.361347132166902,0.11925840370694364
Bulk 80,0.2921537319248855,0.20410996252537422,0.0390929365913048,0.260404075363591,0.20423929359484444
Bulk 81,0.3412583736593124,0.12761612714281792,0.14323264575256353,0.262358454562531,0.12553439888277515
Bulk 82,0.6489813666476153,0.08320029258019689,0.0,0.08345936028147327,0.1843589804907145
Bulk 83,0.19703346886688441,0.26470471902976417,0.0,0.31522048729363666,0.22304132480971484
Bulk 84,0.16537680138074948,0.07855109975143895,0.15010174615047633,0.4497993657815157,0.1561709869358195
Bulk 85,0.19760917940760242,0.10428515545845915,0.192278722248049,0.4204033442789835,0.08542359860690592
Bulk 86,0.0,0.19166680571250574,0.13607405991724109,0.42704447984808913,0.24521465452216407
Bulk 87,0.26428226960491774,0.172899221629472,0.2350820831548064,0.24373573647086905,0.08400068913993486
Bulk 88,0.07620667809738399,0.15082811712513372,0.0856501649701189,0.4641909568099153,0.2231240829974481
Bulk 89,0.39990976229330905,0.16701109378326998,0.0,0.22481631662310148,0.2082628273003196
Bulk 90,0.17775965233619032,0.17509359221969986,0.10549000103406687,0.2813363071717031,0.26032044723833997
Bulk 91,0.44486301599977834,0.03903794898725172,0.07967403036327375,0.38431450839279285,0.05211049625690343
Bulk 92,0.29327628879791184,0.20089984394513954,0.0,0.20693595340706653,0.29888791384988206
Bulk 93,0.14046432774347153,0.23741674975199906,0.1200057953248817,0.32822433310763116,0.17388879407201657
Bulk 94,0.1309598278056674,0.139329175103432,0.10002449528403393,0.36167868316568963,0.2680078186411769
Bulk 95,0.2853283427557833,0.17123205295293076,0.0,0.36581128081548364,0.17762832347580243
Bulk 96,0.6633489955018349,0.12854061103533532,0.015617281082669262,0.026590480447488678,0.1659026319326719
Bulk 97,0.5725995242548556,0.09785171073050924,0.0,0.102198590146397,0.2273501748682382
Bulk 98,0.6601140910722582,0.004844624354557181,0.16274592586856765,0.04012338436450854,0.13217197434010844
Bulk 99,0.18861214832231857,0.13625452561828605,0.1091307556873927,0.4157149379427048,0.150287632429298
Bulk 100,0.34364415609216437,0.10989175397956591,0.11687163389778034,0.3152577290767288,0.11433472695376053
Bulk 101,0.5809896941134883,0.10194200195683627,0.0,0.14444877069456083,0.17261953323511464
Bulk 102,0.049409896113368795,0.09553717900914853,0.27615257914144653,0.45446148295667477,0.12443886277936135
Bulk 103,0.07898344673053888,0.1330735936073231,0.09615422975379573,0.33332841914166705,0.35846031076667534
Bulk 104,0.16072396412386955,0.2325375891743113,0.0736248464640748,0.30835326883243847,0.22476033140530585
Bulk 105,0.3581680488735402,0.15282443792167305,0.20981867395898712,0.1228787227329376,0.15631011651286186
Bulk 106,0.3380258711464449,0.16852947109982772,0.036848730297725764,0.2309302537312608,0.22566567372474067
Bulk 107,0.2130489948179069,0.1934094974234165,0.0,0.26780534265440514,0.3257361651042715
Bulk 108,0.10740981713712931,0.10703515805985057,0.16390416706384886,0.4551970858721243,0.16645377186704693
Bulk 109,0.11770511578539909,0.18816547416130772,0.10367421800445878,0.3160827364420796,0.2743724556067547
Bulk 110,1.0,0.0,0.0,0.0,0.0
Bulk 111,0.7104939205839681,0.053080382638537066,0.020179266073574297,0.05881652018128271,0.15742991052263786
Bulk 112,0.5359629655974546,0.14031903798337214,0.0,0.0975417886627316,0.22617620775644165
Bulk 113,0.6435994078564804,0.044295765692627095,0.0,0.13575769234825208,0.1763471341026405
Bulk 114,0.1902519323120328,0.21075875854264217,0.0854048853354864,0.2425192772570154,0.2710651465528234
Bulk 115,0.25100158570414255,0.14322262355208148,0.18506310044333765,0.1302531678448652,0.29045952245557316
Bulk 116,0.31836089197749673,0.19446635475790466,0.0,0.24772337575097797,0.23944937751362066
Bulk 117,0.12681717509281173,0.13183962869829066,0.06659900474765766,0.5885602710998549,0.08618392036138521
Bulk 118,0.29360271967061613,0.08706397475089295,0.10059838873543867,0.2921891626026263,0.22654575424042592
Bulk 119,0.08703599316038595,0.20675858007571588,0.13572907252572794,0.336734522888544,0.23374183134962617
Bulk 120,0.44803579268899385,0.07901613184713757,0.0,0.3634401720531805,0.109507903410688
Bulk 121,0.24840344963612376,0.1249033049334015,0.16429238104461547,0.2777544575428367,0.18464640684302266
Bulk 122,0.5621409821296871,0.09839355153568256,0.11146717782742858,0.06982574604195246,0.15817254246524923
Bulk 123,0.37331790139177434,0.14068824063981394,0.0,0.2883778526911523,0.19761600527725948
Bulk 124,0.0766654297476161,0.2569909339404671,0.1065512835231455,0.26937511912761064,0.29041723366116057
Bulk 125,0.608767439614602,0.03288299485545784,0.0,0.004939252680186097,0.35341031284975405
Bulk 126,0.03794085566354024,0.18493716768566593,0.1193916175094432,0.48174546522411044,0.17598489391724026
Bulk 127,0.03239556460792391,0.2048982861445491,0.08894130255722703,0.2905708430105244,0.38319400367977546
Bulk 128,0.23670042350501125,0.035811699543293066,0.26391102334979166,0.3377878815406343,0.12578897206126954
Bulk 129,0.4129766695873074,0.1616128871625028,0.0,0.19018198125197766,0.23522846199821207
Bulk 130,0.4516549027172253,0.09836502401906029,0.0,0.2237593689731672,0.22622070429054733
Bulk 131,0.314186963812408,0.13496228329564752,0.0,0.2793022489685935,0.2715485039233509
Bulk 132,0.6122811451267256,0.16575325644705888,0.0,0.0,0.22196559842621547
Bulk 133,0.3566079176433516,0.07733666246163559,0.34274358402262883,0.13569487873958308,0.08761695713280088
Bulk 134,0.26186646475227254,0.17566689322316503,0.16365107677656815,0.21603780289501845,0.18277776235297571
Bulk 135,0.43474190472063157,0.008700271341956221,0.03856606606578452,0.4217302055957012,0.09626155227592637
Bulk 136,0.21640005076447108,0.1605526904559035,0.1144286248236603,0.24957225902250169,0.25904637493346333
Bulk 137,0.39863187723382393,0.09407222707036758,0.06768380667467941,0.1196932595245479,0.3199188294965813
Bulk 138,0.450992373654734,0.1394806249644934,0.0,0.11732540370315936,0.29220159767761333
Bulk 139,0.5610864242956032,0.12205938627346198,0.0,0.12553713371433037,0.19131705571660462
Bulk 140,0.21236127243244696,0.18027220411835335,0.038010939640294915,0.3202369399288137,0.24911864388009095
Bulk 141,0.23369149277854295,0.14937998422548537,0.16400735327776228,0.3361158911727829,0.1168052785454266
Bulk 142,0.5744122692143939,0.011261644678052617,0.1912078154420884,0.22311827066546497,0.0
Bulk 143,0.4452663488410653,0.07850035498270866,0.1522076077618774,0.15736578632232062,0.16665990209202794
Bulk 144,0.23201348300527896,0.17073325115153087,0.02471004721236303,0.2795938761203315,0.29294934251049565
Bulk 145,0.5855354007478156,0.0,0.14335968491928164,0.27110491433290274,0.0
Bulk 146,0.311623818927988,0.09905282939834728,0.05701449982223535,0.3605167848422589,0.17179206700917046
Bulk 147,0.1343148983229387,0.20984100481884768,0.13103324649551398,0.35498028664736536,0.1698305637153342
Bulk 148,0.18182457702165766,0.0943430748504908,0.28090951940669145,0.3235417680307409,0.11938106069041932
Bulk 149,0.3194575788060193,0.07138549036725565,0.13184675911068786,0.4486611037783266,0.028649067937710573
Bulk 150,0.22769017097156655,0.13348986950409364,0.0,0.3716166214476603,0.2672033380766797
Bulk 151,0.4401360655805347,0.10107138848365256,0.04626798403243376,0.2105578021742764,0.20196675972910252
Bulk 152,0.3370360978304452,0.1664071435129429,0.16300025260661655,0.22799253017769275,0.10556397587230264
Bulk 153,0.4412044158485955,0.0,0.19129139100698522,0.2920691298492139,0.07543506329520555
Bulk 154,0.2883908074978257,0.12144821445620696,0.16907689717320676,0.2736729897674271,0.14741109110533343
Bulk 155,0.27312122119105015,0.06899913092154578,0.1714650712754906,0.29782028399355004,0.1885942926183634
Bulk 156,0.2953183761796345,0.09272374344575678,0.4410559469154898,0.1709019334591188,0.0
Bulk 157,0.21374617514181818,0.1617979780459689,0.0728809812980058,0.2502498895583113,0.3013249759558958
Bulk 158,0.2671961183604534,0.1793579078171198,0.003158602958500109,0.19764056592872817,0.35264680493519857
Bulk 159,0.38843091063577345,0.11303605917995103,0.0,0.2871347675286263,0.21139826265564915
Bulk 160,0.4296822589014069,0.2135177229539209,0.0,0.12573583032316454,0.23106418782150775
Bulk 161,0.5771514043617715,0.04869026907503746,0.0,0.05924087447718225,0.31491745208600863
Bulk 162,0.5361583178517596,0.009582130327960445,0.0,0.2942196749951587,0.16003987682512108
Bulk 163,0.227508224773706,0.1203632781413449,0.2149148430577853,0.34631292095257205,0.09090073307459177
Bulk 164,0.20708916977610953,0.11994147874425401,0.15764503094803184,0.35776313076426797,0.15756118976733666
Bulk 165,0.3190798640465689,0.08802124866185038,0.07616769651138157,0.303947906031709,0.21278328474849012
Bulk 166,0.5478393195255988,0.11256535159941404,0.1627108529171902,0.003924829898015725,0.17295964605978129
Bulk 167,0.5344723005014895,0.13869267318478368,0.0,0.04881561728881508,0.27801940902491185
Bulk 168,0.021908116074331276,0.1721357376283951,0.12133208539761925,0.4499262337199971,0.2346978271796572
Bulk 169,0.4758116026747805,0.09983724659381833,0.016251178879015258,0.14518918349191914,0.2629107883604667
Bulk 170,0.33558490216005715,0.14989611699491007,0.1549393384546402,0.09207587601878525,0.26750376637160744
Bulk 171,0.28499385539296984,0.0,0.041667370590815156,0.673338774016215,0.0
Bulk 172,0.26174496077542075,0.05677269223175527,0.13027544996944304,0.42009217761329515,0.13111471941008582
Bulk 173,0.4406142283686475,0.13895456853098914,0.0,0.23098261584741994,0.18944858725294333
Bulk 174,0.5185612522066116,0.07983643139898057,0.06093427308399649,0.19977927253660394,0.1408887707738073
Bulk 175,0.5207853931936296,0.0,0.0,0.2751929986528253,0.20402160815354514
Bulk 176,0.4432722954809915,0.06436470529977992,0.0,0.3476161919828154,0.14474680723641314
Bulk 177,0.19856056962499577,0.09543392016858702,0.24622414990535996,0.398515613064105,0.06126574723695226
Bulk 178,0.4967158826945474,0.0727737038338624,0.0,0.2552952522639997,0.17521516120759045
Bulk 179,0.2800312572734422,0.15999435078411425,0.0,0.33320924034262855,0.22676515159981497
Bulk 180,0.045718321212607466,0.21008445274162943,0.10165930467611276,0.37135446814944445,0.2711834532202059
Bulk 181,0.3821332116182391,0.1430338050078188,0.0,0.23461245188752997,0.24022053148641206
Bulk 182,0.3706707330086583,0.16498323140765175,0.10701040164356464,0.14701905116209255,0.21031658277803267
Bulk 183,0.4040155815103315,0.2109765803294145,0.0,0.12151688947902739,0.2634909486812267
Bulk 184,0.17035479334139608,0.10962833530493776,0.12824783394897613,0.31618272882715937,0.2755863085775307
Bulk 185,0.4660760299944381,0.11535390915543126,0.03203849961640798,0.1367676767906987,0.24976388444302408
Bulk 186,0.1064817657108052,0.11993146222452992,0.2632995618668223,0.3570175550124733,0.15326965518536936
Bulk 187,0.3187846347746828,0.09770523449454818,0.056751025017082485,0.26973707517006434,0.2570220305436224
Bulk 188,0.1628429835708993,0.10716586945329437,0.1790987039574739,0.4190101184592328,0.1318823245590997
Bulk 189,0.5079716579746764,0.02658375418027215,0.10732983710853311,0.2228570663789898,0.13525768435752872
Bulk 190,0.2004901492701487,0.13358554114698912,0.21618804981356374,0.3422891918431262,0.10744706792617237
Bulk 191,0.3040041658273816,0.19871949067053524,0.048138460626486274,0.11706075967437975,0.3320771232012172
Bulk 192,0.5092519191501824,0.11569846420933762,0.0,0.19613998164270358,0.17890963499777637
Bulk 193,0.8762145923656787,0.0,0.0,0.016656048848207743,0.1071293587861136
Bulk 194,0.752387590159674,0.03417374123291904,0.0,0.0,0.21343866860740685
Bulk 195,0.26739024001926315,0.16724894898863238,0.01640816643447416,0.28788451181015523,0.26106813274747503
Bulk 196,0.44015776039089943,0.16908841137197222,0.0,0.13395039390013394,0.2568034343369945
Bulk 197,0.23720842829461133,0.1420108471434603,0.13534395897172286,0.3089910372558913,0.17644572833431418
Bulk 198,0.8680445482040938,0.0020471579793879383,0.0,0.0,0.12990829381651822
Bulk 199,0.2338369595273631,0.1788406701565639,0.08727625615611184,0.20195303971077522,0.2980930744491859
Bulk 200,0.006914436332286104,0.23427042531677764,0.2938590319293602,0.1781900817856925,0.2867660246358835
Bulk 201,0.1154072948255101,0.22783897465473485,0.053485071341180926,0.31655508605519816,0.28671357312337603
Bulk 202,0.5091721632267904,0.12464029116415554,0.08426658588746237,0.20646205717936922,0.07545890254222264
Bulk 203,0.3981653681426601,0.19280936888935304,0.0934132477204241,0.11464864823194479,0.20096336701561787
Bulk 204,0.3745047958786653,0.18995193465312438,0.0,0.18273722886974503,0.2528060405984653
Bulk 205,0.5457641299996934,0.16143330277632337,0.0,0.07373815799571225,0.2190644092282711
Bulk 206,0.5130093126298647,0.05119739529329697,0.24595606687582447,0.0,0.1898372252010139
Bulk 207,0.2918546584098208,0.18083743012100992,0.09969509929026985,0.19812175058916098,0.2294910615897384
Bulk 208,0.23772853021118462,0.11331892251324972,0.06404808381826886,0.25514459665602035,0.3297598668012764
Bulk 209,0.33309684385694854,0.11320426642928356,0.14616603365596054,0.19904768313367566,0.20848517292413174
Bulk 210,0.4742383892976679,0.11104301353198442,0.0,0.2106600994907856,0.204058497679562
Bulk 211,0.27246025304935556,0.121910737507803,0.17475158184839373,0.39604146116804817,0.03483596642639937
Bulk 212,0.43285585332006193,0.22691001523993876,0.11847089186002803,0.0,0.22176323957997132
Bulk 213,0.5156254066285421,0.1318947372705768,0.012820598459497186,0.13172561912243452,0.20793363851894942
Bulk 214,0.2549239340250392,0.14688246424347431,0.20418051354527278,0.24419782924938452,0.1498152589368292
Bulk 215,0.43102876766701076,0.10429894250703844,0.0,0.1923620163005706,0.27231027352538023
Bulk 216,0.2741530282372463,0.17287041983641266,0.0,0.27483524626985184,0.2781413056564892
Bulk 217,0.047903932331837096,0.199011474832111,0.19725178286890482,0.3233231981397745,0.23250961182737256
Bulk 218,0.32216666849381553,0.047133454078041696,0.14614689988555205,0.32863261613948896,0.15592036140310175
Bulk 219,0.4241231586082391,0.17197712366027554,0.08030598909168492,0.06699650931342853,0.25659721932637186
Bulk 220,0.4009063088877872,0.12030997026627245,0.10047311609835477,0.1566166688922197,0.22169393585536584
Bulk 221,0.45830300752711617,0.08041354670379468,0.1300217208516459,0.21964736369098156,0.11161436122646173
Bulk 222,0.06679839429220434,0.2234031875341257,0.10809367060982156,0.2886179986886008,0.31308674887524773
Bulk 223,0.2749572788218462,0.18332491130474304,0.0,0.3164934543875352,0.22522435548587544
Bulk 224,0.4162650441379723,0.16826341872335573,0.009034033776399468,0.25098230609321653,0.15545519726905596
Bulk 225,0.8547660636257274,0.06223917814730448,0.0,0.0,0.08299475822696824
Bulk 226,0.3754417054843158,0.17382605607940238,0.0,0.16015376276846136,0.29057847566782036
Bulk 227,0.032248926503755874,0.237331052169562,0.12250285558778153,0.32830237648268,0.2796147892562206
Bulk 228,0.1479665443709724,0.2150722483741721,0.07543851361764199,0.23791622075471242,0.323606472882501
Bulk 229,0.1471043878575689,0.15971295709613045,0.3057408748552303,0.2651045192860219,0.12233726090504848
Bulk 230,0.06218355967541242,0.2384923247581369,0.11784457172643424,0.3666463092478254,0.2148332345921911
Bulk 231,0.3525998518078611,0.16402770858679963,0.12701817892518893,0.1722374613935966,0.18411679928655367
Bulk 232,0.3041111763476448,0.0,0.014397280059272995,0.4273360851825971,0.2541554584104851
Bulk 233,0.2630524012726984,0.15196604340896058,0.08744945708202252,0.3018222616966336,0.19570983653968493
Bulk 234,0.3219726569704004,0.1546410201676959,0.18171924884367308,0.10538192866549935,0.23628514535273132
Bulk 235,0.2372679095016077,0.1687971565667545,0.12386373689539612,0.27262110507804166,0.19745009195819999
Bulk 236,0.0,0.19293279303145633,0.13394463328244274,0.4094936781355886,0.2636288955505123
Bulk 237,0.5691443616314498,0.10574335534525067,0.0,0.0,0.32511228302329964
Bulk 238,0.2765602121497096,0.1807454218772408,0.03852099560540322,0.1599354193768417,0.34423795099080456
Bulk 239,0.0,0.24455653036207417,0.07602417410862758,0.36369320415333617,0.315726091375962
Bulk 240,0.3569163381606155,0.12150994296154174,0.2029195020979248,0.2762370206943955,0.04241719608552247
Bulk 241,0.17168446795318745,0.1819832710062774,0.200190325774789,0.2798513282880213,0.16629060697772494
Bulk 242,0.8823337884359308,0.052214829342833044,0.0,0.0,0.06545138222123623
Bulk 243,0.5103471428686305,0.08286413991547623,0.11970734942799356,0.12937118799546915,0.15771017979243043
Bulk 244,0.2220300015479408,0.1983467735215082,0.066498338566181,0.1841762881361925,0.3289485982281774
Bulk 245,0.7030149922976558,0.08332279197867903,0.0,0.06709046757676443,0.14657174814690066
Bulk 246,0.22932223070482385,0.24205823236645213,0.11869857087086853,0.13159596781046612,0.2783249982473893
Bulk 247,0.5892187362257464,0.13517812171628996,0.0,0.0,0.27560314205796366
Bulk 248,0.36452182351664486,0.11934342852948995,0.07509836167134479,0.3370971694713519,0.10393921681116852
Bulk 249,0.6248999540128632,0.07571823332852545,0.14901061588541437,0.03176242664689216,0.11860877012630476
Bulk 250,0.41894821737361404,0.13372990593708414,0.23358105807084284,0.14584136540257858,0.06789945321588035
Bulk 251,0.1836141540334079,0.13264854977367038,0.11446900990329824,0.30663462443170725,0.2626336618579163
Bulk 252,0.2796788694049523,0.20200721136358754,0.027460487523513797,0.23302006024156444,0.25783337146638197
Bulk 253,0.2773170591094723,0.30159541772736337,0.00798228694575357,0.16510530903373447,0.24799992718367628
Bulk 254,0.47124984321637514,0.0570130313177434,0.0,0.21619347203582046,0.25554365343006097
Bulk 255,0.24406037086103485,0.22874477501427815,0.0,0.2846210676739421,0.24257378645074495
Bulk 256,0.29479407903666405,0.21834478685397538,0.016502789835355778,0.14785227430855863,0.3225060699654461
Bulk 257,0.31349705915783466,0.0,0.2299393455506668,0.4565635952914986,0.0
Bulk 258,0.38577337848201554,0.18251875450011526,0.0,0.1697673241212241,0.26194054289664515
Bulk 259,0.5384098366645559,0.15381971568594835,0.0,0.04826254992973794,0.2595078977197578
Bulk 260,0.02646063602549028,0.13079678751032173,0.10107079818900114,0.5123371162288487,0.2293346620463382
Bulk 261,0.22324723607120273,0.18656866105472586,0.13558748610794838,0.26411569596013035,0.19048092080599274
Bulk 262,0.21465001336255307,0.176068278285735,0.1281773005282889,0.23059356674550954,0.25051084107791344
Bulk 263,0.3766694659575742,0.16924660678054884,0.0,0.23034561694781697,0.22373831031405983
Bulk 264,0.4291392295131222,0.05207239726715184,0.0,0.4041861339173275,0.1146022393023984
Bulk 265,0.4148210991964091,0.1128768440447209,0.01402684512284137,0.42235318205759503,0.035922029578433615
Bulk 266,0.663186399913685,0.04995655941458026,0.0,0.10466209222874227,0.1821949484429926
Bulk 267,0.32309735273519663,0.0,0.15024943142514824,0.47361878029698273,0.053034435542672356
Bulk 268,0.7355399550533495,0.009347496721037735,0.0946439201300486,0.13841441440291574,0.02205421369264847
Bulk 269,0.43336504284600247,0.15415883784528517,0.09323426672402232,0.031020367411791698,0.28822148517289836
Bulk 270,0.49830240338098103,0.1296619510010601,0.0,0.08906253424533406,0.2829731113726249
Bulk 271,0.21180438815022487,0.08137172161197771,0.0033224706723818673,0.49384958031793813,0.20965183924747743
Bulk 272,0.12336756220867547,0.1953935643606025,0.12429832823438436,0.3084802163414933,0.24846032885484434
Bulk 273,0.3094558568460874,0.19345251095137028,0.0,0.27650156776198903,0.22059006444055332
Bulk 274,0.4362827394217845,0.0,0.08942211187866261,0.46867153747156104,0.005623611227991835
Bulk 275,0.21744163866595656,0.15113488343553186,0.07197001988448005,0.32262720315372545,0.23682625486030615
Bulk 276,0.1876973857853207,0.15645386024920432,0.11282562148232209,0.2854970963839675,0.2575260360991856
Bulk 277,0.8174381282312495,0.02858194715197881,0.0,0.15397992461677168,0.0
Bulk 278,0.21811454820849602,0.14807831988349796,0.0,0.3327839451182498,0.30102318678975604
Bulk 279,0.2571984141033851,0.08466110029180691,0.2423225601166266,0.2959827593938075,0.1198351660943739
Bulk 280,0.35140627846424194,0.13982956352544879,0.21678168203744716,0.11225109749192866,0.17973137848093357
Bulk 281,0.6574821665785525,0.08553471828243747,0.08885371468296135,0.0,0.16812940045604868
Bulk 282,0.4496231986682608,0.16636214651669584,0.0,0.09913504480273676,0.2848796100123066
Bulk 283,0.4776781775177844,0.08181557000969665,0.17228755301575704,0.193721477338992,0.07449722211776989
Bulk 284,0.7821645428757448,0.06237938471323235,0.0,0.0,0.15545607241102288
Bulk 285,0.2502332636355144,0.20137680491355103,0.09897046429816117,0.15624596984341302,0.2931734973093604
Bulk 286,0.19029930756182956,0.27425395752119835,0.03786274832287897,0.23972306642163022,0.257860920172463
Bulk 287,0.47749174855430443,0.06912292430251367,0.06085773480023948,0.3925275923429426,0.0
Bulk 288,0.4192722326271689,0.1136378374605178,0.0,0.2354474647887698,0.2316424651235436
Bulk 289,0.6282762912406615,0.07776140445821596,0.0,0.090612572597455,0.20334973170366744
Bulk 290,0.09978256020906476,0.17259931499569153,0.02558388694309786,0.4638531229063053,0.23818111494584054
Bulk 291,0.3816792960024125,0.15271750867922357,0.24868292512299373,0.05411418053485268,0.16280608966051757
Bulk 292,0.29263858000481924,0.24193647032787513,0.06541294315530233,0.12068045811858455,0.27933154839341884
Bulk 293,0.17106244841765617,0.23351710114193955,0.00417344506265773,0.3420254817233585,0.24922152365438818
Bulk 294,0.39327821717245626,0.17203123396566114,0.0,0.2495287036261299,0.1851618452357527
Bulk 295,0.6250383770867841,0.11107939369044884,0.0,0.0,0.26388222922276705
Bulk 296,0.5537473508911611,0.15907960088915268,0.05674018149718924,0.011660749089766154,0.21877211763273074
Bulk 297,0.3866241815872609,0.07546988330513268,0.3402996587060645,0.10192524871001285,0.09568102769152909
Bulk 298,0.13786843107006932,0.1835177777145293,0.03197501140399707,0.37952196125164056,0.2671168185597638
Bulk 299,0.6285638155658816,0.09372628559805589,0.0,0.0,0.27770989883606245
Bulk 300,0.01548867651120332,0.16442718896046812,0.14360829708329892,0.46230230860431704,0.21417352884071256
Bulk 301,0.527752084551872,0.0,0.19201801398193225,0.0,0.2802299014661958
Bulk 302,0.2798595524696757,0.20648468740787596,0.0,0.27475925482303215,0.23889650529941622
Bulk 303,0.32664740196407727,0.18775259740396918,0.04546619499089866,0.2506604815703779,0.18947332407067694
Bulk 304,0.11340041860141636,0.2864011896370829,0.07077240026184428,0.2049790927945331,0.3244468987051234
Bulk 305,0.34460553731389026,0.2440560581185341,0.1482333937306379,0.061984564905139566,0.20112044593179837
Bulk 306,0.6950757310004202,0.09221819814260718,0.10285917720735555,0.00449456055323422,0.10535233309638292
Bulk 307,0.5222869129308253,0.13269170608890482,0.0,0.15316752337500378,0.19185385760526624
Bulk 308,0.21725195202842698,0.16880059699201724,0.2005722399501388,0.1742375321887277,0.2391376788406893
Bulk 309,0.4558085293159003,0.16772865376954155,0.0,0.1376894028942574,0.23877341402030078
Bulk 310,0.47927515105982077,0.25129592954830704,0.0,0.07922667589144443,0.19020224350042778
Bulk 311,0.3223628460186742,0.11705343716208004,0.12436375236032643,0.22834170889160507,0.2078782555673143
Bulk 312,0.5526060071984443,0.16928018956279223,0.0,0.13956855114615185,0.13854525209261162
Bulk 313,0.49358130986410753,0.0,0.2195882539674795,0.23059391659648276,0.05623651957193025
Bulk 314,0.5682234865890661,0.11506845705379938,0.006173929067991988,0.19210333526595016,0.11843079202319248
Bulk 315,0.3872622537011631,0.058284846798283566,0.15656841143301034,0.1571973603921696,0.2406871276753734
Bulk 316,0.23196066581203775,0.21510220593557977,0.07006951929484388,0.26527634435510367,0.2175912646024349
Bulk 317,0.21006485336144,0.17705787002524784,0.1675885574946324,0.24808535175319757,0.19720336736548205
Bulk 318,0.5020910936529439,0.14998983599180246,0.08977393244120553,0.06009785189725236,0.19804728601679578
Bulk 319,0.3657641689050272,0.24323541169809382,0.019999624567511278,0.2095069301272936,0.16149386470207394
Bulk 320,0.5787156996799424,0.1290113927670142,0.0,0.0,0.29227290755304347
Bulk 321,0.38614355897000374,0.1118302404169297,0.0,0.3290967057663223,0.1729294948467443
Bulk 322,0.27457593254436835,0.13016738544316184,0.07301593125070982,0.26274801410140375,0.25949273666035627
Bulk 323,0.5694240870630142,0.10412665434921604,0.19462313684995075,0.0,0.1318261217378189
Bulk 324,0.4165095638666359,0.20081718855906971,0.08155808927655113,0.0024885496442606423,0.29862660865348273
Bulk 325,0.5181145618275567,0.04648301101897709,0.27053594733168584,0.050356939882995895,0.11450953993878459
Bulk 326,0.0990790218241662,0.12215838828931362,0.3452041668554759,0.2860342949823279,0.14752412804871642
Bulk 327,0.5080051376269994,0.1666513483558167,0.0,0.09479743091588895,0.2305460831012949
Bulk 328,0.30473995930170994,0.13863190873717124,0.07505801807122242,0.21876982556210592,0.2628002883277905
Bulk 329,0.46540018333184074,0.1797353542702035,0.10432217353037747,0.0,0.25054228886757846
Bulk 330,0.3492934166411668,0.20875040455329247,0.25220243652095625,0.0,0.18975374228458464
Bulk 331,0.4233992705923647,0.11594839980832873,0.0,0.3138188638608402,0.14683346573846642
Bulk 332,0.25506193310047154,0.25392555340807554,0.0,0.17184556619382974,0.3191669472976231
Bulk 333,0.3095047017921975,0.22615762825385555,0.09948546550327186,0.03808512788591153,0.3267670765647636
Bulk 334,0.0,0.09490685338973637,0.06625050356084922,0.5430204985036419,0.2958221445457725
Bulk 335,0.42230288092606283,0.07520051936492167,0.21563569499830368,0.1768142215579149,0.11004668315279693
Bulk 336,0.40231248076527576,0.23986901031220326,0.0,0.0,0.357818508922521
Bulk 337,0.07830086331002939,0.2527820424859278,0.05847077075903667,0.3285858199518049,0.2818605034932011
Bulk 338,0.09544721523801727,0.1962888714506774,0.07351097438026725,0.43416444741432014,0.20058849151671793
Bulk 339,0.3148591857582152,0.08675265626061504,0.4476493883742759,0.033598516571745424,0.11714025303514833
Bulk 340,0.1458571217254616,0.04987718008917701,0.21896045693826077,0.38759608021241315,0.19770916103468736
Bulk 341,0.32277935108504785,0.0,0.40222053593309715,0.275000112981855,0.0
Bulk 342,0.044184634784712226,0.14219269256527403,0.1707127690954014,0.4640655216694601,0.17884438188515225
Bulk 343,0.5390890345052938,0.12193332787050025,0.0,0.2147096680497503,0.12426796957445553
Bulk 344,0.6750917881152793,0.10958410623825532,0.0,0.0,0.2153241056464654
Bulk 345,0.33336918505098206,0.20395557401198522,0.15225023846652203,0.0,0.3104250024705107
Bulk 346,0.13293153217484838,0.13410946148577013,0.19808039562944374,0.3652763658424639,0.1696022448674739
Bulk 347,0.4477578710658273,0.13451934347503886,0.0,0.1542762544971593,0.2634465309619746
Bulk 348,0.22917001525974104,0.1826026853542902,0.2781229471198061,0.08661346651079724,0.22349088575536546
Bulk 349,0.13392156223188031,0.2521644144515212,0.17035669937527517,0.22461962535232352,0.2189376985889998
Bulk 350,0.4695165300368232,0.14716791094727003,0.1430348020590853,0.0,0.24028075695682138
Bulk 351,0.9501931553085187,0.0,0.0,0.0,0.04980684469148134
Bulk 352,0.12431942445402924,0.16880180127052455,0.10115025713817904,0.4592900619458071,0.14643845519145998
Bulk 353,0.4958477672933795,0.17116023113943424,0.02204412556640903,0.0,0.3109478760007773
Bulk 354,0.5803169544475699,0.2005654063516497,0.026158588891948345,0.05762002866109463,0.13533902164773748
Bulk 355,0.5906729254250647,0.0,0.14333114242798714,0.26599593214694806,0.0
Bulk 356,0.3642905294233408,0.1421989992423305,0.03333097481656379,0.3060878210226291,0.15409167549513583
Bulk 357,0.3461699879440981,0.20315417522742985,0.11745266127992812,0.0839917531868278,0.24923142236171603
Bulk 358,0.537720471071591,0.12030209146363416,0.0,0.15183512575293054,0.19014231171184423
Bulk 359,0.12693284808953514,0.21868794038378814,0.09936568060138098,0.2624132521390903,0.2926002787862054
Bulk 360,0.5147718197457498,0.14026080834456425,0.0,0.12596013500514008,0.21900723690454582
Bulk 361,0.34498763510137115,0.240327964245277,0.1340093914500184,0.06681598104777957,0.21385902815555397
Bulk 362,0.21322080608861346,0.19007937420432416,0.0,0.4495119239273968,0.14718789577966562
Bulk 363,0.3602728946378901,0.18766468030845915,0.0,0.059581048191143265,0.3924813768625076
Bulk 364,0.24642127288927446,0.07664123953588058,0.0644648252880691,0.35311175198913636,0.2593609102976394
Bulk 365,0.17780918860085726,0.19469008647649416,0.10148010981393464,0.3310055804498832,0.19501503465883085
Bulk 366,0.23061318595616104,0.10986176296585504,0.1600114241757494,0.31871729754511074,0.18079632935712375
Bulk 367,0.1268089592826056,0.2159987389344211,0.19451552767973398,0.24224025441112113,0.2204365196921181
Bulk 368,0.0867015808136143,0.2302342813245696,0.019186505874033567,0.29301317534523935,0.3708644566425431
Bulk 369,0.4451981657694185,0.1649244533391708,0.0,0.08980487293446943,0.3000725079569413
Bulk 370,0.41032523027850315,0.18169603317536526,0.0,0.19014469640480106,0.21783404014133054
Bulk 371,0.9060501519048034,0.009185999099022932,0.012992228811046589,0.0,0.07177162018512702
Bulk 372,0.33838303654719215,0.14747298360961258,0.0,0.30555504747792267,0.2085889323652728
Bulk 373,0.08616540105652669,0.21169098052129934,0.10869917822897947,0.4220889245015646,0.17135551569162996
Bulk 374,0.8360350230770496,0.07732782650364775,0.0,0.004662382692593012,0.08197476772670971
Bulk 375,0.13963698157051843,0.2927169814960601,0.021934260680815866,0.21561174418727652,0.33010003206532906
Bulk 376,0.467107770657328,0.1903503330645438,0.0,0.13649375067703673,0.20604814560109147
Bulk 377,0.3164286358021776,0.014802382865541362,0.23577913543183004,0.33378498431422166,0.09920486158622929
Bulk 378,0.0,0.29874158128528283,0.0,0.2647997906732405,0.4364586280414767
Bulk 379,0.27786686447410874,0.09989256158918446,0.14807472294187346,0.3464519043462412,0.12771394664859223
Bulk 380,0.36911157072398665,0.16096851723866118,0.07157376462653202,0.3120685880016406,0.0862775594091795
Bulk 381,0.6118772842257734,0.08003004958117568,0.0,0.2324890632526365,0.07560360294041435
Bulk 382,0.3259182083758414,0.21757595367479624,0.0,0.221334251109167,0.2351715868401955
Bulk 383,0.48105688226629156,0.17406333766342702,0.0,0.0,0.3448797800702815
Bulk 384,0.06140100327499219,0.34190182102626615,0.04101292885045458,0.15957386287111083,0.3961103839771763
Bulk 385,0.09123314683342792,0.14005398907106154,0.0,0.4167045906371425,0.35200827345836805
Bulk 386,0.1748211769429909,0.11821578308470825,0.30353143468405375,0.2252140730220225,0.17821753226622458
Bulk 387,0.3263014440732172,0.20971292156247687,0.0,0.28723841017937063,0.17674722418493527
Bulk 388,0.4934218598239306,0.18449318038726453,0.0,0.0,0.32208495978880475
Bulk 389,0.46104554976903045,0.23523532581723422,0.0,0.0,0.30371912441373544
Bulk 390,0.3014334504535731,0.18299523270122248,0.06613958329443397,0.23924168276594554,0.21019005078482478
Bulk 391,0.3813045965084949,0.11761192803362976,0.0,0.3360822310641292,0.16500124439374622
Bulk 392,0.3331212339677641,0.16180014244037363,0.0,0.2580728292417092,0.24700579435015302
Bulk 393,0.19845929815936392,0.16188804796434886,0.05480852112427372,0.39879817363668846,0.18604595911532507
Bulk 394,0.3711835152165212,0.13222760206107656,0.0,0.2849783773599087,0.2116105053624934
Bulk 395,0.16917170435538595,0.29550347673651295,0.074990705255336,0.14564505312619178,0.3146890605265734
Bulk 396,0.6396299731375685,0.07070522019730044,0.0,0.04415412940901806,0.24551067725611306
Bulk 397,0.5446529035600368,0.10810144272316928,0.09404844919075336,0.0,0.2531972045260404
Bulk 398,0.5423214122588016,0.1547482343753579,0.057543638378049954,0.16160073320713456,0.08378598178065605
Bulk 399,0.3420551970726934,0.2012118917933455,0.07191052463413114,0.18368374593892023,0.20113864056090983
Bulk 400,0.6407796604800514,0.0478391691483184,0.0,0.16893017854428316,0.14245099182734702
Bulk 401,0.2522347875167205,0.1726216255648816,0.051305591940236886,0.25740546085246485,0.2664325341256962
Bulk 402,0.19011353268420722,0.28098159537031353,0.07127836361144865,0.05771279969280236,0.3999137086412282
