,Ast,End,Mic,Neu,Oli
Bulk 0,0.17813314663324495,0.13864653240481795,0.14548489144103435,0.3647568857960352,0.17297854372486757
Bulk 1,0.21499767724279448,0.13655105922957111,0.1618462579869738,0.3343135719604265,0.1522914335802341
Bulk 2,0.058147469417136353,0.30756995442123924,0.05701701433289611,0.31232642104356395,0.2649391407851643
Bulk 3,0.0,0.13349718707379865,0.18335958113955184,0.3295246286488729,0.35361860313777654
Bulk 4,0.6669365495320709,0.06558103002520671,0.0,0.0,0.26748242044272236
Bulk 5,0.0,0.19944510183020822,0.06802886842111486,0.4254756804554481,0.30705034929322883
Bulk 6,0.5695594015477824,0.12906556964926513,0.009631623025536124,0.16366581292181567,0.12807759285560055
Bulk 7,0.3775214098167094,0.06351784327601183,0.0603870391971799,0.32461883019202453,0.1739548775180742
Bulk 8,0.36677321374433175,0.01801284834199129,0.07021096868760375,0.33492590365312186,0.21007706557295136
Bulk 9,0.4420168854258155,0.15909926816172143,0.0,0.10487437484582102,0.2940094715666419
Bulk 10,0.0024578817064097075,0.2727440759833933,0.0682576221205932,0.3637797015005766,0.29276071868902714
Bulk 11,0.1973392992521123,0.23619136573874444,0.040412870234906265,0.20579041118511604,0.320266053589121
Bulk 12,0.15219379785661408,0.21439364279282958,0.14948100237389655,0.34109827619176913,0.14283328078489058
Bulk 13,0.040159896689263765,0.23183798266340544,0.11328017605332812,0.3187321360669463,0.2959898085270563
Bulk 14,0.7741330456154463,0.0,0.0,0.0,0.22586695438455376
Bulk 15,0.33122657015841617,0.17589649173802024,0.0,0.28603968874184,0.2068372493617236
Bulk 16,0.21452611844871167,0.23308836204536154,0.0,0.3141689802417019,0.2382165392642248
Bulk 17,0.7279405377391749,0.058305072070523836,0.0,0.13905219763198304,0.07470219255831818
Bulk 18,0.3901097109651296,0.12726680006445726,0.0,0.26959061877824575,0.21303287019216732
Bulk 19,0.23431138753354458,0.15691261050628125,0.061079482281188965,0.3400436186503076,0.20765290102867753
Bulk 20,0.08445731901101373,0.1579789622663969,0.035718708578882485,0.49607715225098414,0.22576785789272272
Bulk 21,0.25781686989503916,0.11840596141531516,0.0,0.40936624462635185,0.21441092406329382
Bulk 22,0.0,0.2635534128253228,0.03216243623453831,0.42297561495017166,0.2813085359899672
Bulk 23,0.059170007392579,0.05705428211576125,0.24953134787570969,0.4735226956362463,0.16072166697970372
Bulk 24,0.4522451487083647,0.01080631671984678,0.07793077128492316,0.41447588538584335,0.04454187790102209
Bulk 25,0.12295711442409196,0.04068808250149374,0.09712045101250506,0.5180487287895252,0.22118562327238403
Bulk 26,0.38218154131608567,0.007678915613757594,0.10186347953453727,0.3233928550066633,0.18488320852895623
Bulk 27,0.46691007068124785,0.14062861404826815,0.09353476191312438,0.09074119169779364,0.20818536165956603
Bulk 28,0.27621881497692,0.04393709559240862,0.18564470610608289,0.49419938332458846,0.0
Bulk 29,0.33560280581680557,0.2136400936487585,0.0,0.15459784805401547,0.2961592524804205
Bulk 30,0.5100651237881131,0.05214883705253694,0.0,0.28319281423008613,0.15459322492926378
Bulk 31,0.2601608130682422,0.2049174781903481,0.14898971127664254,0.13203416487389172,0.2538978325908755
Bulk 32,0.09130340351093252,0.1868571193767817,0.01692670070028761,0.35376347052523843,0.35114930588675974
Bulk 33,0.05749476746973664,0.17094238657838018,0.14401066330805712,0.44995416455018883,0.17759801809363718
Bulk 34,0.23107613988477704,0.12407956334583392,0.16189213520473167,0.25477154720905665,0.2281806143556008
Bulk 35,0.5899423617062701,0.10414625768279516,0.0,0.0,0.3059113806109347
Bulk 36,0.34423562919759887,0.09388450614636172,0.0,0.2513860782332978,0.31049378642274167
Bulk 37,0.6561037889451099,0.0415007767314143,0.0,0.11863745006638064,0.1837579842570953
Bulk 38,0.41888618010891154,0.13610205819053892,0.027847792774718053,0.19235714023193765,0.22480682869389376
Bulk 39,0.16450936222631202,0.1302551045022356,0.11346425108655535,0.41787449084964634,0.1738967913352507
Bulk 40,0.11161372245934024,0.11801391428184337,0.07190490650951524,0.4817400121368079,0.2167274446124934
Bulk 41,0.49331073275622866,0.10763848509683545,0.0,0.07856724344996711,0.3204835386969689
Bulk 42,0.39176260806703717,0.16144181945355277,0.0,0.21848560197749273,0.22830997050191726
Bulk 43,0.17848113708046798,0.11075929207545844,0.09812041803287766,0.41736624922006466,0.19527290359113125
Bulk 44,0.08819560530497154,0.20044550760053143,0.10955273515881854,0.3389537659031011,0.2628523860325773
Bulk 45,0.8934752375846926,0.005192253138447679,0.0,0.08235763855508178,0.018974870721778038
Bulk 46,0.6220515671296651,0.11010540111803735,0.0,0.0,0.26784303175229757
Bulk 47,0.26544648590275843,0.163643468453624,0.0,0.29808976530966086,0.27282028033395656
Bulk 48,0.2974754890612994,0.10343300525874459,0.13722593737782507,0.2757465102242099,0.18611905807792112
Bulk 49,0.12585565691582407,0.19672504669195076,0.0,0.42445543407165254,0.2529638623205728
Bulk 50,0.35249406575276265,0.0,0.07072722923534601,0.385717340110159,0.19106136490173242
Bulk 51,0.4614658635989872,0.06716993287874809,0.0,0.2923753399738532,0.17898886354841137
Bulk 52,0.31477112611234626,0.08304141530550974,0.06036467754167087,0.36686791405755537,0.17495486698291768
Bulk 53,0.09677831756908688,0.2578115529789899,0.06350424260325817,0.29643431737395337,0.2854715694747117
Bulk 54,0.24704487971142094,0.14810123666863598,0.1643501470170118,0.22327363580317983,0.21723010079975147
Bulk 55,0.23310640251976528,0.045863025620312005,0.2653488047045142,0.33729520819253633,0.11838655896287215
Bulk 56,0.6415280647402827,0.0,0.0,0.3087511967493314,0.049720738510385956
Bulk 57,0.20869529124403371,0.09012539677670801,0.3686991503375826,0.20601124516237382,0.1264689164793018
Bulk 58,0.37111041921365717,0.0,0.36893810414346695,0.2599514766428758,0.0
Bulk 59,0.21166191368051857,0.24188375643732093,0.0,0.25618949989805023,0.2902648299841102
Bulk 60,0.10343022075276392,0.2111025047881774,0.046519644551581585,0.4167634079390022,0.22218422196847487
Bulk 61,0.3766131556361949,0.0744766841674426,0.0,0.3408631990768159,0.20804696111954663
Bulk 62,0.1518096006781112,0.23078917129688584,0.0,0.33299898157004504,0.284402246454958
Bulk 63,0.7767101488220556,0.06630196638487837,0.033075933394169955,0.061710753998104315,0.062201197400791754
Bulk 64,0.19086923156271793,0.01893654563035898,0.25908792711517104,0.4111312241575032,0.11997507153424884
Bulk 65,0.22892403174881193,0.14302878844404987,0.1812020200623289,0.33752883628331176,0.1093163234614974
Bulk 66,0.5462387996811657,0.13719296766831432,0.0,0.12969945472675914,0.18686877792376072
Bulk 67,0.2228929865942871,0.1900670415658327,0.0,0.2526691193684702,0.33437085247141
Bulk 68,0.2032766419186273,0.12723801967889534,0.11627239938962955,0.35132635692623604,0.20188658208661173
Bulk 69,0.11343266532526457,0.13195400203476332,0.07376074291446126,0.3976056050818681,0.2832469846436428
Bulk 70,0.13911299393532642,0.15826113865949465,0.06025926976139498,0.4267381861690033,0.2156284114747808
Bulk 71,0.4368991360147534,0.0,0.054148311142194525,0.4673711206733017,0.04158143216975039
Bulk 72,0.09635375510654176,0.22411187776399494,0.059716301921472446,0.37287846575705863,0.24693959945093222
Bulk 73,0.3581279583890597,0.1453174906803992,0.0,0.22347801420819483,0.2730765367223462
Bulk 74,0.42655922929001033,0.07435497390823535,0.14458480177744032,0.35286187556974513,0.00163911945456867
Bulk 75,0.5070524772084555,0.13585465731120086,0.0,0.24867507376589762,0.10841779171444603
Bulk 76,0.15866103281128777,0.1410877038530631,0.0,0.4586615404921792,0.24158972284346988
Bulk 77,0.5785904695017442,0.10703755460891454,0.0,0.05626604060294967,0.25810593528639153
Bulk 78,0.3537113704467879,0.18650636466471612,0.038922284733300345,0.246775127401084,0.17408485275411162
Bulk 79,0.16030319428537249,0.22926082643155515,0.0,0.3231526174206079,0.28728336186246434
Bulk 80,0.612641415243134,0.03167175549411002,0.0,0.10567727770985685,0.2500095515528992
Bulk 81,0.3532507660329275,0.09973119240309047,0.0354445592873415,0.2963568887970818,0.21521659347955877
Bulk 82,0.7505428358714392,0.04157540490901495,0.0,0.017794688072102934,0.19008707114744294
Bulk 83,0.1604473461670114,0.16119389211436522,0.0057117561144618455,0.3773481747429696,0.29529883086119196
Bulk 84,0.05431571275220502,0.2292454994324922,0.029254069641953376,0.3942052939519951,0.2929794242213542
Bulk 85,0.15509296434661252,0.14948966579182157,0.0957301161708104,0.40121926492043564,0.19846798877031982
Bulk 86,0.02565485976947357,0.2391596489653635,0.09706159493333434,0.33535013922753354,0.3027737571042951
Bulk 87,0.29289241044684083,0.21763407848242777,0.11886035660518353,0.15020586646111017,0.22040728800443773
Bulk 88,0.07751960101132266,0.20565014312667718,0.02929634080016577,0.31860409469948575,0.36892982036234856
Bulk 89,0.17937994289522508,0.18971185333433113,0.1199325398426447,0.3074045441403555,0.20357111978744358
Bulk 90,0.22846747063259687,0.15296178513046238,0.1478300128315499,0.31597918607902314,0.1547615453263676
Bulk 91,0.2889456507043004,0.08691207653470583,0.0948592478085601,0.46421463819226105,0.06506838676017276
Bulk 92,0.3199459655481202,0.06688260212895757,0.04929020523589301,0.44475680835820924,0.11912441872882014
Bulk 93,0.18703574531340142,0.19538008965614423,0.03683563093732793,0.4325860869982118,0.14816244709491452
Bulk 94,0.1809672386540128,0.23321168148319144,0.0,0.23453149749533742,0.35128958236745833
Bulk 95,0.12002072626090413,0.1986448141529493,0.05365942524525198,0.41743490325300475,0.21024013108788991
Bulk 96,0.9331569754871331,0.0,0.0,0.06684302451286687,0.0
Bulk 97,0.689053558766013,0.0,0.0,0.220501001508556,0.09044543972543094
Bulk 98,0.0704429596080458,0.21482326877348312,0.2077144888425125,0.33622542580466624,0.17079385697129237
Bulk 99,0.4757723474903346,0.039049410715421895,0.0,0.3728589926183561,0.11231924917588751
Bulk 100,0.324302973091165,0.0,0.20474317706697862,0.4709538498418564,0.0
Bulk 101,0.3226664621282809,0.1897964055118823,0.0,0.2638850567497182,0.22365207561011874
Bulk 102,0.295790714135758,0.005811965690776496,0.17944047569766752,0.5153040778233359,0.0036527666524621173
Bulk 103,0.06122378076715856,0.08871383621392465,0.19274338099252855,0.5255320049734477,0.13178699705294053
Bulk 104,0.0,0.2203060664368165,0.2598232006680703,0.35613259374541284,0.1637381391497004
Bulk 105,0.3289699660116034,0.20717002433843731,0.0,0.20687281842375055,0.2569871912262087
Bulk 106,0.1499265687137544,0.15396399581807294,0.13304040928565122,0.44091924372474994,0.1221497824577716
Bulk 107,0.22935455552867492,0.12708322609976083,0.16854890616519957,0.32260184355152394,0.1524114686548407
Bulk 108,0.09615373574428686,0.208649886654969,0.1328025992718262,0.363212187072681,0.1991815912562371
Bulk 109,0.09433337021450694,0.175011825469901,0.13988888116449885,0.2965784061536317,0.2941875169974617
Bulk 110,0.9995280140299635,0.0,0.0,0.00047198597003641834,0.0
Bulk 111,0.3871089251342793,0.10978204740914631,0.13664256359579532,0.2663519295222859,0.10011453433849297
Bulk 112,0.2729514877540267,0.18582668165452534,0.09393928568705544,0.2581460048341854,0.18913654007020714
Bulk 113,0.4726273765948567,0.05570815914372621,0.0,0.16119866393854015,0.31046580032287696
Bulk 114,0.29094581102699263,0.07356182770131689,0.38382138817382994,0.13653922159522827,0.11513175150263229
Bulk 115,0.4230820321364749,0.024876855137549867,0.19984152516339915,0.22475713633576877,0.12744245122680734
Bulk 116,0.04715164614899245,0.18643787456517377,0.10337590771964679,0.45228954373749075,0.21074502782869634
Bulk 117,0.36539371051685426,0.0,0.23165956576549773,0.3764379721847979,0.02650875153285005
Bulk 118,0.4033693368663933,0.03511963053954064,0.0,0.49946766588534736,0.06204336670871865
Bulk 119,0.32151169300199717,0.09646804147728684,0.02349405390116831,0.4784487898736104,0.08007742174593731
Bulk 120,0.29420772756264857,0.07275248816939012,0.10983732095914821,0.4358743086801723,0.08732815462864074
Bulk 121,0.4706066533819852,0.08001387990793093,0.0,0.3319310574273099,0.11744840928277399
Bulk 122,0.7581231114642601,0.035996984152836885,0.0,0.0,0.2058799043829029
Bulk 123,0.5128967970023991,0.1370685859808381,0.0,0.16863107254618515,0.18140354447057758
Bulk 124,0.2979710463446146,0.14927122068513302,0.14083132452642846,0.16508023687864898,0.24684617156517502
Bulk 125,0.7579261193657822,0.034076701219654996,0.005472797661840968,0.0,0.20252438175272178
Bulk 126,0.08233927885874359,0.18756258273653642,0.13290351897848174,0.2968451267195155,0.30034949270672273
Bulk 127,0.3202838534850837,0.027958139669181137,0.0703173001163745,0.38529078296725167,0.1961499237621091
Bulk 128,0.20031570667293752,0.21254120830387685,0.18527752680250698,0.11549074588799824,0.2863748123326803
Bulk 129,0.3874168228096745,0.11230250687994238,0.0,0.31261572535917537,0.1876649449512077
Bulk 130,0.4181850345127238,0.17090257853144347,0.0,0.12967548390573133,0.2812369030501015
Bulk 131,0.35224487869054716,0.13022237917904328,0.018172485791795777,0.3380166984235458,0.16134355791506788
Bulk 132,0.6242223659773816,0.09716374023112384,0.0,0.047587293225995364,0.23102660056549928
Bulk 133,0.7173200107477624,0.04315602722820243,0.025472107312008083,0.1426044559509725,0.07144739876105455
Bulk 134,0.31422124696943987,0.16850120343054076,0.03209079292756694,0.25286606333594125,0.23232069333651106
Bulk 135,0.37322460850097244,0.09334436161820577,0.0,0.2991454393894518,0.23428559049136996
Bulk 136,0.5591901848990496,0.04122918914867596,0.00017828127725968434,0.15876624042460707,0.24063610425040763
Bulk 137,0.5689416431767972,0.09452430012086946,0.0,0.12448625975155868,0.21204779695077464
Bulk 138,0.4527032728008482,0.10002887014338448,0.0,0.15028290641345565,0.2969849506423116
Bulk 139,0.5948076290567453,0.011172084646512571,0.0,0.2569411339300906,0.1370791523666515
Bulk 140,0.38692968222353785,0.07264792739412684,0.022142629962997935,0.3547262066712249,0.16355355374811242
Bulk 141,0.27668637764161863,0.01842746309971531,0.08089283494808203,0.4311963502139608,0.1927969740966232
Bulk 142,0.8576756330893245,0.0,0.0,0.0,0.14232436691067543
Bulk 143,0.29945432148814793,0.05737853281747349,0.2946970092312374,0.17576840069379718,0.17270173576934414
Bulk 144,0.2732244982058932,0.2056114009389617,0.0,0.23232852634534557,0.2888355745097995
Bulk 145,0.426015290947392,0.16216319912745267,0.14615984241809088,0.13585956815412786,0.1298020993529366
Bulk 146,0.14366936830437807,0.20299218104476363,0.02688596452618105,0.3044561365339339,0.3219963495907434
Bulk 147,0.03227319956092416,0.2833663976606194,0.07275601168293486,0.2998987918536143,0.3117055992419073
Bulk 148,0.18064727407914524,0.14810469929408637,0.21719125811424478,0.27538279283059924,0.17867397568192434
Bulk 149,0.40195780928736285,0.0,0.0,0.4958925240822421,0.1021496666303949
Bulk 150,0.5201463327595394,0.0,0.05019213105923744,0.42966153618122305,0.0
Bulk 151,0.4095811437813317,0.15476405558886283,0.0,0.14112362543427773,0.2945311751955278
Bulk 152,0.3635750522253626,0.2126347180647321,0.07287086887585095,0.10998745951700332,0.2409319013170512
Bulk 153,0.11755429329691611,0.1672200640056178,0.254617792927918,0.2776258741191963,0.1829819756503518
Bulk 154,0.23212692736755208,0.20139765544506627,0.07207276026175778,0.3128361759396461,0.181566480985978
Bulk 155,0.07981335657092935,0.19600276839183894,0.10654135831212588,0.33438369066863516,0.2832588260564705
Bulk 156,0.4769540849184738,0.11479023400818161,0.0,0.12539280673560307,0.2828628743377416
Bulk 157,0.3394112190607843,0.1586466195943923,0.06583080619358099,0.2479221205877337,0.1881892345635088
Bulk 158,0.06583737494138778,0.2226955494056933,0.06397147240258572,0.35675622595291234,0.29073937729742094
Bulk 159,0.38530000358562794,0.13139874858911615,0.08386925156034213,0.19792863472240113,0.20150336154251264
Bulk 160,0.27715677994233484,0.22168494373056877,0.07996835932675914,0.2259487711453222,0.19524114585501506
Bulk 161,0.31096679761675206,0.17654754799099942,0.10071784897401259,0.14920492985465914,0.26256287556357677
Bulk 162,0.14511652206411693,0.2811879874242819,0.0,0.3041338957569415,0.2695615947546596
Bulk 163,0.362794078705073,0.10710772992500497,0.0,0.30138608310467413,0.2287121082652479
Bulk 164,0.4019659374489906,0.0,0.1567794627303879,0.32632330594756614,0.11493129387305535
Bulk 165,0.2580355501245638,0.15237273986161987,0.030249142115079713,0.3246401508229552,0.2347024170757816
Bulk 166,0.7085287371076251,0.039302022649971805,0.0,0.09770872920024609,0.15446051104215708
Bulk 167,0.7741580140452301,0.0,0.0,0.04136106874083261,0.18448091721393728
Bulk 168,0.03537127088266363,0.19825122550148944,0.07375459911722324,0.41544434901394406,0.27717855548467957
Bulk 169,0.6225804865879117,0.09471101639151257,0.0,0.06443015580830767,0.21827834121226802
Bulk 170,0.0995613328829204,0.287611869509173,0.09994357837148918,0.20680631858303672,0.3060769006533808
Bulk 171,0.0552496287130437,0.20687450715537872,0.08834739893933222,0.3325060415820226,0.31702242361022276
Bulk 172,0.21979870870839258,0.11685697823178012,0.011754287561856301,0.3291732993076994,0.32241672619027156
Bulk 173,0.6000121468792197,0.13135283909072407,0.0,0.050432612492311055,0.21820240153774534
Bulk 174,0.8228879546053015,0.009566749912989583,0.0,0.0,0.16754529548170896
Bulk 175,0.27728975189017974,0.02183406139756746,0.4017153461014527,0.27803610790316036,0.021124732707639822
Bulk 176,0.17073837960649238,0.1790491600723933,0.02345315109257599,0.3735762409085593,0.25318306831997894
Bulk 177,0.3640646843681337,0.00870273987420747,0.17991271003929346,0.42350604463914143,0.023813821079223942
Bulk 178,0.34446684237179936,0.0,0.19704824103966462,0.3333100016401787,0.12517491494835736
Bulk 179,0.21096530023008636,0.20780540092788155,0.0,0.29309169210635827,0.28813760673567385
Bulk 180,0.4366573166974397,0.0516091792153471,0.1716312300058444,0.20164234578388937,0.13845992829747938
Bulk 181,0.5364535228913819,0.009674688007446421,0.0,0.22038678190814864,0.233485007193023
Bulk 182,0.3265428970041342,0.09443605518082303,0.1537615058225049,0.2668663060072601,0.1583932359852777
Bulk 183,0.3773503468901954,0.17217960098323756,0.0,0.1639838227994938,0.28648622932707324
Bulk 184,0.3777007854725361,0.0,0.08692046871219793,0.30823616980544494,0.22714257600982105
Bulk 185,0.20663203762282595,0.1876956147086337,0.07933918468353482,0.27839550680102165,0.24793765618398378
Bulk 186,0.26321660379733297,0.14486046574745012,0.2462521516396488,0.2081190052114533,0.13755177360411477
Bulk 187,0.3327155709402785,0.18003332545869447,0.02784472415552942,0.1677828778247817,0.29162350162071604
Bulk 188,0.24554869615921804,0.1057958622396747,0.14099140996029588,0.3365034765678149,0.1711605550729965
Bulk 189,0.40900093321455894,0.10606601114475082,0.0,0.25567645625515306,0.22925659938553708
Bulk 190,0.37023164752477666,0.1901858306450102,0.0,0.18665796265507492,0.25292455917513823
Bulk 191,0.18369581834464102,0.19986619221025465,0.2264552299092865,0.23833710104809466,0.15164565848772307
Bulk 192,0.24052533112393296,0.18904526786036205,0.08314823234881007,0.27098910139519666,0.21629206727169828
Bulk 193,0.7652700356128694,0.014098068311893022,0.0,0.0,0.2206318960752375
Bulk 194,0.2834197155150267,0.06591673259750698,0.3000629195349496,0.2518337409734123,0.09876689137910448
Bulk 195,0.14558614780625048,0.19346300223050872,0.14230858812787697,0.29330249682929843,0.22533976500606548
Bulk 196,0.3061317829775543,0.2349038259235818,0.0,0.1613658356185398,0.2975985554803241
Bulk 197,0.3603807768915545,0.2582951313934802,0.0,0.09135952562749643,0.289964566087469
Bulk 198,0.6777070032531063,0.06722035654029715,0.12111473878950962,0.0,0.13395790141708702
Bulk 199,0.3182630562819201,0.17011322375997323,0.0,0.25188064459651693,0.25974307536158964
Bulk 200,0.0274888491019812,0.19559129050490542,0.19295398350485468,0.36919516726355756,0.21477070962470107
Bulk 201,0.10448523931504859,0.24407841093536883,0.13705660931811797,0.2672620706690397,0.24711766976242477
Bulk 202,0.2159112954136072,0.1740360433972022,0.02918842640216316,0.3219901400591706,0.2588740947278569
Bulk 203,0.6762570715117532,0.10497161776426946,0.0,0.0,0.21877131072397743
Bulk 204,0.48728719384949626,0.13459361195314234,0.0,0.21719524952096936,0.16092394467639215
Bulk 205,0.17205048050862723,0.26688376592046165,0.12727147991957663,0.1875436435597012,0.2462506300916334
Bulk 206,0.5716994060205045,0.12229212146085458,0.0,0.01989562970317518,0.2861128428154658
Bulk 207,0.28898779674205843,0.11916244747945054,0.06845463023835971,0.2936438500300189,0.2297512755101124
Bulk 208,0.34933704585410247,0.19500150900796814,0.04286595872593541,0.14740103064607418,0.26539445576591975
Bulk 209,0.8000842674348008,0.006212154344122078,0.0,0.008394697732670393,0.1853088804884067
Bulk 210,0.5913005652184304,0.08769750044292966,0.0,0.15900246638283616,0.16199946795580375
Bulk 211,0.0,0.2402975153716165,0.2071789511375328,0.2227818042922816,0.32974172919856903
Bulk 212,0.41592063023589476,0.1352007432279017,0.10357568929807874,0.14310896777104098,0.20219396946708384
Bulk 213,0.4552856174299292,0.01737349880946122,0.0,0.3412198474107672,0.18612103634984248
Bulk 214,0.7784048440724598,0.0,0.0,0.0,0.22159515592754012
Bulk 215,0.41654624622053815,0.16943187635194792,0.0,0.14968549300253609,0.2643363844249778
Bulk 216,0.21770883401070684,0.15744090592449592,0.0,0.30144050477627155,0.3234097552885257
Bulk 217,0.39169521657308853,0.10872656877262664,0.05406151774332681,0.2007391181827074,0.2447775787282506
Bulk 218,0.49314619127151,0.0,0.13415692548176708,0.3726968832467229,0.0
Bulk 219,0.49649231510001984,0.12478934331474495,0.0,0.1188689821216014,0.25984935946363374
Bulk 220,0.4362321626850463,0.16794198884647943,0.0,0.14268610852576383,0.2531397399427104
Bulk 221,0.0,0.3050917165073912,0.06286520023269306,0.2828039574965245,0.3492391257633913
Bulk 222,0.25851247065515226,0.0,0.15972443338131811,0.5615907164361547,0.020172379527374863
Bulk 223,0.13731076854140267,0.22816443251295437,0.254742748504425,0.21946017931925446,0.16032187112196353
Bulk 224,0.31558532378554494,0.15744603847738148,0.20168002495597157,0.07130331423961991,0.253985298541482
Bulk 225,0.6318458744920379,0.06174397521761842,0.12895457203182997,0.0,0.17745557825851382
Bulk 226,0.5559467453916195,0.08769897813957514,0.0,0.25510079501791794,0.10125348145088749
Bulk 227,0.22241825453043207,0.16713377843599087,0.17861057340560244,0.2670615795624169,0.16477581406555794
Bulk 228,0.45356850789137,0.1342375128651546,0.04016116878549139,0.1956527734737723,0.1763800369842116
Bulk 229,0.37407529606688217,0.14009949115719597,0.06480638339426524,0.2688536647214728,0.15216516466018376
Bulk 230,0.026737969791307683,0.23808620761701152,0.09145560046637906,0.4039915374509313,0.23972868467437033
Bulk 231,0.3602302086832007,0.16961326058153933,0.19568827523195634,0.14941029901630798,0.1250579564869956
Bulk 232,0.058191722471651254,0.19266257601452705,0.08860105777525921,0.4356350745776995,0.22490956916086305
Bulk 233,0.5576451154110442,0.0,0.0,0.39362660953629985,0.048728275052655944
Bulk 234,0.2785773398470237,0.24639616257876765,0.0,0.13355889459234938,0.3414676029818593
Bulk 235,0.35651410449501914,0.190820207468687,0.0,0.1659096803501724,0.2867560076861214
Bulk 236,0.0,0.21931034765533297,0.029552486539352555,0.45141207339135686,0.29972509241395745
Bulk 237,0.4272280774590993,0.2508201351009141,0.0,0.003823092381626068,0.31812869505836056
Bulk 238,0.47454779202956565,0.14708334666494752,0.0,0.21395885626125624,0.1644100050442307
Bulk 239,0.0,0.19319456493488776,0.10582923863716583,0.38027602332233423,0.3207001731056122
Bulk 240,0.32429583228166875,0.22528182349165446,0.0,0.18755194656559426,0.26287039766108256
Bulk 241,0.23994011303455876,0.1346246011249225,0.0,0.38617171027593467,0.23926357556458405
Bulk 242,0.8214115214754883,0.009664760053183775,0.0,0.0,0.16892371847132784
Bulk 243,0.40882702446419295,0.200658461703523,0.0,0.12613738368898317,0.2643771301433009
Bulk 244,0.35411385553427666,0.18414344117477124,0.05910151806024734,0.09317022606758955,0.30947095916311534
Bulk 245,0.8064816103614124,0.09745546852401368,0.0,0.09606292111457398,0.0
Bulk 246,0.12371945207314833,0.24308295110842937,0.05640213848763238,0.2582617223740305,0.31853373595675943
Bulk 247,0.39617547256277946,0.21817561472821584,0.0930727030659894,0.21063043164829218,0.08194577799472325
Bulk 248,0.7901081315912099,0.0,0.0,0.20989186840879018,0.0
Bulk 249,0.6178023982392512,0.11559057689998736,0.0,0.0,0.2666070248607615
Bulk 250,0.5456280779875471,0.1081211717944985,0.12228513211608141,0.09893718309876855,0.12502843500310437
Bulk 251,0.43176473396956744,0.04401837732036459,0.10462128477466344,0.2430673829717879,0.17652822096361667
Bulk 252,0.3508405664623902,0.14476452887791055,0.05934789453258179,0.18397990027965924,0.2610671098474582
Bulk 253,0.11100285641882096,0.2759556449600178,0.06102704743509605,0.22908568860897727,0.32292876257708786
Bulk 254,0.35150738300988976,0.230582986598926,0.06966539153299182,0.04606618554242734,0.302178053315765
Bulk 255,0.1603028163622058,0.22508855135905406,0.13269169758986465,0.26914579321998966,0.2127711414688859
Bulk 256,0.16168903699848294,0.2618694269136858,0.08199393550926538,0.18150442150704288,0.312943179071523
Bulk 257,0.0855089665942963,0.39671173010695354,0.06982922056337683,0.14112045676433252,0.30682962597104074
Bulk 258,0.32955006911427015,0.12255908258459854,0.1809265552033767,0.10593888046607737,0.26102541263167717
Bulk 259,0.3917107092768344,0.20947619726020122,0.0,0.10144368773847431,0.29736940572449005
Bulk 260,0.3137590939971538,0.0024143010545406973,0.2145386311631208,0.4692879737851848,0.0
Bulk 261,0.055527035132879474,0.21912664178431526,0.10349722252890665,0.3322538231019683,0.28959527745193026
Bulk 262,0.11028838984470885,0.14360984176961836,0.06587814014868057,0.40257190829677886,0.27765171994021337
Bulk 263,0.40263458497415117,0.09189562103052104,0.12949769513096063,0.28321454970787874,0.09275754915648836
Bulk 264,0.6087116884820739,0.049985419251770004,0.0,0.22274294512663526,0.11855994713952082
Bulk 265,0.3460577867261052,0.028397652804965815,0.0,0.46838716029196475,0.15715740017696428
Bulk 266,0.46908156934351275,0.1538885838474864,0.0,0.10952917005488455,0.2675006767541162
Bulk 267,0.05990034810289399,0.2673483804952811,0.022510002494171667,0.31003822127834096,0.34020304762931236
Bulk 268,0.4444107126790652,0.10948782133014684,0.0,0.16106984586304102,0.285031620127747
Bulk 269,0.4899018110943455,0.10755991318127617,0.08773746293436192,0.06475945667362579,0.25004135611639056
Bulk 270,0.5669238598784148,0.12406778180228702,0.023670952085094298,0.0,0.2853374062342039
Bulk 271,0.24900566996152712,0.0,0.1544719531633175,0.593408134941475,0.0031142419336801968
Bulk 272,0.3880263983629198,0.19835947838690415,0.0,0.06311595590530851,0.3504981673448676
Bulk 273,0.36040160060422904,0.2109679409815322,0.023945217995662904,0.18366703826939215,0.2210182021491836
Bulk 274,0.4387042854439296,0.13721252095473735,0.0,0.24103514006361265,0.18304805353772038
Bulk 275,0.049699545874314764,0.21339981062834143,0.046267524584594134,0.39279852794776593,0.29783459096498355
Bulk 276,0.24170643509042938,0.18126081964628438,0.24243777451904744,0.09070183254082871,0.24389313820341
Bulk 277,0.42447495822766557,0.13620309872015096,0.16007605797953411,0.20676919973216903,0.07247668534048023
Bulk 278,0.31001656592712307,0.19708829234388917,0.0,0.2832875167886071,0.20960762494038068
Bulk 279,0.24339842316776775,0.15511190526068042,0.3219501205201709,0.22279347239678918,0.05674607865459182
Bulk 280,0.5694045357348253,0.13584993970627524,0.0,0.0,0.2947455245588994
Bulk 281,0.5108768434614454,0.06421923607830694,0.17802219772337327,0.17949865213047397,0.06738307060640052
Bulk 282,0.38333171451237136,0.1576664267546253,0.0,0.1776103977767759,0.2813914609562275
Bulk 283,0.6120875525295124,0.10867438685222178,0.013924503964183372,0.1333582218746474,0.1319553347794351
Bulk 284,0.6333388908794946,0.09169624783939503,0.1276205186116286,0.0,0.14734434266948182
Bulk 285,0.06739580481111784,0.18499627542458263,0.2291455304106115,0.28969261277851616,0.22876977657517178
Bulk 286,0.2598638943156498,0.22048720017618725,0.16793728584258022,0.13153723906769074,0.2201743805978919
Bulk 287,0.03386975501181072,0.06645976216080239,0.15636457222402633,0.5061822976250341,0.23712361297832643
Bulk 288,0.252920631697467,0.1349847084515332,0.04483587679672315,0.33437123923660594,0.23288754381767066
Bulk 289,0.6753711582828718,0.02506557965289577,0.2156923677134151,0.0054770898029781355,0.07839380454783927
Bulk 290,0.5452371216092621,0.1597267933618683,0.0,0.16719278806860574,0.12784329696026392
Bulk 291,0.7485017989882081,0.11246875774526834,0.0,0.029203224429817303,0.10982621883670632
Bulk 292,0.10490358023764235,0.2790834151374901,0.17615773827172257,0.24620560246160628,0.19364966389153856
Bulk 293,0.18141051461980842,0.20276275013929407,0.046596685542009963,0.3601155307366664,0.20911451896222116
Bulk 294,0.6318733106838486,0.12645945537489592,0.0,0.0,0.24166723394125555
Bulk 295,0.7682485036534503,0.05476513056123196,0.0,0.0,0.17698636578531773
Bulk 296,0.28785914464641416,0.2184123614047316,0.19136710677466268,0.08393028514436082,0.2184311020298306
Bulk 297,0.894540414333581,0.0,0.0,0.0,0.10545958566641896
Bulk 298,0.30142988644300567,0.1525612456019087,0.0,0.25021677494589123,0.29579209300919435
Bulk 299,0.4833859656622473,0.18644838059796962,0.03231637132265334,0.07412698797927372,0.22372229443785602
Bulk 300,0.14980149478633936,0.19387660857452674,0.0,0.42314980431916444,0.2331720923199695
Bulk 301,0.13157166878198284,0.09805664668733158,0.0,0.5152778915370027,0.25509379299368296
Bulk 302,0.14820655669350402,0.26221817938152076,0.043107349344069845,0.25712536783415924,0.2893425467467461
Bulk 303,0.5596338226600625,0.11705120596404568,0.0,0.18156013428198675,0.14175483709390505
Bulk 304,0.10745587135159156,0.30752445472679213,0.013932927470787528,0.27732703526804914,0.2937597111827796
Bulk 305,0.33472464654556194,0.2027046254152216,0.23818389170454812,0.02366674295548382,0.20072009337918448
Bulk 306,0.491821350666827,0.15799053196408008,0.036985009146128095,0.026279962998333427,0.28692314522463147
Bulk 307,0.7205471769905832,0.0,0.06141095323369585,0.0,0.2180418697757209
Bulk 308,0.6160880749007497,0.0,0.13539489549971498,0.028421921247956974,0.22009510835157844
Bulk 309,0.4808902247740469,0.18537586841610967,0.03147491516607226,0.06132507630428672,0.2409339153394844
Bulk 310,0.2504236253813539,0.22432797528291226,0.14941621038641764,0.15387764179847588,0.22195454715084037
Bulk 311,0.24894097466166534,0.19689794171319705,0.006198401033603427,0.3273330273234913,0.22062965526804285
Bulk 312,0.34048111059716435,0.16378504601890329,0.05087212923759069,0.15324094989792444,0.29162076424841715
Bulk 313,0.4220154766738896,0.16110916998350278,0.08957770777161471,0.13613885824829344,0.19115878732269945
Bulk 314,0.7852423610207071,0.07991249416800777,0.0,0.04332128203457491,0.09152386277671021
Bulk 315,0.6781861826961482,0.10943056895207705,0.0,0.0,0.2123832483517749
Bulk 316,0.263372405624152,0.23933307322767944,0.004088196346556225,0.1761581652000483,0.317048159601564
Bulk 317,0.37065480065210615,0.13759614564096784,0.0,0.12480569787334445,0.3669433558335816
Bulk 318,0.6402716360320513,0.05398112121471579,0.0,0.1229120124168377,0.1828352303363953
Bulk 319,0.05916246966035789,0.3470418837238708,0.06209203794302666,0.24109910786932037,0.29060450080342426
Bulk 320,0.3459014311179197,0.1586231167994192,0.08372256543359552,0.2016188890081335,0.2101339976409321
Bulk 321,0.3886069491769234,0.1189463805991796,0.17554200339298945,0.14038584367720483,0.17651882315370282
Bulk 322,0.10724971740069325,0.17778534625678646,0.075560473766686,0.3614960625353965,0.2779084000404379
Bulk 323,0.7355958180535656,0.09419525471416879,0.0,0.0,0.17020892723226563
Bulk 324,0.44824078072433654,0.14997946846374127,0.02579074294811181,0.2191137771465369,0.15687523071727347
Bulk 325,0.21356241352653593,0.24126494674143548,0.12854088418159534,0.1657968785407227,0.25083487700971047
Bulk 326,0.03563144101050003,0.285779049513778,0.26128064212574525,0.23742735870552076,0.17988150864445587
Bulk 327,0.40448436395681375,0.15928797207217998,0.0,0.10687891269526045,0.3293487512757458
Bulk 328,0.20263421866484344,0.18399105602808402,0.07116144214108203,0.2679706479466302,0.2742426352193603
Bulk 329,0.7772165959568469,0.06212504601054993,0.0,0.09335060154189524,0.06730775649070783
Bulk 330,0.4310057501500433,0.2607575896114995,0.07245141987782552,0.06968512305256215,0.16610011730806945
Bulk 331,0.1863669140399933,0.20890245302824365,0.19624408729327225,0.2064373320767311,0.20204921356175976
Bulk 332,0.18905857439159493,0.15095867275764227,0.0,0.37423461609020314,0.2857481367605595
Bulk 333,0.5420487717526641,0.11969621208195219,0.0,0.030306169117592797,0.307948847047791
Bulk 334,0.0,0.26921319396966836,0.031759478718126684,0.4601992660248344,0.2388280612873706
Bulk 335,0.4011929330108019,0.1414024468178148,0.11497284526435027,0.1254733145669303,0.2169584603401026
Bulk 336,0.40860202530751233,0.21844146405048495,0.10890774301019004,0.0,0.26404876763181273
Bulk 337,0.25992050133783345,0.08908650541310521,0.0,0.3990636857958376,0.2519293074532236
Bulk 338,0.24538238899431666,0.12173917844356784,0.05429371898618102,0.38213601880438053,0.19644869477155386
Bulk 339,0.3694598668195051,0.11672806807574172,0.2686602312889839,0.204053249595567,0.0410985842202022
Bulk 340,0.2932486879209238,0.0484006323823939,0.11835042930295925,0.3183711203204774,0.22162913007324564
Bulk 341,0.24640079619017274,0.19669201423863153,0.07794460715956272,0.17948860840285305,0.29947397400878006
Bulk 342,0.0,0.24052760933689493,0.10887182794060529,0.3462776483700418,0.304322914352458
Bulk 343,0.5367884424734658,0.046748871084979285,0.0,0.026242820921900202,0.39021986551965476
Bulk 344,0.5511454204293397,0.11504785741885258,0.059373581546150925,0.008651240213608519,0.26578190039204813
Bulk 345,0.33401512403960854,0.22988794559435696,0.059038648666410454,0.1519644161696503,0.22509386552997368
Bulk 346,0.23684528380920594,0.08076728065089032,0.0906742615998429,0.4402282224068417,0.15148495153321928
Bulk 347,0.3188873706018183,0.16916985546805774,0.0,0.207993719066338,0.30394905486378593
Bulk 348,0.46400918919949435,0.1103544420800958,0.0,0.16339112869860115,0.2622452400218088
Bulk 349,0.4313168564125417,0.10536191534064092,0.0,0.3146761559397557,0.14864507230706162
Bulk 350,0.27887877434826003,0.20218277740565024,0.08082487496550156,0.1297168395168413,0.30839673376374693
Bulk 351,0.6132042558625844,0.02135120154229689,0.28384347296016743,0.0,0.08160106963495123
Bulk 352,0.023430886218506336,0.277489942683758,0.1055634041565558,0.2869024954413798,0.30661327149980017
Bulk 353,0.3801768121750195,0.14273069562834798,0.10622052838859719,0.2207642582024849,0.15010770560555048
Bulk 354,0.7489763798898323,0.07274143613144539,0.0,0.12875142973606618,0.04953075424265605
Bulk 355,0.224091186354018,0.11022693220647684,0.10073989992449138,0.3158733680326241,0.24906861348238968
Bulk 356,0.37637258043517285,0.12431553106624281,0.08586904155983294,0.14468588396238002,0.26875696297637136
Bulk 357,0.27089918707964644,0.20849749991468772,0.026896403880717155,0.21722037371444008,0.2764865354105086
Bulk 358,0.5202233366973036,0.142480448813763,0.0,0.15426968473204639,0.18302652975688694
Bulk 359,0.16490188958721877,0.28653648782889685,0.07842375556471377,0.18326911385649441,0.2868687531626761
Bulk 360,0.390967347238837,0.17708731968544142,0.028419895834564307,0.10634998406746783,0.29717545317368943
Bulk 361,0.3021509635651431,0.22817665203419835,0.0210942414430632,0.22641617438944453,0.22216196856815076
Bulk 362,0.22010441996595073,0.01797199541825442,0.16637237891036902,0.4141931787400862,0.18135802696533967
Bulk 363,0.2285271676159991,0.22021368060969795,0.12717219024103876,0.2175731694592664,0.2065137920739977
Bulk 364,0.24307383445976,0.2115034312632297,0.0350902292583674,0.2997145471206499,0.21061795789799298
Bulk 365,0.3316484068277909,0.16688844101786796,0.0,0.1608654177983948,0.3405977343559464
Bulk 366,0.347290577031147,0.016896238201916762,0.1594586178210969,0.3356758249831612,0.14067874196267818
Bulk 367,0.4444291594176115,0.1740279287359601,0.0,0.1194766690558187,0.2620662427906096
Bulk 368,0.05192579439268848,0.34938617294022384,0.1377360849037358,0.15870594326490622,0.30224600449844563
Bulk 369,0.31207209355722304,0.20968906443858967,0.03372134666181306,0.26851317287592963,0.17600432246644465
Bulk 370,0.7067962129008993,0.11903179594511042,0.0,0.047524063119085795,0.1266479280349044
Bulk 371,0.5794269733677101,0.04036033427365699,0.2155107004129667,0.0,0.16470199194566623
Bulk 372,0.2244601468407423,0.09799417821153848,0.16755655952006387,0.2876880836350004,0.2223010317926548
Bulk 373,0.3166445261002725,0.12310491994437187,0.06361199612625597,0.2864475695905514,0.2101909882385483
Bulk 374,0.4372965613584175,0.14660780330081194,0.052096425672531255,0.14627869176451108,0.21772051790372837
Bulk 375,0.05547652669309685,0.2509999242241852,0.1207906969602043,0.4097166044723385,0.1630162476501752
Bulk 376,0.3879272034123389,0.13035142224767896,0.012684072055808435,0.17715913932002084,0.29187816296415303
Bulk 377,0.2088312533087502,0.2869704802529912,0.0,0.20090828228527316,0.3032899841529854
Bulk 378,0.26868209488008216,0.10037069167373219,0.04999791786870128,0.19560570787041978,0.3853435877070645
Bulk 379,0.13592218814693016,0.28399065481147096,0.027478699957426057,0.17250588659978996,0.380102570484383
Bulk 380,0.44267835785450993,0.08353364190372406,0.11208353223784012,0.0,0.36170446800392586
Bulk 381,0.26648170228872314,0.1351598739638516,0.2984652088047314,0.18507756916812831,0.11481564577456568
Bulk 382,0.5860495763298915,0.10469409938014042,0.0,0.0,0.30925632428996813
Bulk 383,0.3450018505349266,0.16522106664951172,0.0,0.34083124194598335,0.1489458408695785
Bulk 384,0.0,0.29420814762194203,0.04246989530247748,0.24008847705373995,0.4232334800218405
Bulk 385,0.19885980830130479,0.11241068856921226,0.0,0.4151403942155368,0.2735891089139461
Bulk 386,0.24814757521891,0.18199358749616582,0.08816671126427689,0.25332118505277323,0.22837094096787405
Bulk 387,0.3784862092142528,0.18386845808106314,0.0,0.13886132033904286,0.29878401236564117
Bulk 388,0.3938227480096415,0.2647814764848969,0.0,0.0,0.3413957755054615
Bulk 389,0.4540129398383542,0.21135627096694018,0.0,0.11205865135039961,0.222572137844306
Bulk 390,0.3487038901557635,0.19643127783478634,0.01770330779225223,0.10229634211401685,0.33486518210318095
Bulk 391,0.036991317478300305,0.19784274334136578,0.2126287358426476,0.31860868081759325,0.23392852252009314
Bulk 392,0.6113026768434675,0.0,0.07160253804947386,0.24568398927589571,0.07141079583116293
Bulk 393,0.15674534502168128,0.20271667426242668,0.06738951479453036,0.3602718310723734,0.21287663484898836
Bulk 394,0.46063975572348653,0.10031788114151413,0.0,0.2539900421056531,0.18505232102934635
Bulk 395,0.18243033992652144,0.30212639400377217,0.07213330488866264,0.15603810270440518,0.28727185847663866
Bulk 396,0.14935563050638623,0.23594458297723947,0.2090176424297477,0.17224950549751644,0.23343263858911012
Bulk 397,0.40669472673557494,0.28370868872662175,0.0,0.18856506811796248,0.12103151641984082
Bulk 398,0.31039137018609664,0.12918917141000222,0.27772411565202904,0.14555005334499005,0.13714528940688203
Bulk 399,0.4513385915864773,0.1701518768680392,0.0,0.13040859768159596,0.2481009338638874
Bulk 400,0.58625784915727,0.01917781280155286,0.08955093076554929,0.07845345817075733,0.22655994910487054
Bulk 401,0.4279418322282974,0.2350140166442393,0.06211156542521056,0.004933488410356761,0.2699990972918961
Bulk 402,0.21661985985073132,0.25106219512019484,0.0,0.14032972054583176,0.39198822448324216
Bulk 403,0.38105780620541974,0.1865711385057148,0.0,0.09688954717153873,0.3354815081173268
Bulk 404,0.8709284734643612,0.014840389694035038,0.0,0.0,0.11423113684160381
Bulk 405,0.293566055650525,0.1252561531191617,0.19651199166910202,0.2325289555253603,0.15213684403585104
