,Ast,End,Mic,Neu,Oli
Bulk 0,0.18144963389055865,0.1157660759602316,0.039283146334386475,0.37123855778545933,0.2922625860293639
Bulk 1,0.23193284525040178,0.152248741678808,0.15682129687670265,0.2649720407516242,0.19402507544246345
Bulk 2,0.1491014554432912,0.22977712781259668,0.10252998969167561,0.29688184389101296,0.22170958316142375
Bulk 3,0.261622662368356,0.10622622514040592,0.0881539856961515,0.39105728663869566,0.1529398401563909
Bulk 4,0.7577914666213886,0.0,0.0,0.0,0.24220853337861137
Bulk 5,0.16013244447535194,0.12970334910992815,0.031278010681843146,0.4458658790080799,0.2330203167247969
Bulk 6,0.39302183020341447,0.1414103803398805,0.15222087771008666,0.20040629641211682,0.11294061533450159
Bulk 7,0.6222996288700534,0.05403446878471359,0.0,0.05355410597419773,0.2701117963710354
Bulk 8,0.168544464253435,0.1909324182345487,0.12014766374594542,0.29719739934168,0.2231780544243908
Bulk 9,0.386463535660524,0.1569637963514247,0.0,0.1648828260426182,0.29168984194543307
Bulk 10,0.14691025459230583,0.16153145032436297,0.07142521258973968,0.39831858537880344,0.22181449711478807
Bulk 11,0.024516548460697774,0.18637408642277775,0.2148519828014785,0.2823389871645249,0.2919183951505209
Bulk 12,0.389223067773792,0.10468498791736118,0.0,0.17580839504775858,0.3302835492610882
Bulk 13,0.10884342629046624,0.22402060360660617,0.07406844331739287,0.34523419205819633,0.24783333472733832
Bulk 14,0.41373834925817216,0.12503468798132802,0.0501167588886092,0.2988768522109297,0.11223335166096085
Bulk 15,0.20677004491310164,0.1514226568471915,0.0585408613085724,0.42082014571329707,0.16244629121783732
Bulk 16,0.226741229207344,0.12807405530308905,0.09780658581452008,0.3129122492267905,0.2344658804482563
Bulk 17,0.5365886431252861,0.07198086394856075,0.033420471197888796,0.10135851646761752,0.25665150526064684
Bulk 18,0.6465277239946614,0.0,0.0,0.2225993355117335,0.1308729404936052
Bulk 19,0.1072739481046936,0.12793280702029894,0.10662102568187906,0.39271840635900906,0.26545381283411923
Bulk 20,0.07865325725362286,0.13148466525591304,0.06197829678017113,0.4622633023261801,0.26562047838411273
Bulk 21,0.32191729015684034,0.09795445618901151,0.0,0.46362700838668996,0.11650124526745814
Bulk 22,0.0,0.23922023501851802,0.08685005139510918,0.3405605609389797,0.3333691526473931
Bulk 23,0.060476589840537304,0.18928259856794077,0.17652980612874197,0.40410471076524546,0.1696062946975344
Bulk 24,0.3028347210605159,0.18556891123089286,0.0,0.21345658385071387,0.29813978385787726
Bulk 25,0.07198220436707192,0.19615723336868984,0.08432630989013781,0.42928284064500133,0.21825141172909904
Bulk 26,0.24338067574771613,0.08575179929101961,0.04822848857828642,0.3833327125219626,0.23930632386101522
Bulk 27,0.41440519071784027,0.0,0.30975962654746875,0.2758351827346909,0.0
Bulk 28,0.07952114556402802,0.22475855689551838,0.05829956416140981,0.34228248360940017,0.29513824976964365
Bulk 29,0.5078712894934533,0.04999453302466842,0.0,0.0368123189814067,0.40532185850047175
Bulk 30,0.14946129341061537,0.18664159244304146,0.1063883124713192,0.3650254111210461,0.19248339055397784
Bulk 31,0.5000099964229866,0.13473196228927264,0.11791976972969441,0.11484039069022918,0.13249788086781727
Bulk 32,0.12096144610860927,0.1746159620902948,0.12037123194839211,0.2310001393793778,0.35305122047332604
Bulk 33,0.06381736717865484,0.18928566442166198,0.06184203699050357,0.38860360955604084,0.2964513218531387
Bulk 34,0.2054519885084597,0.18189880936297678,0.0388618543491872,0.389027438623254,0.1847599091561224
Bulk 35,0.6253509649108767,0.04626008321132858,0.0,0.110259126361565,0.21812982551622961
Bulk 36,0.30241865043796706,0.14630573122367735,0.0,0.28173435773556116,0.2695412606027945
Bulk 37,0.3172231845935302,0.17382652597635934,0.08136417823812232,0.21556237758706212,0.21202373360492596
Bulk 38,0.15357477832058544,0.21723953174607624,0.07294943096978133,0.2909907744849983,0.26524548447855867
Bulk 39,0.033008921679653636,0.2531186973848039,0.0,0.3778988745982502,0.3359735063372922
Bulk 40,0.15276399759583997,0.2100673851644153,0.0,0.3532793085218738,0.2838893087178709
Bulk 41,0.5182743510547091,0.13279174713535882,0.0,0.1196487635379526,0.22928513827197958
Bulk 42,0.28165042861752204,0.08931575148196816,0.06505563255782076,0.38311083272164603,0.180867354621043
Bulk 43,0.2796084118273655,0.055562308523819076,0.0,0.4212395469040003,0.2435897327448152
Bulk 44,0.13032974864707925,0.21813221083744713,0.04565596054844349,0.3006628343293315,0.3052192456376987
Bulk 45,0.48871137138750986,0.11248170221295123,0.12246925757330489,0.11715548899912194,0.15918217982711205
Bulk 46,0.3951322814642968,0.05876128473686538,0.09596829176646914,0.3380967939986655,0.11204134803370308
Bulk 47,0.08164618282061885,0.2853412761542214,0.020691120203756238,0.15310408630251687,0.4592173345188868
Bulk 48,0.41695933705546934,0.11115530732966863,0.11281386552254978,0.15175338091873367,0.20731810917357854
Bulk 49,0.16884201785471403,0.09974066015912184,0.09322969732671538,0.5000146059960213,0.13817301866342746
Bulk 50,0.15593298873002262,0.177616413010629,0.0938574183536224,0.30083006270997975,0.2717631171957462
Bulk 51,0.3573532242624402,0.10685504096195932,0.06903565471462189,0.3104445599924777,0.1563115200685009
Bulk 52,0.1362698249212846,0.214422838694288,0.0165820038557411,0.34041022820006805,0.29231510432861835
Bulk 53,0.29957361631246854,0.03807995167418572,0.05654448489803929,0.5308995268364298,0.07490242027887668
Bulk 54,0.25765560352230565,0.17810287640630945,0.07503999311765594,0.295146970851784,0.1940545561019451
Bulk 55,0.014783250329685261,0.16700559537153006,0.06410195190704357,0.47361223286927595,0.28049696952246506
Bulk 56,0.3127977347361538,0.09006346208394246,0.2655891807155128,0.21781522523536775,0.11373439722902298
Bulk 57,0.6516640932701163,0.07010211443066167,0.0,0.2021835515331639,0.07605024076605811
Bulk 58,0.2660034570354853,0.07916027325521585,0.43926181631550326,0.21557445339379563,0.0
Bulk 59,0.27964033778374514,0.18604892495298775,0.0,0.2922735420469646,0.2420371952163025
Bulk 60,0.13234127543012128,0.2561407835824348,0.04325902812223163,0.28986804609483113,0.2783908667703812
Bulk 61,0.3991807829173067,0.10531466714661514,0.0,0.3465592090212568,0.14894534091482128
Bulk 62,0.11545170243865627,0.2688178833602662,0.0401283819428479,0.32280082141742533,0.2528012108408043
Bulk 63,0.4858561963685953,0.09137372448525471,0.0,0.11103757666168826,0.3117325024844616
Bulk 64,0.10333203916314082,0.10013193057402486,0.13297949103656648,0.48661305259472437,0.17694348663154344
Bulk 65,0.3557504280902181,0.1766853050152677,0.021307748704093795,0.24414625601419573,0.2021102621762248
Bulk 66,0.4203613932552374,0.07095860664617654,0.07428597222534217,0.2384250219530989,0.195969005920145
Bulk 67,0.4255777585924108,0.08191796324239582,0.0,0.19178786117420102,0.30071641699099244
Bulk 68,0.2539274001411698,0.13935752515519853,0.0,0.4201941685668435,0.18652090613678815
Bulk 69,0.2272014737690291,0.1770059089880542,0.0,0.3613004739616845,0.2344921432812321
Bulk 70,0.031442060260974194,0.2740141359071523,0.07407606737523288,0.35858411812169105,0.2618836183349495
Bulk 71,0.23176795924701896,0.1993508864267249,0.009590656073365914,0.32547491920064875,0.23381557905224143
Bulk 72,0.13630118693188933,0.20386515431091903,0.0,0.3603320379369289,0.29950162082026277
Bulk 73,0.3689636026038941,0.11508133241908408,0.0,0.2919748795544639,0.22398018542255782
Bulk 74,0.09987844485252054,0.21975725658892908,0.22761750173133402,0.30400551692180555,0.14874127990541075
Bulk 75,0.6464399227600668,0.027050196233239152,0.0,0.17708716873884775,0.14942271226784634
Bulk 76,0.38811687425159364,0.0,0.0,0.49978627128980013,0.11209685445860625
Bulk 77,0.5056360402042837,0.11780682783290546,0.0,0.11993498525397679,0.25662214670883404
Bulk 78,0.2310366902466633,0.14457191702639363,0.26449671114109213,0.14521901998887674,0.21467566159697418
Bulk 79,0.2284414606361266,0.15072772149147656,0.005951304481351981,0.37233198213630053,0.24254753125474432
Bulk 80,0.3461548408815325,0.1318683658060994,0.09101301740169733,0.22832766530728246,0.20263611060338832
Bulk 81,0.3383057063934004,0.09043782758636075,0.27131922515827783,0.1817722141889533,0.11816502667300777
Bulk 82,0.7846160781313511,0.031452363122865444,0.0,0.05235281671363922,0.13157874203214415
Bulk 83,0.2564918276754546,0.16019690378435852,0.0,0.2135803543813441,0.36973091415884285
Bulk 84,0.049089808359045986,0.20724303628311386,0.11619011582290456,0.4026316644996254,0.2248453750353103
Bulk 85,0.020227652699593004,0.2643696168849202,0.06763879712116465,0.31779288308783377,0.32997105020648837
Bulk 86,0.12908263445747079,0.20801731361566464,0.0,0.3736847942843651,0.28921525764249956
Bulk 87,0.5311859084827849,0.13008524852622125,0.06377299252651768,0.15549023773163342,0.11946561273284277
Bulk 88,0.002048091936884049,0.21590238829790295,0.06602915067887434,0.3450353137142287,0.3709850553721099
Bulk 89,0.2575819069832195,0.032864060531945426,0.10363679983691879,0.47009648427860573,0.13582074836931055
Bulk 90,0.19161888946336203,0.1334038470797947,0.130793603617575,0.3297752129511026,0.2144084468881656
Bulk 91,0.1819421897716615,0.1625157544052133,0.08709212136262813,0.3502865574917767,0.2181633769687204
Bulk 92,0.20563983041334835,0.2249107890364077,0.08465423041546012,0.18660323027074352,0.29819191986404037
Bulk 93,0.23438300222630823,0.15445715388663966,0.27759412694903945,0.1579218623430027,0.17564385459500997
Bulk 94,0.05538283426034005,0.19388286227000465,0.15518384685202605,0.39867996755719565,0.19687048906043356
Bulk 95,0.2723696760223703,0.01069090345370643,0.15015166340025315,0.5141081588830494,0.0526795982406208
Bulk 96,0.45140908713439326,0.09729420676058098,0.23214026706353572,0.12766298089893924,0.09149345814255079
Bulk 97,0.2261989386560964,0.17386577473753828,0.1980722304261985,0.19028193369614108,0.21158112248402575
Bulk 98,0.15899237501682098,0.09534960139577024,0.4054271338254745,0.25712960966237924,0.08310128009955524
Bulk 99,0.2967276472724643,0.13540117679952485,0.019754391047716573,0.21367120794483727,0.3344455769354571
Bulk 100,0.1407411929396142,0.2513552638622982,0.08571426441595419,0.26331576108324295,0.2588735176988905
Bulk 101,0.35685030413461327,0.0622258921681714,0.18307907169786142,0.2462161164846999,0.1516286155146539
Bulk 102,0.1752459292964893,0.09480021674061266,0.25558085825370863,0.3700267426259337,0.10434625308325568
Bulk 103,0.04783657403219018,0.06020842264945019,0.26294357110967936,0.4424227967700813,0.18658863543859894
Bulk 104,0.14188990292654502,0.16830354439065395,0.06093945184887986,0.3417331585048075,0.28713394232911366
Bulk 105,0.33254722726608793,0.19104988064409595,0.1003011228888612,0.1834700346198915,0.19263173458106334
Bulk 106,0.3315543700945929,0.1339937766010963,0.0,0.3380677031226598,0.19638415018165103
Bulk 107,0.3764511451031705,0.09189230372731114,0.0,0.32751204511666326,0.20414450605285506
Bulk 108,0.13845410315175627,0.11672020417049651,0.14353526613778395,0.41549662199130505,0.18579380454865835
Bulk 109,0.21173333793535126,0.17164578257413207,0.13013682198904922,0.28501203876551245,0.20147201873595502
Bulk 110,0.3460347449039007,0.07863043933102311,0.48392166175183376,0.09141315401324245,0.0
Bulk 111,0.8687793839451988,0.0171204331004989,0.0,0.0,0.11410018295430237
Bulk 112,0.3738374882978502,0.1012802348683109,0.0,0.33531773256287833,0.18956454427096062
Bulk 113,0.1852737958128297,0.21610902049984237,0.14696303451519893,0.16771639518171053,0.2839377539904183
Bulk 114,0.2521534567930991,0.17615777815292102,0.16663995122901742,0.20291653953683353,0.20213227428812897
Bulk 115,0.8448669196743407,0.0,0.0,0.05944765955520511,0.09568542077045425
Bulk 116,0.2765093667003637,0.21335300346102218,0.0,0.2592859177351504,0.25085171210346385
Bulk 117,0.1563530399025607,0.3056770973317682,0.0,0.2256220392450989,0.3123478235205721
Bulk 118,0.22366941262034892,0.07983652333689205,0.0,0.44676071638595755,0.24973334765680155
Bulk 119,0.5727928820918883,0.0,0.0,0.3639696964200688,0.06323742148804282
Bulk 120,0.4108877479972928,0.07395221953123031,0.1902447002462456,0.22866122997282876,0.09625410225240258
Bulk 121,0.26969368936914107,0.24267251296903125,0.0,0.20734210642390838,0.28029169123791947
Bulk 122,0.6939447615870457,0.013954094222183171,0.0,0.0,0.29210114419077116
Bulk 123,0.3439124079244095,0.07318344006915234,0.16548753525490317,0.2646005065738827,0.15281611017765223
Bulk 124,0.1571664928210223,0.22102504993158875,0.1302718012686284,0.2253774332181776,0.26615922276058285
Bulk 125,0.20771327947582277,0.24942832785080965,0.026061604529392896,0.20666572520174453,0.31013106294223014
Bulk 126,0.0760792011137733,0.08540571209326887,0.27287802436415537,0.3731418075404742,0.19249525488832825
Bulk 127,0.2476260433585851,0.2037067932963772,0.03798036946859926,0.22025256051278927,0.29043423336364915
Bulk 128,0.43509470394614336,0.0,0.07409283431094034,0.3002845544780067,0.19052790726490954
Bulk 129,0.39291781621198535,0.12402288600889871,0.12299450057034228,0.18313420866914873,0.17693058853962504
Bulk 130,0.28004133832132194,0.12265418126566352,0.1684877704530092,0.22735778476700072,0.20145892519300473
Bulk 131,0.3912205087778076,0.15028557759858407,0.0321437456950879,0.17534984570423628,0.25100032222428414
Bulk 132,0.6037878925659352,0.1548380272394945,0.0,0.06358525064228304,0.17778882955228736
Bulk 133,0.6526862316719378,0.04350434538622402,0.0,0.1948259460783679,0.10898347686347029
Bulk 134,0.2140463803134637,0.15923917458483292,0.1240611360553309,0.20960284538631252,0.29305046366006005
Bulk 135,0.17952859999760112,0.17682417961814256,0.02706783102439369,0.36460869267249923,0.2519706966873634
Bulk 136,0.72107487648399,0.03399490857053572,0.0639510180741886,0.1809791968712857,0.0
Bulk 137,0.2923089035138145,0.17526073747090115,0.058638859187873184,0.28572303183041425,0.188068467996997
Bulk 138,0.15099108477739082,0.18035665274321655,0.1821046483680705,0.25345420133639995,0.2330934127749222
Bulk 139,0.47760911430107206,0.13616788337514593,0.01770398667722027,0.19586850085519283,0.17265051479136895
Bulk 140,0.3942571745783035,0.16795168660208462,0.009241309383423643,0.1684092925018781,0.26014053693431016
Bulk 141,0.1453776558627338,0.10588207025074052,0.025495250419860286,0.46896879417051507,0.2542762292961503
Bulk 142,0.3943708310132191,0.0651439655225937,0.3130616653290884,0.07181165881225537,0.1556118793228432
Bulk 143,0.5609728145427005,0.16708682702138364,0.0,0.027331523884287764,0.24460883455162805
Bulk 144,0.7786400875391752,0.0,0.0,0.18231434174676547,0.03904557071405925
Bulk 145,0.3139426774211305,0.21301785540956852,0.08272745238409493,0.1342391235866588,0.25607289119854715
Bulk 146,0.2062995008769591,0.18240796078230576,0.0,0.3029814698672037,0.3083110684735313
Bulk 147,0.13145749449223781,0.1914485385307283,0.12930431055447758,0.2733061589712771,0.2744834974512791
Bulk 148,0.43948038167654524,0.04267959299722318,0.1069767707657679,0.35541356567592197,0.0554496888845418
Bulk 149,0.12558934177069597,0.16701006793636372,0.047488638701433834,0.5007913364810569,0.15912061511044953
Bulk 150,0.10972397286193741,0.0,0.18310409493455743,0.5528119309454997,0.15436000125800536
Bulk 151,0.15914374570261852,0.21006997361598906,0.16119141809339624,0.28074580187644355,0.18884906071155258
Bulk 152,0.6557420481745954,0.021286271956023308,0.06567358317620521,0.257298096693176,0.0
Bulk 153,0.1935987811007213,0.19257542810454906,0.08643905460575377,0.27949564057832793,0.24789109561064793
Bulk 154,0.36131883202637344,0.12449001811306366,0.0,0.326911263013429,0.18727988684713406
Bulk 155,0.34040886193138953,0.0,0.20916929643085855,0.3871237277593552,0.0632981138783966
Bulk 156,0.4801384532246831,0.12440460270828481,0.0,0.11595275220520636,0.27950419186182573
Bulk 157,0.18177628295938708,0.18778746774443097,0.03229486515921079,0.3214085333255169,0.2767328508114544
Bulk 158,0.6099101719468792,0.017536627679409073,0.0,0.17922891670113617,0.1933242836725756
Bulk 159,0.20511854228220494,0.2276190213013004,0.042085263192713974,0.2637476214485236,0.26142955177525706
Bulk 160,0.48704284431845124,0.2382344252120719,0.0,0.05677013997700198,0.21795259049247498
Bulk 161,0.43435987697311507,0.19159790387113754,0.0029804071336694145,0.1565689522842865,0.21449285973779156
Bulk 162,0.23468949207341908,0.16268229713620821,0.0424115090417492,0.37875875743621756,0.18145794431240608
Bulk 163,0.32529517459879626,0.1126991616500692,0.0,0.23994366265548017,0.32206200109565436
Bulk 164,0.22698088945680725,0.21154262220184386,0.049368839531919256,0.26528528829494646,0.2468223605144834
Bulk 165,0.2816983444559567,0.19409380129673162,0.0,0.2227784949622104,0.30142935928510123
Bulk 166,0.44082088055431556,0.07033184383892487,0.2036012746447279,0.11986786217712761,0.16537813878490404
Bulk 167,0.4994963111636814,0.062073729661231966,0.0,0.24768196490387268,0.19074799427121392
Bulk 168,0.07047053176587952,0.21190349035949527,0.10609113051621365,0.39977068232391516,0.21176416503449647
Bulk 169,0.3753063151648496,0.1454219177946604,0.15008810145224194,0.0,0.3291836655882482
Bulk 170,0.0503933635204806,0.26465661732294493,0.17446939001572842,0.21371298247278003,0.29676764666806604
Bulk 171,0.25477197991279266,0.11770062127062865,0.21354667284556642,0.33412089638828274,0.07985982958272948
Bulk 172,0.2076331392706988,0.16221678647739304,0.0,0.31834606556595446,0.3118040086859538
Bulk 173,0.3031255176927828,0.16991513178308879,0.2504034218266181,0.06657701427700884,0.20997891442050143
Bulk 174,0.557676082069156,0.10327532781662178,0.09287935767040466,0.22350090429640534,0.022668328147412195
Bulk 175,0.5056118677797332,0.0,0.12101362126239432,0.2301076249756026,0.14326688598226994
Bulk 176,0.1842357871555154,0.14958408318539954,0.12657716380756412,0.3149004645220696,0.22470250132945138
Bulk 177,0.05933475324752508,0.179568496531206,0.15333351732160133,0.4535156709318539,0.15424756196781364
Bulk 178,0.3937774781960201,0.10847337867180722,0.0,0.37229993715124726,0.12544920598092546
Bulk 179,0.4234310202129873,0.14807883163709928,0.0,0.21719539255420064,0.21129475559571279
Bulk 180,0.45723741279927865,0.06235966772102675,0.05595779916644687,0.36941282299699024,0.05503229731625746
Bulk 181,0.6882641770457597,0.0,0.06231095295926009,0.21857678496107985,0.030848085033900484
Bulk 182,0.15935271738193224,0.19591668008954052,0.0,0.31894853646671023,0.3257820660618169
Bulk 183,0.3150460612385765,0.16562884702354816,0.05603896557691863,0.2137862206363145,0.24949990552464224
Bulk 184,0.3354096968525074,0.15396139270560782,0.12779588593515456,0.19786574619311156,0.18496727831361862
Bulk 185,0.3334657709422015,0.17367218306240326,0.010312426013976937,0.2207562883104644,0.261793331670954
Bulk 186,0.21191407863482248,0.12662529527511837,0.2857143179410368,0.2257001548314649,0.15004615331755736
Bulk 187,0.40994818058735044,0.01631645360046694,0.17711577869726158,0.21420641543341856,0.18241317168150248
Bulk 188,0.15647881390551585,0.14815455215615553,0.20353750788853858,0.34781176956302223,0.1440173564867678
Bulk 189,0.3686399885420856,0.11630250780694078,0.10918132342710109,0.1603478356314251,0.24552834459244754
Bulk 190,0.5250101551058591,0.07007158393491424,0.12869534184487752,0.1382953240117435,0.1379275951026058
Bulk 191,0.8106277935933968,0.03742488087435884,0.0,0.0,0.15194732553224444
Bulk 192,0.6681119680561938,0.0,0.024945913762420613,0.29186764053313213,0.015074477648253481
Bulk 193,0.6205881878312615,0.0,0.268214243072768,0.05593564587257434,0.0552619232233961
Bulk 194,0.6702027787053854,0.035948896464551114,0.0,0.14716825684503587,0.1466800679850276
Bulk 195,0.49459087345844654,0.11392436065086474,0.07976628309036872,0.10542558420020638,0.20629289860011366
Bulk 196,0.44263337867239305,0.18102211350924782,0.03541709941465843,0.14958922395746482,0.19133818444623588
Bulk 197,0.26080383590806366,0.25618912919476544,0.0,0.16472757642077396,0.31827945847639705
Bulk 198,0.5457006145775055,0.035233897369721885,0.30497535357288585,0.019205583475669426,0.09488455100421736
Bulk 199,0.26550263981653954,0.114011395852207,0.016917696505456246,0.2545116003365979,0.34905666748919933
Bulk 200,0.1629871736216072,0.11575607546766523,0.12359052640054297,0.4349331425052377,0.16273308200494685
Bulk 201,0.20109174011279635,0.14278862417490257,0.1778034788579683,0.3246508106264428,0.15366534622789002
Bulk 202,0.2722606052998123,0.17075838593506126,0.11655697598768357,0.19621527408385378,0.24420875869358907
Bulk 203,0.3367373407730958,0.14096808348288764,0.2855881515633973,0.09556098376806371,0.14114544041255558
Bulk 204,0.5909230162227466,0.12153448635964936,0.0,0.18867763973323193,0.09886485768437213
Bulk 205,0.5399409350022312,0.14522248836341278,0.0,0.15017989688885303,0.16465667974550294
Bulk 206,0.4189762551497255,0.11183979605194944,0.16626050709825654,0.23943727249382085,0.06348616920624768
Bulk 207,0.17065980939093406,0.13823289724711502,0.1475842447927196,0.29073940846837687,0.2527836401008544
Bulk 208,0.37535661353311994,0.0,0.24505417239243737,0.35216389095111056,0.027425323123331995
Bulk 209,0.591634374039282,0.014811994365012935,0.2111071364748671,0.024677819200306574,0.15776867592053143
Bulk 210,0.32180008207009553,0.16876027328919188,0.12303021454405542,0.2725297739265824,0.11387965617007476
Bulk 211,0.4052054841922901,0.04198927629748795,0.2793342586404172,0.1045304973514738,0.16894048351833085
Bulk 212,0.5870622704059296,0.13913707763325203,0.0,0.06967071863879508,0.20412993332202337
Bulk 213,0.4237771852185603,0.04473201258407349,0.0,0.34991929702879637,0.18157150516856974
Bulk 214,0.8101637749918176,0.009776942406939574,0.0,0.0,0.18005928260124288
Bulk 215,0.338277314926208,0.1892476482432116,0.0,0.27056996157036295,0.2019050752602175
Bulk 216,0.24067321407768016,0.20974220351524236,0.0,0.24730147645803216,0.3022831059490452
Bulk 217,0.3362368927162347,0.08309064714770198,0.06938348191324088,0.3017961549263621,0.20949282329646032
Bulk 218,0.1573882508170502,0.11456362119997988,0.1989664025674171,0.4516810551862801,0.07740067022927266
Bulk 219,0.5895728255810342,0.07578394409498636,0.04709526064759083,0.10377493526561633,0.1837730344107722
Bulk 220,0.5779082871397389,0.12800001701013505,0.0,0.15009935558199897,0.14399234026812724
Bulk 221,0.25503582295955063,0.2335116278724794,0.05959923652903474,0.1377562266809545,0.3140970859579808
Bulk 222,0.21112366916627853,0.187098765334139,0.055303437325385514,0.15402033814209232,0.3924537900321047
Bulk 223,0.31776202764839095,0.17774590149166594,0.10789623751201692,0.23433499245318562,0.16226084089474066
Bulk 224,0.23263934634792757,0.17768502198240138,0.09283616606292443,0.2787264428794295,0.2181130227273172
Bulk 225,0.6846601211533501,0.12411582351673528,0.0,0.0,0.19122405532991466
Bulk 226,0.3688802902897037,0.19892598279563475,0.0,0.16376001400939466,0.2684337129052669
Bulk 227,0.22717094060343762,0.06188148197390175,0.012186814371897716,0.4182138996855642,0.2805468633651987
Bulk 228,0.2391841881168109,0.19937573843680134,0.1583629697310998,0.17593233037794584,0.22714477333734207
Bulk 229,0.43901353179720554,0.13382797934384927,0.038159320395583875,0.1874648916658456,0.20153427679751562
Bulk 230,0.15377208611748963,0.2254757735479885,0.16492003042685013,0.22982504151391656,0.22600706839375517
Bulk 231,0.39213480542025075,0.18307587808364903,0.0,0.21833994810528506,0.20644936839081518
Bulk 232,0.02330910662148043,0.14948570759740792,0.032791096132172466,0.48956129069027216,0.30485279895866707
Bulk 233,0.5696204523925144,0.1511844223122296,0.0,0.09804923745932875,0.18114588783592736
Bulk 234,0.32087087888331145,0.17896558353089673,0.10209249502044242,0.1835959828375481,0.21447505972780143
Bulk 235,0.2306150326935153,0.19228581648479443,0.001632992757316478,0.2598191887647575,0.31564696929961633
Bulk 236,0.0,0.12332092628547313,0.15177467275923728,0.45146356894471595,0.2734408320105737
Bulk 237,0.5097144966387178,0.13172300470819645,0.0,0.15831310790586547,0.20024939074722026
Bulk 238,0.22001456651887033,0.2050445654053799,0.1307333726226056,0.13155440753597336,0.3126530879171709
Bulk 239,0.010273898050292277,0.22317010966887907,0.0907540127784241,0.3744687601055568,0.3013332193968477
Bulk 240,0.2691803505996092,0.1735943191494036,0.0,0.31293201716466446,0.24429331308632274
Bulk 241,0.2369942921474864,0.17771930810768438,0.0,0.34929655746105465,0.2359898422837746
Bulk 242,0.350512739102275,0.1304698600710803,0.3225009341195514,0.08766627268411248,0.10885019402298093
Bulk 243,0.4363150689619237,0.13966249785576812,0.0,0.11479929061915964,0.30922314256314853
Bulk 244,0.7650390215544837,0.03544808954799164,0.007153646364269624,0.0,0.19235924253325515
Bulk 245,0.6983520565816421,0.05813599970538066,0.0,0.0,0.24351194371297732
Bulk 246,0.12576944095152154,0.2552685408881614,0.0,0.19562707885257744,0.4233349393077395
Bulk 247,0.5112837803325642,0.10687798509718728,0.0,0.1542540507718108,0.22758418379843784
Bulk 248,0.468724378582131,0.18355476429661502,0.0,0.10937370660904902,0.23834715051220487
Bulk 249,0.7596837333614712,0.03242188376431294,0.0,0.04508691850620253,0.1628074643680135
Bulk 250,0.3448755262927814,0.08961603011433125,0.2542714774305516,0.23247572552779305,0.07876124063454283
Bulk 251,0.17869682609886325,0.15180836541788648,0.0,0.3993658935207251,0.2701289149625251
Bulk 252,0.5483206883717822,0.0519222715295723,0.0,0.1290250665066696,0.27073197359197587
Bulk 253,0.36412715314798244,0.18176189336045437,0.09284835256629993,0.1654318421007759,0.19583075882448733
Bulk 254,0.4181089385997033,0.11257063855141947,0.17117763465243283,0.13254650149850927,0.1655962866979351
Bulk 255,0.22940220419767862,0.19492727795515818,0.03427158445505047,0.30065513402550337,0.24074379936660947
Bulk 256,0.4198595688547266,0.1964640982981154,0.0,0.261813922691808,0.12186241015535
Bulk 257,0.17752756191916955,0.27252960389467473,0.0684914597065774,0.31742985728905515,0.16402151719052313
Bulk 258,0.44418214579164234,0.0986127386137424,0.0,0.21470920149761666,0.24249591409699853
Bulk 259,0.2784246004588342,0.2412723510716316,0.0,0.17525516545973235,0.3050478830098019
Bulk 260,0.3005147628242935,0.0,0.103422779312239,0.5817597587745494,0.014302699088918043
Bulk 261,0.2726096094580665,0.15810630498921613,0.004678006882020435,0.1483315314796876,0.4162745471910093
Bulk 262,0.1943953701121375,0.249659859647712,0.0,0.2779729403343704,0.27797182990578023
Bulk 263,0.1178795393872299,0.2786223717319392,0.004080150624242502,0.37405957784399707,0.22535836041259136
Bulk 264,0.5349285803355914,0.0029494807128331853,0.0,0.33181546503741105,0.1303064739141643
Bulk 265,0.18098431597695508,0.08714948050817466,0.0,0.45479257362701414,0.27707362988785617
Bulk 266,0.5814466598975917,0.0,0.0,0.15415139466310276,0.26440194543930556
Bulk 267,0.24332638507869056,0.17808980061513882,0.0,0.3989009775223935,0.17968283678377714
Bulk 268,0.8732475873023001,0.0,0.0,0.0,0.12675241269769988
Bulk 269,0.28074708077635646,0.1843078152694727,0.0350045296278197,0.2217513419589643,0.27818923236738674
Bulk 270,0.5741969726032804,0.08960162868800843,0.05988848672678837,0.16855681386092888,0.10775609812099388
Bulk 271,0.08943796495205444,0.16293581200937263,0.20736408336790835,0.3710312513666406,0.16923088830402386
Bulk 272,0.3530282257428712,0.22422854362861647,0.10838001159300548,0.16243737656923643,0.15192584246627047
Bulk 273,0.3865447147616891,0.15931075976413178,0.0923504076996281,0.13437072409023318,0.22742339368431777
Bulk 274,0.1865996137778964,0.19203486882671666,0.1549753634216078,0.2787594648249251,0.18763068914885403
Bulk 275,0.07925173769778888,0.1324693131726996,0.08390608762691476,0.40109051670520207,0.3032823447973947
Bulk 276,0.3785630137541873,0.030262649221071764,0.2131711266954962,0.267339706090654,0.11066350423859081
Bulk 277,0.6768558471268514,0.05798510862861343,0.01878554614086845,0.0,0.24637349810366674
Bulk 278,0.433437335561027,0.02065564476007384,0.008685992203975661,0.40235092071924794,0.1348701067556758
Bulk 279,0.8033399900384947,0.0,0.0,0.19666000996150534,0.0
Bulk 280,0.514819506425438,0.09577933572773568,0.08350549540729178,0.06688020930818461,0.23901545313135
Bulk 281,0.3719591860636915,0.12542058146632776,0.3857691648255261,0.00696874527054889,0.10988232237390573
Bulk 282,0.39337268035012357,0.17731182180908983,0.0,0.27269060149460417,0.15662489634618237
Bulk 283,0.4400284097176407,0.168483375055817,0.00845158125162951,0.14714833511534284,0.23588829885957
Bulk 284,0.2789305797756601,0.1418231198012334,0.3047437345753236,0.2431525310185699,0.031350034829213114
Bulk 285,0.42611879217988463,0.1937235989172726,0.0,0.04339604856832478,0.33676156033451793
Bulk 286,0.1561106481847557,0.21211911300819544,0.10878233765988544,0.2890006838818244,0.23398721726533903
Bulk 287,0.14486489036693612,0.20534696730110064,0.034001345061145216,0.326868639269966,0.288918158000852
Bulk 288,0.3974215095331478,0.14885435699091562,0.14882456895781979,0.08548521710658458,0.2194143474115323
Bulk 289,0.6350465620838512,0.12624331842670822,0.0,0.0,0.23871011948944065
Bulk 290,0.43363130085104823,0.21967412183257,0.026745908861195718,0.13052896630289487,0.1894197021522911
Bulk 291,0.5098061925491373,0.17877787515729604,0.10662513342831342,0.039956481492477165,0.164834317372776
Bulk 292,0.23647513930269812,0.26905192293743446,0.0,0.14247260895225897,0.3520003288076085
Bulk 293,0.3285809071828494,0.17466659216217398,0.0,0.1940475808084081,0.30270491984656844
Bulk 294,0.40964151425157197,0.19353531597608317,0.0,0.1241539342421045,0.2726692355302404
Bulk 295,0.620504393347729,0.14483343192099227,0.0,0.0,0.23466217473127862
Bulk 296,0.7569340883024095,0.10014537653643305,0.0,0.10951945434309565,0.03340108081806179
Bulk 297,0.8248850938569693,0.0,0.0,0.0,0.1751149061430308
Bulk 298,0.3509485988289848,0.09360694898771711,0.0,0.35909953548773527,0.19634491669556287
Bulk 299,0.780200703842095,0.009221750182231005,0.0,0.0,0.21057754597567396
Bulk 300,0.17656951608445048,0.12563569162796231,0.08180718474513542,0.5228109696061084,0.09317663793634338
Bulk 301,0.0,0.25120126559401806,0.096779502302176,0.28889440501239133,0.36312482709141464
Bulk 302,0.24486105144926626,0.09427803415579845,0.0,0.539099798975527,0.12176111541940828
Bulk 303,0.1675858019834586,0.18863920083923877,0.11049466967898738,0.34180184915549205,0.19147847834282325
Bulk 304,0.23043076798657494,0.19459747644630881,0.04806655693735801,0.03885486281820335,0.4880503358115548
Bulk 305,0.620989309135805,0.1987449876729995,0.0,0.0,0.18026570319119561
Bulk 306,0.7861911223727153,0.06954216563474247,0.0,0.0,0.14426671199254232
Bulk 307,0.27823004238568266,0.16048911171371477,0.10371803098334177,0.24843313699998393,0.20912967791727685
Bulk 308,0.45211181635996944,0.13188909441201546,0.11406358345386021,0.0,0.3019355057741549
Bulk 309,0.2965080767557456,0.19030188227847294,0.03422552078483377,0.14230502112060806,0.3366594990603396
Bulk 310,0.2515342727573325,0.22978077326221177,0.03084683174281103,0.1957188212669493,0.29211930097069544
Bulk 311,0.13231123087574445,0.2175391467971474,0.15927731615125165,0.2139878357878707,0.27688447038798575
Bulk 312,0.4913256939505612,0.11368411333950984,0.0,0.07627323949966817,0.31871695321026067
Bulk 313,0.5324026197440276,0.03056504741286868,0.0,0.2126268309343238,0.22440550190877992
Bulk 314,0.5918021419249113,0.13758710857162418,0.0,0.0032254849001952485,0.2673852646032692
Bulk 315,0.2623787187629228,0.2370430881023856,0.0,0.12435266836694475,0.37622552476774684
Bulk 316,0.1567981649104849,0.2127543491045145,0.11854730132243389,0.2323760265304894,0.2795241581320772
Bulk 317,0.2941502194108694,0.22319268408979323,0.03206594814157407,0.15620419452505765,0.2943869538327056
Bulk 318,0.18714522131281017,0.19043000733873341,0.201197599128573,0.2277604204591612,0.1934667517607222
Bulk 319,0.18858361771526563,0.28082057406566957,0.0,0.23748865770588595,0.2931071505131788
Bulk 320,0.30108436751088835,0.15910878109128748,0.19140419886101376,0.09764472211012791,0.25075793042668265
Bulk 321,0.24638356772351924,0.24209470960593593,0.10670091853878087,0.10655883675113,0.298261967380634
Bulk 322,0.42707201032594205,0.09169848411171486,0.0,0.2639462800745773,0.21728322548776566
Bulk 323,0.0,0.25183790362785186,0.23129231296116973,0.2463561766283623,0.27051360678261605
Bulk 324,0.2743788323443997,0.2443536590597349,0.15050214613246868,0.057141474136503424,0.27362388832689327
Bulk 325,0.26090347341218467,0.15072933291844895,0.37506855784976456,0.10714007121919106,0.10615856460041068
Bulk 326,0.1233662645298861,0.35773177484678403,0.2490379034493698,0.0,0.2698640571739601
Bulk 327,0.1220222623377049,0.24088191118237592,0.25033508631359663,0.13460980540193151,0.252150934764391
Bulk 328,0.21483191122956924,0.19414556972218136,0.053447226630496295,0.3337490948438046,0.20382619757394854
Bulk 329,0.46284381440929645,0.1630017666659141,0.0,0.30027449973637155,0.07387991918841802
Bulk 330,0.5127200090378595,0.22690960845488942,0.0,0.0,0.26037038250725103
Bulk 331,0.3831144294659952,0.19345237879172894,0.0,0.17201666034797544,0.2514165313943004
Bulk 332,0.4795807111570169,0.10345841346040498,0.035395106077592706,0.06140811132379161,0.3201576579811937
Bulk 333,0.2906024171337254,0.185974101124646,0.35046231626152635,0.0034349017966137205,0.16952626368348855
Bulk 334,0.0,0.1989402438744384,0.06552363447914587,0.5070076229894152,0.22852849865700045
Bulk 335,0.4808926958369652,0.11504582334876623,0.0,0.12520645902109429,0.2788550217931742
Bulk 336,0.4125808230554946,0.13572706746089416,0.0,0.15654014601518165,0.2951519634684296
Bulk 337,0.06034364283976424,0.14432490951067423,0.07530390852032316,0.4403880582425528,0.27963948088668555
Bulk 338,0.2811824544623364,0.14059933557417126,0.0,0.2952865549139472,0.28293165504954515
Bulk 339,0.8580114233710578,0.0,0.0,0.0,0.14198857662894213
Bulk 340,0.2222649717262567,0.06676083677601388,0.10944259693271584,0.48901159764584884,0.11251999691916467
Bulk 341,0.12388211483765257,0.1637248172044435,0.19211243939034575,0.2500064449751188,0.2702741835924393
Bulk 342,0.006480076761082299,0.24682223160403383,0.171398391503309,0.37955475366656966,0.19574454646500528
Bulk 343,0.42921713467421774,0.03043194624454746,0.0,0.27151122031678,0.2688396987644548
Bulk 344,0.35671868776689597,0.14471872606544306,0.04938517755527874,0.06280525481609942,0.38637215379628276
Bulk 345,0.504696312327031,0.18537797812756537,0.058399882376616766,0.0576395208363635,0.19388630633242332
Bulk 346,0.318659840748709,0.09728237454128089,0.09472970025059434,0.27837365811412385,0.21095442634529207
Bulk 347,0.4362411822299118,0.1491536939498174,0.0,0.20149092288753334,0.2131142009327375
Bulk 348,0.16605637416233637,0.12600977968161128,0.31513811695194177,0.19398418693014655,0.19881154227396403
Bulk 349,0.37727227544554137,0.1829698340964007,0.10234480376239198,0.05437642697525987,0.28303665972040626
Bulk 350,0.4422418225447433,0.16184254110171986,0.08279112771099618,0.11091353108278555,0.20221097755975506
Bulk 351,0.41223591397705445,0.019834971686957425,0.4768574633017378,0.09107165103425037,0.0
Bulk 352,0.014229143957699024,0.22646060490240288,0.08646477775577888,0.360791678105386,0.31205379527873317
Bulk 353,0.23818034877504538,0.2852389389251718,0.0,0.14322416799233414,0.3333565443074486
Bulk 354,0.40635072318329735,0.17362126290038257,0.04385386354419213,0.11113257613527162,0.2650415742368563
Bulk 355,0.24010603584498644,0.20825841233364714,0.0,0.2615151073639744,0.290120444457392
Bulk 356,0.49898525649823083,0.13324277079894867,0.0704622904766757,0.0,0.29730968222614484
Bulk 357,0.8257097230398732,0.0,0.10210429947492028,0.0,0.07218597748520643
Bulk 358,0.34818454147889155,0.060847767384907506,0.2272524296352641,0.19794553904675602,0.1657697224541809
Bulk 359,0.1729991732804496,0.1869451515826589,0.12331202726133021,0.308924285711837,0.20781936216372437
Bulk 360,0.7707057356092779,0.08285370706250346,0.0,0.0,0.14644055732821867
Bulk 361,0.3722442384435671,0.18113803337793638,0.22856950427612202,0.009318995457815034,0.20872922844455952
Bulk 362,0.12643085197685078,0.12981904603643946,0.08447637740283578,0.44392207030567277,0.21535165427820127
Bulk 363,0.5910674324683459,0.20037071500391962,0.0,0.0,0.2085618525277345
Bulk 364,0.3449482569755179,0.11158096067098877,0.039251728033366455,0.3852305664087987,0.11898848791132825
Bulk 365,0.5491917092442286,0.0,0.0,0.20647884273540498,0.24432944802036644
Bulk 366,0.2963304249646448,0.10361142597775345,0.10705524902113842,0.4168379878000586,0.0761649122364049
Bulk 367,0.5808825971095705,0.09742045625713742,0.0,0.12356825455220646,0.19812869208108583
Bulk 368,0.07024921290588683,0.232736522485862,0.14920185691180743,0.22438109572732368,0.32343131196912006
Bulk 369,0.23169239293671332,0.19363645511708633,0.0,0.2963222639040879,0.27834888804211244
Bulk 370,0.46280390633342144,0.13758860057727182,0.0,0.16565648114687295,0.23395101194243387
Bulk 371,0.19877351335205112,0.2757627239907077,0.06758241760369384,0.21496610585439718,0.24291523919915023
Bulk 372,0.20070648526794882,0.21159399679832241,0.0,0.30067760583761327,0.28702191209611555
Bulk 373,0.18791002861780023,0.16970093190706861,0.05354185895982641,0.4226923044131402,0.16615487610216462
Bulk 374,0.38787219639986675,0.10734327881245487,0.1407461370147441,0.30393085855855306,0.06010752921438112
Bulk 375,0.21135828303600004,0.21058363486301845,0.0,0.26652279415777713,0.3115352879432043
Bulk 376,0.6210180066557013,0.028682426124398742,0.0,0.22714424769325006,0.12315531952665006
Bulk 377,0.25261741384715597,0.27079003613349595,0.0,0.23692989645596008,0.23966265356338792
Bulk 378,0.19371655942192945,0.10765178696786752,0.05055627387670455,0.2117451965600829,0.4363301831734156
Bulk 379,0.17857218922827933,0.22191867272057533,0.20491095294463132,0.12964748069116633,0.2649507044153477
Bulk 380,0.4018874832785708,0.13421244794862475,0.20491264338470397,0.07119144266569623,0.1877959827224042
Bulk 381,0.7765723373722834,0.02877860987340978,0.0,0.03605113623259909,0.1585979165217077
Bulk 382,0.7085796421208473,0.049873662927936734,0.0,0.0,0.24154669495121592
Bulk 383,0.22606753295017598,0.13474244138823202,0.1763176489275743,0.39966207966804385,0.06321029706597392
Bulk 384,0.0,0.2822761062104356,0.06807590282043344,0.23367388175461207,0.41597410921451894
Bulk 385,0.24872300705705178,0.10891227332748417,0.0274889002265927,0.45464983870421544,0.16022598068465593
Bulk 386,0.6882460435579372,0.04275960065710948,0.0,0.0,0.26899435578495334
Bulk 387,0.4800334476170973,0.09740939198478708,0.11822288056080596,0.20720943715373932,0.09712484268357034
Bulk 388,0.42504658438998794,0.20719189091986037,0.07479745178057996,0.057075850184334996,0.23588822272523677
Bulk 389,0.26844252794933404,0.2288297787522706,0.05138824189114655,0.13676168624622653,0.3145777651610224
Bulk 390,0.5251925213855723,0.0,0.034288159353502566,0.2996095355758184,0.14090978368510676
Bulk 391,0.08094689185832118,0.19926178835966016,0.2133991439064072,0.32178334985132295,0.1846088260242884
Bulk 392,0.43879764175471436,0.023879870482202747,0.0,0.3509507286134199,0.18637175914966306
Bulk 393,0.13535367548387817,0.21429437896198353,0.03426256080513348,0.26413260468644556,0.3519567800625592
Bulk 394,0.3710801674188321,0.1338648953072926,0.0,0.37336011658346374,0.12169482069041158
Bulk 395,0.45740248405666856,0.08529387351836418,0.2243377162287215,0.0,0.23296592619624576
Bulk 396,0.42296577868826124,0.2188296483119494,0.0,0.08356498598398357,0.27463958701580593
Bulk 397,0.3242411957580521,0.23023156984346368,0.23483847068679126,0.06729912103405176,0.1433896426776411
Bulk 398,0.7172586326465633,0.049563794448480365,0.0,0.0,0.23317757290495633
Bulk 399,1.0,0.0,0.0,0.0,0.0
Bulk 400,0.4450142104712741,0.08053157298094404,0.15913248749567355,0.06439048942790404,0.2509312396242044
Bulk 401,0.3328931693283818,0.20724014991742537,0.0,0.16843552263343334,0.29143115812075965
Bulk 402,0.33439418812900573,0.2323481065681276,0.0,0.0923267956607663,0.34093090964210043
Bulk 403,0.08967228348402194,0.22011479182095467,0.15091310272459915,0.23427617077950746,0.3050236511909168
