,Ast,End,Mic,Neu,Oli
Bulk 0,0.03601306804489488,0.17724259465947564,0.10735980352737791,0.41014629032397976,0.26923824344427166
Bulk 1,0.24098220464763903,0.25384879450290443,0.0788428379191722,0.22108935550227884,0.20523680742800554
Bulk 2,0.18884558421449918,0.0972143577777169,0.22902052099077894,0.34780645348073996,0.13711308353626517
Bulk 3,0.07648273248486781,0.29920919191246914,0.10659777243612548,0.1920519253873606,0.32565837777917694
Bulk 4,0.9084381894562258,0.0,0.0,0.0,0.09156181054377424
Bulk 5,0.1162508279688764,0.2180496345734953,0.05450388612438722,0.49636976122647797,0.11482589010676308
Bulk 6,0.6523022581817598,0.08985897127590807,0.0,0.1041020702046846,0.15373670033764747
Bulk 7,0.24689201730410865,0.14557710564653656,0.23322037148113098,0.23650759531210444,0.13780291025611957
Bulk 8,0.05703760380146928,0.20757522518682048,0.07171218964516461,0.37524051714815637,0.28843446421838936
Bulk 9,0.47335200964711616,0.14298461404046084,0.08206210850212939,0.031212389668225884,0.27038887814206775
Bulk 10,0.0,0.0565106811670013,0.18140099409222823,0.6029491085605034,0.15913921618026722
Bulk 11,0.21269262311829276,0.20314483535012695,0.0,0.31642428782261406,0.26773825370896637
Bulk 12,0.17188847379730351,0.16169929017552773,0.14573276017868517,0.2947140665214864,0.22596540932699716
Bulk 13,0.1329105038797676,0.12317613874264025,0.14798898697114654,0.3450405497370909,0.2508838206693547
Bulk 14,0.6929628366545895,0.05114621236395586,0.0,0.11583821291612957,0.14005273806532512
Bulk 15,0.2602435961575023,0.19868944032758087,0.0065212165969741566,0.2746468843999258,0.25989886251801697
Bulk 16,0.3474930680953789,0.0,0.15298127172393114,0.2918687124281873,0.20765694775250265
Bulk 17,0.6048344941772631,0.1012488307700895,0.005892942689261001,0.06571595841367095,0.22230777394971535
Bulk 18,0.3287041009301252,0.04339847993208186,0.1612580738169945,0.3061869552021007,0.16045239011869777
Bulk 19,0.156742841112241,0.16558922317487595,0.0,0.37831589818860667,0.29935203752427625
Bulk 20,0.047032447327555515,0.11248736112513645,0.11877312192999635,0.5858569394751147,0.13585013014219685
Bulk 21,0.08006332748170139,0.23633198397641553,0.06904741572536247,0.2846374777086945,0.3299197951078261
Bulk 22,0.0,0.22970323514116145,0.07705447230770907,0.4495224248317766,0.24371986771935278
Bulk 23,0.13390470924880787,0.1924934386749197,0.0454868172499355,0.31943780461098054,0.3086772302153564
Bulk 24,0.20411340346958437,0.2149595414638212,0.0,0.3301275223843791,0.25079953268221544
Bulk 25,0.07370660388697742,0.20529873724802888,0.015404700692861394,0.4299296748444405,0.2756602833276918
Bulk 26,0.42385111733083647,0.07470193856662936,0.0,0.29169665323356464,0.2097502908689696
Bulk 27,0.2572736869142559,0.14043237505739276,0.05510142296742294,0.340228948141309,0.20696356691961948
Bulk 28,0.12540095974426718,0.2641282998190432,0.07692616325194782,0.31353802352652776,0.22000655365821403
Bulk 29,0.27109927928535504,0.14092604484715168,0.1316958076301629,0.23868307430022417,0.21759579393710615
Bulk 30,0.32077480857130486,0.16668982576416277,0.0,0.25733495942954043,0.25520040623499207
Bulk 31,0.7023514457932883,0.06905532491726894,0.0,0.0,0.22859322928944262
Bulk 32,0.1835280362677073,0.21609407254970703,0.10296680368806237,0.1863391227248891,0.31107196476963417
Bulk 33,0.1777659773741471,0.1684875160406432,0.09428141167736168,0.402772060669453,0.15669303423839512
Bulk 34,0.26806720501632647,0.15747420507944354,0.1087715153329045,0.2869927219487631,0.17869435262256264
Bulk 35,0.43132098151648945,0.1455498246594483,0.07571178828068251,0.027585922645754466,0.31983148289762536
Bulk 36,0.25810844347620493,0.11561586695877783,0.06425990362507526,0.37630599113986346,0.18570979480007854
Bulk 37,0.3784841219843526,0.0738445708657491,0.2049768170807511,0.2485155596630159,0.09417893040613125
Bulk 38,0.4137442178091464,0.08639259760756038,0.0,0.3821133375633152,0.11774984701997808
Bulk 39,0.05707122940270795,0.20592819839176105,0.17551849704405442,0.36767205703529604,0.19381001812618043
Bulk 40,0.3176770136459361,0.05640110740541285,0.05133225377909482,0.5281496954725473,0.046439929697009004
Bulk 41,0.4291666318023853,0.16009877746811857,0.0,0.1429633435396743,0.2677712471898218
Bulk 42,0.5751374232196036,0.0,0.06327733545450769,0.36158524132588865,0.0
Bulk 43,0.1832569446299093,0.12359861638504818,0.15566897046683584,0.4218303123025632,0.11564515621564352
Bulk 44,0.6174752154480826,0.0,0.008479109237938232,0.2995103307730797,0.07453534454089929
Bulk 45,0.4789770250405157,0.15627560372442884,0.17303889922060087,0.03993928038655943,0.1517691916278952
Bulk 46,0.4278152428756049,0.08541421784674806,0.1429600042956342,0.3415574671046282,0.0022530678773846698
Bulk 47,0.12125362863512107,0.31626215304997113,0.07481443070957866,0.15842742670549245,0.3292423608998366
Bulk 48,0.6132501766203928,0.10162876751040074,0.0,0.0839971190325847,0.20112393683662166
Bulk 49,0.0,0.2943161873679071,0.040261777287264086,0.2748989301352621,0.3905231052095668
Bulk 50,0.16651069459314752,0.16300215085436948,0.09128997911575168,0.2940333676453273,0.285163807791404
Bulk 51,0.2665409320034384,0.02371308574728903,0.2589581897298785,0.33559640288768416,0.11519138963171
Bulk 52,0.08754931327063749,0.13168601734169386,0.08098054220826112,0.31911023207182765,0.38067389510758
Bulk 53,0.4963457025407445,0.07677873030808229,0.0,0.42687556715117325,0.0
Bulk 54,0.3747783411376336,0.056689995004118886,0.08789318539727523,0.34024288483713294,0.1403955936238394
Bulk 55,0.26088145203473184,0.0,0.013509151317112052,0.5711370196300742,0.15447237701808178
Bulk 56,0.24101333172511957,0.08522317190061988,0.20976227143385226,0.2883904087813079,0.17561081615910043
Bulk 57,0.4590046023732867,0.16948513588797665,0.0,0.12407102741703796,0.24743923432169868
Bulk 58,0.1752321096835933,0.1612715588443002,0.24371822478735958,0.2622999300049719,0.1574781766797751
Bulk 59,0.2578713490824678,0.19697885993302333,0.0,0.3082072632014936,0.23694252778301533
Bulk 60,0.1027671069335282,0.20927138048597924,0.09017258615046386,0.32316587132610436,0.2746230551039242
Bulk 61,0.3517422164349254,0.12559235239331884,0.028805740719048612,0.39804329360400326,0.09581639684870392
Bulk 62,0.1511077737113332,0.2220382371854798,0.17773642978971987,0.2695555387995801,0.17956202051388712
Bulk 63,0.3905520355044956,0.1703078560095073,0.04432154884554737,0.15210832660643106,0.24271023303401873
Bulk 64,0.09490547091137794,0.20739547108476666,0.05996376609316757,0.4290344363209974,0.20870085558969037
Bulk 65,0.4113485871547933,0.18970521428250328,0.0,0.09891958104185376,0.30002661752084975
Bulk 66,0.40198902674543185,0.08755790901743873,0.21366200867101395,0.1850985212248421,0.11169253434127333
Bulk 67,0.20772221517097267,0.12701562720050733,0.08261024433457598,0.26668551200779755,0.3159664012861465
Bulk 68,0.34475658459657604,0.11897373551207843,0.0,0.3330869016346338,0.2031827782567117
Bulk 69,0.043170232849200296,0.2641670992921213,0.07340119012111249,0.29394212230347533,0.3253193554340907
Bulk 70,0.0,0.2215795802615296,0.1568713912312779,0.3568946334042696,0.2646543951029227
Bulk 71,0.13726494371435105,0.0844601773599763,0.16356510686427927,0.4556618534670001,0.15904791859439307
Bulk 72,0.09546859128278276,0.17944876267497697,0.05191073315920313,0.44093052985149517,0.2322413830315419
Bulk 73,0.5189054867557991,0.0,0.0,0.30446617296225864,0.17662834028194224
Bulk 74,0.308686032868824,0.13759672821209532,0.08799897465211033,0.2122128238745161,0.2535054403924542
Bulk 75,0.28462367605983546,0.21569117791173353,0.07369796012216286,0.23609911293926117,0.1898880729670068
Bulk 76,0.15870599189691956,0.13301604068942025,0.038096528982045984,0.46875489870764186,0.20142653972397243
Bulk 77,0.20443610517259417,0.15940172175907927,0.1394118938293365,0.30876267894044224,0.18798760029854783
Bulk 78,0.39561986703198887,0.18986126214412716,0.0,0.1632747705093158,0.2512441003145682
Bulk 79,0.3325213005284175,0.11866681041646103,0.0,0.3451394481813299,0.20367244087379166
Bulk 80,0.38538536673745666,0.1460776392706883,0.005098739875543334,0.32930270607063167,0.13413554804568012
Bulk 81,0.20965841539036606,0.16368878871593287,0.2204972573729515,0.2056529119990626,0.20050262652168688
Bulk 82,0.7472588897944766,0.05063299640697442,0.0,0.0,0.2021081137985489
Bulk 83,0.35241107972850116,0.0,0.0,0.4687115528412521,0.17887736743024665
Bulk 84,0.10654860154822007,0.28105014711878457,0.03606066862411478,0.30011863189533494,0.2762219508135456
Bulk 85,0.1066598795327022,0.18348490540636614,0.11437815501031007,0.37598032384279423,0.21949673620782725
Bulk 86,0.29094492542258993,0.11682868082188388,0.019237065367410298,0.27822355332166093,0.294765775066455
Bulk 87,0.4617333184206583,0.1447599364696171,0.0,0.0657047912498179,0.3278019538599068
Bulk 88,0.0542809532935865,0.24237897377935652,0.051512501722890146,0.3299152056308604,0.32191236557330644
Bulk 89,0.586474374572773,0.0,0.0,0.3747944351033692,0.03873119032385773
Bulk 90,0.23732137825632998,0.19990248782581352,0.05761192145210606,0.22253231840808818,0.2826318940576621
Bulk 91,0.2849268832498278,0.12406010195650154,0.05579219064821291,0.3394111036445924,0.1958097205008652
Bulk 92,0.48035810226288456,0.05405953890725771,0.0,0.39845477842665555,0.06712758040320212
Bulk 93,0.3432877932762875,0.15748780892502848,0.08341750107070013,0.28581986509956464,0.1299870316284193
Bulk 94,0.16768640652378503,0.19011881969019542,0.021944124671031226,0.3993089577848719,0.22094169133011632
Bulk 95,0.15891262620424038,0.11078326388829687,0.09033348590524981,0.4245909854889782,0.21537963851323472
Bulk 96,0.7677256477317448,0.05257838210966605,0.0891257484492376,0.0,0.09057022170935161
Bulk 97,0.6393849857568255,0.10075057383263732,0.0,0.17724072108945554,0.08262371932108163
Bulk 98,0.1948841486091682,0.1497739322720272,0.24928482850817477,0.21483665497697874,0.19122043563365101
Bulk 99,0.21823692262190877,0.2350651858050576,0.0960000632446965,0.1623359445881309,0.2883618837402062
Bulk 100,0.1984413015866897,0.08895085800370098,0.04762110127574833,0.4754559105757488,0.1895308285581122
Bulk 101,0.5245130263659732,0.08223211533395706,0.0,0.25703300726063266,0.13622185103943704
Bulk 102,0.11900635893842473,0.16723603435477294,0.05155978840032846,0.4189271087220826,0.24327070958439118
Bulk 103,0.012980097389514996,0.243870248730094,0.07602143212014718,0.3545095300592252,0.31261869170101875
Bulk 104,0.3879180687869786,0.01955981522274578,0.12985097403009446,0.4626711419601811,0.0
Bulk 105,0.3569536037254725,0.15561044704540247,0.11481471795285614,0.1695717584734813,0.2030494728027876
Bulk 106,0.6360657436241631,0.0,0.0,0.1686871900327448,0.19524706634309213
Bulk 107,0.5578829279325974,0.07836302479131581,0.0,0.04168216504758794,0.32207188222849886
Bulk 108,0.11901556349636208,0.19071167091797395,0.15702532781000075,0.29501977645028,0.23822766132538328
Bulk 109,0.37532014047441814,0.10821450221554278,0.0,0.4003776488855723,0.1160877084244668
Bulk 110,0.8092173740781123,0.004247605340638851,0.0,0.1865350205812487,0.0
Bulk 111,0.4569956447100575,0.11623044735880403,0.2481328761636242,0.07480414174782063,0.10383689001969376
Bulk 112,0.4487050181158046,0.11338713964748144,0.022113393053329728,0.21850536298246434,0.1972890862009199
Bulk 113,0.36297390653432493,0.07338323740755084,0.04251194227209771,0.3221466321420967,0.1989842816439299
Bulk 114,0.20931675336192576,0.18683555312670522,0.22664375687415983,0.21987648316292877,0.15732745347428054
Bulk 115,0.2163166525621454,0.21131817159355076,0.12605343748818323,0.24188105112288272,0.20443068723323785
Bulk 116,0.29933153308551774,0.14484723540517402,0.06620636258129098,0.3356221559882047,0.15399271293981245
Bulk 117,0.07066884621883797,0.20607451656879203,0.049414993767282145,0.49517209564459147,0.17866954780049635
Bulk 118,0.23992975778024658,0.14800495014333137,0.07997750628727478,0.3565380751778167,0.17554971061133048
Bulk 119,0.3249231890933429,0.18163056499306393,0.014386363757619187,0.2726636098026016,0.20639627235337243
Bulk 120,0.34028373987550126,0.09634758578542732,0.28541522804224984,0.17580988543299078,0.1021435608638307
Bulk 121,0.33836899926649017,0.0,0.1048598217386662,0.40949349428387627,0.1472776847109674
Bulk 122,0.7937130376643048,0.031818511161328694,0.008419969421073554,0.0,0.16604848175329306
Bulk 123,0.5436795745398905,0.11044113558396626,0.0,0.23881095545614422,0.10706833441999916
Bulk 124,0.5020787062509127,0.08779802452346863,0.2296117095780286,0.0,0.18051155964759003
Bulk 125,0.6023806317758099,0.11313101853510006,0.0,0.03096722624189032,0.25352112344719985
Bulk 126,0.09459569744693477,0.03747421662094503,0.1748544041758684,0.5559399974288535,0.13713568432739842
Bulk 127,0.06595265249228582,0.23053455088707542,0.0020315116150694287,0.37957449376501506,0.3219067912405544
Bulk 128,0.1994946494732614,0.22387314334317296,0.09779683468496864,0.17533298416385792,0.30350238833473914
Bulk 129,0.37599166525900446,0.16128822809921337,0.0,0.30187373531134587,0.16084637133043628
Bulk 130,0.7849522619931293,0.0,0.17876757068728055,0.0,0.036280167319590315
Bulk 131,0.5165117895348847,0.0,0.0013172437878914507,0.43612484635436455,0.04604612032285916
Bulk 132,0.4460824956282501,0.14439540440773552,0.04299663708032885,0.2580998809847162,0.10842558189896934
Bulk 133,0.6449845027850254,0.03256051428998515,0.1009091040319391,0.14504444110333778,0.0765014377897126
Bulk 134,0.31087175613585516,0.15972406100143544,0.16805003799059276,0.2703827486999413,0.09097139617217549
Bulk 135,0.5839641194328827,0.06396096210696299,0.004058141923526455,0.2632994715970153,0.08471730493961258
Bulk 136,0.22461479827779382,0.09628819248564098,0.2899143181005069,0.3142266551483752,0.07495603598768316
Bulk 137,0.33353684256203253,0.16181609548904427,0.12345869009648669,0.21444107861154027,0.16674729324089624
Bulk 138,0.15399590202275257,0.15162578636264878,0.25760404532534786,0.23881872764929038,0.1979555386399605
Bulk 139,0.41811080878218865,0.14020712220396894,0.12476261690138475,0.15151481816528625,0.16540463394717142
Bulk 140,0.23653568830846383,0.15193979272086724,0.15279914871690875,0.2741605929589002,0.18456477729485998
Bulk 141,0.2535161957642323,0.09690147842454169,0.21224044228848155,0.19081807997283004,0.2465238035499144
Bulk 142,0.400362585576124,0.06678642797701108,0.2500593960167465,0.12227834935514503,0.16051324107497356
Bulk 143,0.6800425013861192,0.03216996320800416,0.06045744552471637,0.002371151385332443,0.2249589384958277
Bulk 144,0.4557427606606492,0.14052446598755014,0.02260765430638435,0.11820517623420893,0.26291994281120734
Bulk 145,0.5232684509321303,0.08772162902500813,0.0,0.1379467081768762,0.25106321186598524
Bulk 146,0.11834838352030691,0.09050142466148005,0.17829379933238895,0.3439161631371715,0.2689402293486526
Bulk 147,0.4145472837837793,0.04276625391534866,0.2114429678564238,0.3312434944444483,0.0
Bulk 148,0.24307275454210892,0.13810088032033058,0.08224664722192518,0.27802021596838833,0.25855950194724703
Bulk 149,0.22543377090400762,0.13240534598271006,0.0,0.4189558312793656,0.22320505183391673
Bulk 150,0.31907356364878126,0.07713510071577463,0.022275373759960367,0.4216284505224279,0.1598875113530558
Bulk 151,0.3022302996476736,0.15881185616163818,0.08074858447959304,0.2933354970365731,0.1648737626745221
Bulk 152,0.2647795096266067,0.20123568867872443,0.1876005413006243,0.11992683252418876,0.2264574278698557
Bulk 153,0.41501317092803536,0.07044123603563289,0.15222275788392423,0.2489412320822688,0.1133816030701387
Bulk 154,0.3264750273685426,0.14124760187200477,0.13645596713698205,0.21971513475093643,0.17610626887153413
Bulk 155,0.29752363356453976,0.05392396911058111,0.08593524455077352,0.41117858101994825,0.1514385717541573
Bulk 156,0.39471583514937697,0.13058879559479314,0.12309814316099014,0.17435302435710218,0.17724420173773764
Bulk 157,0.2814800229912819,0.1220168282396004,0.061014462680806326,0.27253110015522075,0.2629575859330906
Bulk 158,0.34635470579798566,0.028049828799708236,0.38352850887960926,0.24206695652269686,0.0
Bulk 159,0.36702217842492213,0.14192683083823973,0.060248198952976104,0.18888810852930288,0.2419146832545592
Bulk 160,0.2662268261544533,0.22304650866772596,0.01054890595407661,0.25212912409510346,0.24804863512864073
Bulk 161,0.5079213911136207,0.1595421839257301,0.0,0.0,0.3325364249606492
Bulk 162,0.32825901454863776,0.11579875886295386,0.15204166392697804,0.15402291513776906,0.2498776475236611
Bulk 163,0.029186446567275565,0.17459707350091633,0.2284401385195451,0.34458235938626347,0.2231939820259996
Bulk 164,0.16798237053164572,0.27276755417437815,0.0,0.13929466346233613,0.4199554118316401
Bulk 165,0.13890473543595047,0.220031031952473,0.06068662360938247,0.3242373731276754,0.2561402358745188
Bulk 166,0.8435512822966414,0.03667749417728121,0.0,0.07702095331477875,0.04275027021129857
Bulk 167,0.6041125999374121,0.1313618464571019,0.0,0.025209981014156627,0.23931557259132966
Bulk 168,0.12807797117171105,0.23234516722463994,0.06500252842502745,0.34389466021844667,0.23067967296017478
Bulk 169,0.642781068211859,0.11337830454564404,0.0,0.0,0.24384062724249692
Bulk 170,0.2212182478486373,0.10352954247418104,0.244750371501692,0.07494264420383266,0.3555591939716571
Bulk 171,0.19088214944239834,0.14075343109976574,0.09632871923591778,0.41977843271385895,0.1522572675080591
Bulk 172,0.24839109842863766,0.204007585460293,0.10165793924701615,0.2807139046066773,0.16522947225737597
Bulk 173,0.45514421251425363,0.21798071975723962,0.0,0.12817497580957177,0.198700091918935
Bulk 174,0.45423728197661467,0.04398106581483421,0.05314431922328279,0.34863831331704476,0.09999901966822362
Bulk 175,0.44257817276782874,0.0,0.1766420101611236,0.3619788062445076,0.018801010826540145
Bulk 176,0.3587073953422221,0.06761572033646972,0.17840647101329973,0.32892459845066246,0.06634581485734596
Bulk 177,0.3686285747311948,0.0,0.17339140597399408,0.4579800192948111,0.0
Bulk 178,0.1047171398912566,0.233388160802285,0.09354720366487729,0.3576744192203542,0.2106730764212268
Bulk 179,0.2792367412498879,0.19245718648588547,0.03204802937058887,0.3150779561498934,0.18118008674374433
Bulk 180,0.11652476865565779,0.2218407975727073,0.0070253984364214124,0.347307479347396,0.3073015559878175
Bulk 181,0.39487507029427804,0.17815009692106035,0.022971053675154406,0.3215315472476206,0.08247223186188665
Bulk 182,0.08105387842732473,0.20052060900424648,0.18847748909698445,0.3223135293700691,0.20763449410137544
Bulk 183,0.24897629820177994,0.258152269302746,0.03540427250950074,0.22233210619201232,0.2351350537939612
Bulk 184,0.09977344822157089,0.14137290929933563,0.26353006779063104,0.31988754760778404,0.1754360270806783
Bulk 185,0.28327134389339853,0.12002850977446526,0.0,0.38825690396069257,0.20844324237144357
Bulk 186,0.2099728989834839,0.18699143220253772,0.12296411824352883,0.31393484949689376,0.1661367010735559
Bulk 187,0.5657508811789568,0.06474959629968917,0.0,0.024644269396442996,0.34485525312491105
Bulk 188,0.08368614717765395,0.1056187987809396,0.34566875666341124,0.3764044155698651,0.08862188180813008
Bulk 189,0.582602098250913,0.0,0.1702777736964094,0.19267918678554935,0.05444094126712819
Bulk 190,0.127259922510248,0.2044497088003493,0.1852240221659492,0.20224138587965582,0.28082496064379764
Bulk 191,0.2924540895115129,0.15121155029802968,0.052539018714102825,0.28114449057260943,0.22265085090374506
Bulk 192,0.43008818853073777,0.14670249808884483,0.0,0.15226329748781717,0.27094601589260026
Bulk 193,0.9121056545667919,0.01615504344716139,0.0,0.0,0.07173930198604662
Bulk 194,0.5994859952378692,0.09356976126842141,0.0,0.22532090828389484,0.08162333520981457
Bulk 195,0.2779398951909237,0.23691297543370768,0.05228451669254331,0.14603710045461743,0.28682551222820785
Bulk 196,0.5543286951295506,0.03518682596090918,0.0,0.17634181674634314,0.23414266216319704
Bulk 197,0.24879051906543379,0.21990367888678458,0.09327529252958654,0.2018510489001141,0.23617946061808107
Bulk 198,0.879489629816593,0.0,0.0,0.0,0.12051037018340693
Bulk 199,0.22476032573575344,0.23291556002842848,0.08326314236632683,0.19284994638110872,0.2662110254883825
Bulk 200,0.02757986344103194,0.1069212119368988,0.2179332410843095,0.4449081259777581,0.20265755756000156
Bulk 201,0.6075083503224489,0.03136423618851507,0.0,0.325314392577268,0.03581302091176811
Bulk 202,0.2602424403020551,0.2294892726433816,0.08001150524727416,0.28051052679034993,0.14974625501693914
Bulk 203,0.6492203565280253,0.09539974568186199,0.0,0.041136510235069666,0.21424338755504313
Bulk 204,0.9436243230635584,0.0,0.0,0.0,0.056375676936441695
Bulk 205,0.29895355216968533,0.21975915023114487,0.01518243433139899,0.23457982909163036,0.2315250341761406
Bulk 206,0.8099923619359097,0.0,0.0,0.0,0.19000763806409024
Bulk 207,0.2867897151406848,0.1444156657327709,0.0,0.2702639460000501,0.2985306731264941
Bulk 208,0.04165742263018087,0.27236341033897943,0.09596975952272083,0.2395174369662371,0.35049197054188175
Bulk 209,0.4286852074855672,0.17602923757388747,0.10242000402302603,0.1347745478778505,0.15809100303966883
Bulk 210,0.3461756260061458,0.18300881965395074,0.0,0.2992823394034251,0.17153321493647825
Bulk 211,0.16418339386630187,0.24930816035636078,0.0457025576999843,0.2551978320749395,0.2856080560024136
Bulk 212,0.4486335498719485,0.16887782693884226,0.13761645162840924,0.05011987893794172,0.1947522926228582
Bulk 213,0.21597589776053017,0.24351746292358079,0.07111149020106092,0.26331762676415615,0.20607752235067212
Bulk 214,0.5303443661036158,0.13517936982726617,0.0,0.16832627580997364,0.16614998825914437
Bulk 215,0.46334911633430304,0.1292116499977732,0.0,0.16446840371464838,0.24297082995327537
Bulk 216,0.16863339947758074,0.1313232097113106,0.08150009628412286,0.30979441758783455,0.30874887693915115
Bulk 217,0.2396644089398951,0.1625502583450413,0.11456676220653232,0.3229158423549185,0.1603027281536127
Bulk 218,0.2701181590597417,0.13003452137860075,0.14179543085216315,0.25708663351552963,0.20096525519396471
Bulk 219,0.6917694972055503,0.010015140590191433,0.0,0.07025023159000901,0.22796513061424917
Bulk 220,0.3416379564001125,0.1715554660525994,0.1901237109104792,0.1036285792203821,0.19305428741642686
Bulk 221,0.2559003835715478,0.2190684620496848,0.08551218230756644,0.10261001642693408,0.33690895564426676
Bulk 222,0.07952934524555347,0.0,0.1828170473315301,0.5378789426191014,0.19977466480381498
Bulk 223,0.3117168257070983,0.18922758132843692,0.09570053001493203,0.18271518998778502,0.22063987296174759
Bulk 224,0.7029040824304961,0.03732674751010582,0.0,0.0963223461901442,0.16344682386925397
Bulk 225,0.5322208872327248,0.1778724978852225,0.13711962069649816,0.012308959813054944,0.14047803437249956
Bulk 226,0.3134379777328335,0.23157293934395531,0.057817903789095564,0.2646182780847464,0.1325529010493692
Bulk 227,0.2771960355197036,0.0738611338097584,0.11702826514386484,0.2790337303955198,0.2528808351311534
Bulk 228,0.47353200383320293,0.0698836648068176,0.01277188710685087,0.17534534420023193,0.2684671000528967
Bulk 229,0.24058601301593247,0.12316913044422556,0.2056474692200899,0.22906601862391018,0.20153136869584187
Bulk 230,0.00647656190241571,0.21419382369969467,0.03636224324946242,0.49291342651316,0.25005394463526737
Bulk 231,0.5984841385804548,0.10228822171639639,0.0,0.06922411998185425,0.23000351972129457
Bulk 232,0.12680103794605357,0.20458704329382632,0.04943803770694327,0.4528308214293541,0.16634305962382265
Bulk 233,0.21660188676037037,0.18311193966867306,0.0,0.2734069348546198,0.32687923871633673
Bulk 234,0.2620533033727378,0.21591097871221732,0.0,0.21551834787711147,0.30651737003793345
Bulk 235,0.26086259832124575,0.2188237832410129,0.11408660968593477,0.1769052262428986,0.22932178250890803
Bulk 236,0.0,0.1597032151220354,0.056724958933484684,0.5319061314886303,0.2516656944558496
Bulk 237,0.2783743428159152,0.07287521604423879,0.2859144323526171,0.2242786689901914,0.1385573397970375
Bulk 238,0.45013033696449806,0.1870132654153258,0.0,0.08057765143476116,0.28227874618541493
Bulk 239,0.08823996581304898,0.27253990025507896,0.11929334768070321,0.2976741198930454,0.22225266635812335
Bulk 240,0.36040517662023697,0.3023320736111107,0.0,0.15622068631871713,0.18104206344993518
Bulk 241,0.02690479419908453,0.27885338417134353,0.08790519274751518,0.3248897848381138,0.281446844043943
Bulk 242,0.6074371686789872,0.08333719717775027,0.0,0.13086956580769524,0.17835606833556727
Bulk 243,0.5778523211116795,0.1684745490404998,0.0,0.007799503874755142,0.24587362597306558
Bulk 244,0.32933524687383897,0.22434607013831143,0.08902176948349293,0.07443220806789656,0.28286470543646014
Bulk 245,0.8032268453863088,0.017366848713613416,0.0,0.0,0.1794063059000778
Bulk 246,0.17930914687284333,0.24010819395315103,0.12845460638095393,0.2032677258618061,0.24886032693124538
Bulk 247,0.3154102450304805,0.15854666651814164,0.17995148114381498,0.04864257044714922,0.29744903686041363
Bulk 248,0.5505542166486472,0.07023045139493633,0.0,0.2862275174405299,0.09298781451588653
Bulk 249,0.6534007708804463,0.12232562049804496,0.0,0.0,0.2242736086215087
Bulk 250,0.5397099232452184,0.08599176143246272,0.23798609939219292,0.005742679920260103,0.13056953600986587
Bulk 251,0.14161583738537548,0.27679133803177797,0.07537982834233381,0.22125319881870736,0.2849597974218054
Bulk 252,0.44705212954293105,0.16125420018959724,0.0,0.0783921250922586,0.3133015451752131
Bulk 253,0.10373985096246789,0.22667664246803876,0.10453856971434182,0.2519809686335436,0.3130639682216078
Bulk 254,0.6235919087970822,0.08049158295139851,0.0,0.006623845088664068,0.2892926631628552
Bulk 255,0.5013270850031077,0.15879934849855043,0.01418019352099366,0.04461866375245621,0.28107470922489186
Bulk 256,0.28755530766558424,0.010271718181390879,0.04350729205953502,0.5829101560628369,0.07575552603065307
Bulk 257,0.19876963140202095,0.28258390070768225,0.03526456590724384,0.18296218605483128,0.30041971592822175
Bulk 258,0.2167824778468533,0.25425860324668004,0.018614905384743894,0.2605580274909652,0.24978598603075763
Bulk 259,0.09271343466786781,0.18055268502057903,0.21817434798608706,0.2920739292060866,0.21648560311937934
Bulk 260,0.0,0.21435373392228876,0.06592115161412025,0.46446794042109446,0.2552571740424964
Bulk 261,0.07477436369716242,0.12612497368437783,0.10575784732407208,0.4282704489406714,0.2650723663537162
Bulk 262,0.11541469642732116,0.25423390983539657,0.05262779539809348,0.2495938683929423,0.3281297299462464
Bulk 263,0.3775464324430255,0.14487148978130165,0.0,0.23619472609755585,0.2413873516781171
Bulk 264,0.2711488652530554,0.1712886719707643,0.054874013912061675,0.35598390548112807,0.14670454338299047
Bulk 265,0.06468172738230736,0.2228124658937588,0.03190446128027432,0.3410482021658718,0.3395531432777877
Bulk 266,0.2751526265863638,0.23117078713306535,0.03857934537739758,0.12439629458234622,0.3307009463208271
Bulk 267,0.4888194145272394,0.0,0.0066068484123446,0.301029858316709,0.20354387874370702
Bulk 268,0.35729615742497584,0.13228315431999815,0.09166634241442781,0.25505211007478645,0.1637022357658117
Bulk 269,0.7232155660956724,0.08872623744444974,0.0,0.0,0.18805819645987776
Bulk 270,0.7701678598140465,0.0,0.0,0.09806173746737651,0.13177040271857707
Bulk 271,0.0,0.21944492809246505,0.10621770053107067,0.35772981527159553,0.31660755610486874
Bulk 272,0.22759645896340117,0.19408430441262373,0.14684489593039124,0.23178317593290573,0.19969116476067816
Bulk 273,0.4394301965373226,0.1845878323888338,0.0,0.04311298661664989,0.33286898445719376
Bulk 274,0.448784267535131,0.17000406693449543,0.0,0.2107329563171649,0.17047870921320862
Bulk 275,0.1317730288691585,0.14495976553230705,0.0884521416844827,0.4127124389669452,0.22210262494710648
Bulk 276,0.21536794111328966,0.12742740868556846,0.2970470636804755,0.10862309071727183,0.2515344958033945
Bulk 277,0.4347377601603644,0.18612649794746494,0.07994488343458671,0.1226903603844693,0.17650049807311463
Bulk 278,0.40659174925402086,0.1476548490299942,0.046929309337355875,0.23218699676364463,0.16663709561498455
Bulk 279,0.32226854633287805,0.022313410077607905,0.2988639084525249,0.3240996131903211,0.03245452194666812
Bulk 280,0.8390975545696391,0.0026065660571400044,0.0,0.0,0.1582958793732209
Bulk 281,0.8120208291243547,0.023469162464662494,0.0,0.0,0.16451000841098287
Bulk 282,0.6567436081601656,0.053379101076622505,0.0,0.20934416928347732,0.08053312147973458
Bulk 283,0.25366854076407425,0.20329252084487856,0.14500107847189037,0.21596298038372289,0.18207487953543386
Bulk 284,0.458268165538197,0.08755461936649642,0.22687901982255193,0.22729819527275458,0.0
Bulk 285,0.3351634155553772,0.1859141177965122,0.04910606782534333,0.23558631041542963,0.19423008840733777
Bulk 286,0.3062651341889289,0.10079959821061185,0.3321924107652427,0.0932998541797743,0.1674430026554422
Bulk 287,0.0,0.23750429499970638,0.04565076068355782,0.3500405948006038,0.3668043495161321
Bulk 288,0.23914531581338427,0.25652506170024775,0.06836948183573777,0.16614323318451332,0.26981690746611675
Bulk 289,0.48496904391762075,0.0834702983691131,0.15821240651033205,0.07818951376968672,0.1951587374332473
Bulk 290,0.35532492338476634,0.11802000797665796,0.01760072498520174,0.22626435913343518,0.2827899845199388
Bulk 291,0.5565525028159475,0.1832943963794401,0.0,0.07581206278893012,0.18434103801568263
Bulk 292,0.25046046480963285,0.2521874550667918,0.2695804879540221,0.04475715119213693,0.18301444097741626
Bulk 293,0.38936896776432894,0.11545163486334047,0.0,0.15140259937522788,0.34377679799710265
Bulk 294,0.36737615836310167,0.22195828951017738,0.10692558238925133,0.0,0.30373996973746975
Bulk 295,0.48748812742013087,0.16170955455791466,0.07096798155076302,0.040140569773017463,0.239693766698174
Bulk 296,0.629155115071492,0.06729985923295773,0.07918201179149544,0.11335209721687203,0.11101091668718285
Bulk 297,0.8489073015284668,0.013204752243899609,0.0,0.0,0.13788794622763353
Bulk 298,0.1869934726968553,0.23281769962875518,0.0,0.3219850435344944,0.25820378413989503
Bulk 299,0.558124871243912,0.15731109342262709,0.07609912424303088,0.0,0.20846491109043006
Bulk 300,0.3474110892967226,0.0,0.11222178660231148,0.5216350933311447,0.018732030769821266
Bulk 301,0.06865063458863017,0.2836433788302367,0.0,0.28885640473243507,0.35884958184869814
Bulk 302,0.28458785972544987,0.24119275249630875,0.044309374153267765,0.31307363025575013,0.11683638336922339
Bulk 303,0.17442788315008936,0.14335722359602232,0.12863624208026953,0.28310222654406997,0.27047642462954874
Bulk 304,0.32274103807348453,0.197773043962884,0.07908094094319945,0.2798256284641533,0.12057934855627882
Bulk 305,0.4671846167390779,0.12186860159394117,0.0,0.10001408984012898,0.3109326918268519
Bulk 306,0.38551899780520604,0.20362590640307926,0.16672118390593013,0.06129776472520952,0.18283614716057509
Bulk 307,0.5148308259072898,0.12584665813958107,0.07582566136970115,0.09292811004207978,0.19056874454134823
Bulk 308,0.8950161151871551,0.0,0.0,0.03595217615260035,0.06903170866024465
Bulk 309,0.3544142756565695,0.18401036433207307,0.0,0.16626379859619514,0.2953115614151623
Bulk 310,0.3431300177735716,0.24642410255339509,0.0271707059024082,0.17624702157395913,0.2070281521966659
Bulk 311,0.19644996468031847,0.23268972010904945,0.19163500154495483,0.1789022678229423,0.20032304584273505
Bulk 312,0.30886962270676105,0.23252175551144752,0.0,0.19759709730596836,0.26101152447582304
Bulk 313,0.4781188194622833,0.08126664216729085,0.0,0.02420224305965442,0.41641229531077145
Bulk 314,0.48082304344639415,0.09645833811472335,0.31262452255623885,0.0,0.11009409588264367
Bulk 315,0.4293216794068876,0.20734027949308867,0.028628974413729847,0.21276296213683787,0.1219461045494561
Bulk 316,0.08335421266599305,0.284815082652997,0.12264195305716047,0.23299620155439785,0.2761925500694516
Bulk 317,0.47874011932280097,0.14466809343108245,0.0,0.03551539733051664,0.3410763899156001
Bulk 318,0.36222421730582427,0.18091549478804703,0.16545239809397147,0.10610438706716646,0.18530350274499077
Bulk 319,0.2463923900170106,0.16631196402185033,0.04199879814929146,0.26311323302184786,0.28218361478999976
Bulk 320,0.3236075714717848,0.1594878302592457,0.0700663404127505,0.18520533674499734,0.2616329211112216
Bulk 321,0.3827088651249673,0.25994332550539656,0.04677411359243956,0.0,0.3105736957771966
Bulk 322,0.25992500866640417,0.16964773390634078,0.056933420948465784,0.3105383521944595,0.20295548428432975
Bulk 323,0.2735595098476607,0.2320457384312523,0.21581369194488853,0.14816690074287175,0.13041415903332657
Bulk 324,0.31419798568502055,0.1839189685001505,0.19204091058732303,0.01864101326720542,0.2912011219603005
Bulk 325,0.11718947650217595,0.21686547840572157,0.31455552876001824,0.14540473431616746,0.20598478201591677
Bulk 326,0.05495027865366183,0.2065246212099063,0.20182185190909088,0.262045815306824,0.274657432920517
Bulk 327,0.3062824264370138,0.1970604328060571,0.0,0.22422982497327845,0.2724273157836507
Bulk 328,0.6178861816004332,0.008803646918282773,0.0,0.0,0.3733101714812841
Bulk 329,0.3008205732917044,0.1692604586477367,0.1625416151070618,0.11713550177146095,0.2502418511820362
Bulk 330,0.04959912223419961,0.2392586979142331,0.1824539267968112,0.2538730421888607,0.27481521086589533
Bulk 331,0.40426545508581563,0.13862367642692539,0.0,0.19993655391099804,0.25717431457626083
Bulk 332,0.3070220987336406,0.2923438560173196,0.04210060894015737,0.049119426177074425,0.3094140101318081
Bulk 333,0.6217658685965194,0.11474112823707805,0.0,0.042911310878757894,0.22058169228764465
Bulk 334,0.0,0.17755327553848,0.09638757955236502,0.4833537248271147,0.24270542008204027
Bulk 335,0.7039632471361169,0.0,0.0,0.0,0.29603675286388315
Bulk 336,0.4779413355561819,0.14516834511498647,0.0,0.0,0.3768903193288316
Bulk 337,0.060708780908460706,0.20961342139457606,0.07366431538069866,0.31455384390098534,0.3414596384152793
Bulk 338,0.15261426240079357,0.16479793675509893,0.07013335743915167,0.3323092455558952,0.28014519784906056
Bulk 339,0.7479397916215463,0.0,0.0,0.0,0.2520602083784537
Bulk 340,0.025236219687546017,0.2558051502440331,0.11775181387794434,0.2825439077708122,0.31866290841966427
Bulk 341,0.13151695653574907,0.20843627928013778,0.14633223217348357,0.2671684024528542,0.24654612955777547
Bulk 342,0.13981788362408154,0.008149740587630164,0.13513767848025765,0.5749790934923489,0.1419156038156818
Bulk 343,0.2804133132881124,0.13778844979022142,0.07106334547909805,0.1654098497467439,0.3453250416958243
Bulk 344,0.5478980391002345,0.1026150374027027,0.0,0.0,0.3494869234970629
Bulk 345,0.5449731164861974,0.19046274465112972,0.0,0.0300893035516405,0.2344748353110325
Bulk 346,0.422720992289381,0.1344912835574558,0.008980472161443948,0.0,0.43380725199171916
Bulk 347,0.36537219107195024,0.1550596940084586,0.0,0.3221827543391097,0.15738536058048155
Bulk 348,0.744871912554057,0.004051771370195986,0.0,0.07268503852929678,0.17839127754645023
Bulk 349,0.4883279928072196,0.10890135988142646,0.0,0.0,0.4027706473113539
Bulk 350,0.2968016926101904,0.2055118144093489,0.0,0.22366015387046773,0.274026339109993
Bulk 351,0.825551791169849,0.000554958163266127,0.14332323008424194,0.030570020582642903,0.0
Bulk 352,0.007880691401475789,0.29138351401928225,0.05110388435763351,0.3320537821970217,0.3175781280245867
Bulk 353,0.34117765281201223,0.15469298076912802,0.23173167488291357,0.07047307659460617,0.20192461494134004
Bulk 354,0.9495902825756932,0.0,0.0,0.05040971742430676,0.0
Bulk 355,0.333550404445844,0.17221170978349878,0.0203830569155425,0.1224237208736277,0.3514311079814872
Bulk 356,0.20220318821710687,0.15493826597203,0.27687101113562657,0.22065886210739627,0.14532867256784024
Bulk 357,0.21318456435169997,0.3434957675268335,0.033362222835898826,0.10784737731299869,0.302110067972569
Bulk 358,0.27349999210749215,0.2512285442695768,0.0,0.18453386912944045,0.2907375944934906
Bulk 359,0.13408487974462072,0.25938075745788924,0.06327386025033402,0.2555578488519161,0.2877026536952399
Bulk 360,0.43126977508682257,0.21039480968680985,0.0,0.05125854760188706,0.30707686762448055
Bulk 361,0.26390333487940126,0.2687152428614799,0.0390383474262914,0.1646979828224769,0.26364509201035047
Bulk 362,0.0909257878064066,0.13171317264168494,0.09067603045887927,0.48013174047475554,0.20655326861827358
Bulk 363,0.41909626394291866,0.10786418272006736,0.0,0.33335080546949186,0.1396887478675221
Bulk 364,0.3921498453773778,0.07797579119470816,0.12537181682607704,0.28584686383549096,0.11865568276634596
Bulk 365,0.294108081835285,0.19864127874972293,0.0,0.2517524335735921,0.25549820584139993
Bulk 366,0.09492057542203468,0.09544610972795778,0.09481416279926085,0.4602482265621011,0.2545709254886456
Bulk 367,0.44613014811549584,0.1954492301817998,0.0,0.09760343405490954,0.2608171876477948
Bulk 368,0.1569741759209986,0.2714367305135291,0.0,0.14380492749488497,0.4277841660705874
Bulk 369,0.2727958316785786,0.14806778031263398,0.09860507826543106,0.38798079552479786,0.09255051421855849
Bulk 370,0.29740826337347187,0.17310327982358678,0.12987167662165516,0.1660966973088186,0.23352008287246756
Bulk 371,0.3167966779487487,0.31573373138555827,0.1012086644381533,0.036533821436923346,0.22972710479061648
Bulk 372,0.2665005210856325,0.0,0.3059889938375533,0.1989906806531074,0.22851980442370678
Bulk 373,0.28861692746011103,0.07062711391363104,0.2834733051783432,0.2768529951500339,0.08042965829788086
Bulk 374,0.42589135340127976,0.18968587634367434,0.0,0.10909283608580789,0.27532993416923807
Bulk 375,0.07121844575072175,0.25308806715982135,0.011971096906568186,0.3089137631164317,0.35480862706645694
Bulk 376,0.31805744097075994,0.15793598757157024,0.22772683938783186,0.11008925282438367,0.1861904792454543
Bulk 377,0.4778603484213791,0.04629353189817815,0.0,0.3314641935134432,0.14438192616699952
Bulk 378,0.11890321326134083,0.28895504678308076,0.07989301015372194,0.10367041950505003,0.40857831029680647
Bulk 379,0.14633128977823273,0.11017060025923436,0.13309613910821455,0.4460148146457532,0.16438715620856517
Bulk 380,0.32802336434662765,0.10883575355646358,0.12514937903734738,0.24909516254966685,0.18889634050989448
Bulk 381,0.6883111087199113,0.03135870925871911,0.0,0.0,0.28033018202136956
Bulk 382,0.4020575106212267,0.2145780725713706,0.0,0.06388896891803288,0.3194754478893699
Bulk 383,0.5048472519519049,0.12720295360317643,0.0,0.10981867795289922,0.2581311164920195
Bulk 384,0.42197868416032525,0.27138565145724847,0.06319525704603311,0.007090177177653343,0.23635023015873982
Bulk 385,0.07111258492031765,0.17554281474582648,0.09490993690251406,0.40377428639699847,0.2546603770343433
Bulk 386,0.2941496212589999,0.23214894218140786,0.0,0.12404057893282305,0.34966085762676913
Bulk 387,0.3510306200024354,0.20190309902703268,0.026042534981726033,0.13902946064518712,0.28199428534361876
Bulk 388,0.15206631952372365,0.2076285723721194,0.34303118227148793,0.13164359027754846,0.16563033555512066
Bulk 389,0.35895402771952556,0.2552603038129257,0.027398695559989583,0.03690357353525436,0.3214833993723048
Bulk 390,0.14366908718183122,0.282634644428799,0.06939394524174892,0.22039206124949007,0.2839102618981307
Bulk 391,0.2764569809963871,0.15655853749649934,0.08501566399798842,0.28727802400181157,0.19469079350731353
Bulk 392,0.2499103518321996,0.1530382083510353,0.0,0.35465036166721314,0.24240107814955195
Bulk 393,0.10005636314685877,0.2274633570297598,0.0,0.3625055920947552,0.3099746877286263
Bulk 394,0.4364855829851811,0.10548477021794529,0.0,0.34139048910895736,0.11663915768791638
Bulk 395,0.371260141422061,0.2787431069113961,0.126934007348215,0.0,0.22306274431832798
Bulk 396,0.25728609259632385,0.24536413515342834,0.12939720394789334,0.2167382080225003,0.15121436027985422
Bulk 397,0.46656358955266314,0.1496740612279759,0.12877450084739375,0.08575443878168545,0.16923340959028174
Bulk 398,0.43421351638600875,0.10571383408163108,0.26791188202520644,0.02626208051972877,0.16589868698742485
Bulk 399,0.24793644261681094,0.12480599657770079,0.32438411576327053,0.21789554038663078,0.08497790465558695
Bulk 400,0.3770609886309882,0.1986229243912083,0.0,0.1887677607519255,0.235548326225878
Bulk 401,0.5129649496074559,0.0529932525682577,0.0,0.20968764332921128,0.224354154495075
