,Ast,End,Mic,Neu,Oli
Bulk 0,0.13107761817033695,0.19358042320544183,0.07796963048876775,0.4220101325377471,0.1753621955977063
Bulk 1,0.5768935250464455,0.05886436495347204,0.03212210565701715,0.12217446056703105,0.20994554377603442
Bulk 2,0.044154966300968095,0.25182216775623645,0.08706295094191323,0.32771846369140034,0.2892414513094818
Bulk 3,0.0998496830742344,0.24468110821398442,0.06801356366312951,0.3235106696735143,0.26394497537513734
Bulk 4,0.421840716197703,0.10640582245581527,0.12732858481843837,0.18976206980265303,0.15466280672539032
Bulk 5,0.0,0.2177349302663222,0.14337562254430242,0.3287788385993637,0.31011060859001166
Bulk 6,0.8507190877437425,0.01915713262661117,0.0,0.04475889405158046,0.08536488557806585
Bulk 7,0.5750567334581161,0.09437192253085006,0.0,0.16832375612826175,0.16224758788277222
Bulk 8,0.03928549341109428,0.18430931780033963,0.11286383390222042,0.4055459808105126,0.25799537407583295
Bulk 9,0.6335745452212583,0.13709458926079263,0.0,0.0,0.22933086551794893
Bulk 10,0.16259229888364243,0.18809814758646737,0.014681466148695513,0.41340532294866666,0.22122276443252803
Bulk 11,0.11955487516890813,0.16093135707743964,0.08626520664228184,0.33911056227053477,0.2941379988408355
Bulk 12,0.2137622138248822,0.1788096159384354,0.0,0.3178738017772318,0.2895543684594506
Bulk 13,0.048961619997114646,0.17328921947092019,0.08927348790772352,0.4314262517359931,0.25704942088824856
Bulk 14,0.6450818044616977,0.03836787802633697,0.14714535279111093,0.0,0.1694049647208544
Bulk 15,0.4024662964225085,0.07751157020288875,0.031177416167126958,0.3528150623079399,0.13602965489953597
Bulk 16,0.138654257436191,0.27122628779980146,0.06357519654595606,0.23835756097443475,0.2881866972436167
Bulk 17,0.3936828022559172,0.06549129464916215,0.291652824417529,0.14296296003141945,0.1062101186459723
Bulk 18,0.30642221315832346,0.09905488070842454,0.1399847942847521,0.20379539064298197,0.2507427212055179
Bulk 19,0.14874905486178702,0.1839081775774623,0.10255313316070819,0.3459094868412311,0.21888014755881122
Bulk 20,0.024206084013843183,0.3056540975683402,0.012321193177123888,0.3415096407699388,0.31630898447075395
Bulk 21,0.10720610125959099,0.13098592543260454,0.07410979824194815,0.4969885633598616,0.1907096117059947
Bulk 22,0.00441177737181418,0.2747202502778325,0.06399166722022737,0.34549203684873964,0.3113842682813864
Bulk 23,0.11858083032507444,0.21864003722615466,0.0,0.3493343246192886,0.31344480782948236
Bulk 24,0.473839181747312,0.10274973904387692,0.029854622223356907,0.31111384484934584,0.08244261213610837
Bulk 25,0.05093445001656282,0.21613389918763737,0.023201424688373173,0.4241234638104406,0.28560676229698606
Bulk 26,0.32799850253349655,0.1298620112353888,0.10948331681492283,0.23258784424849055,0.20006832516770115
Bulk 27,0.14665213353853693,0.2068479537680871,0.1424016404365775,0.22259066123438026,0.2815076110224182
Bulk 28,0.1902385553379792,0.20201740145389363,0.002863973348638932,0.30451598710273187,0.30036408275675636
Bulk 29,0.24000038752864672,0.18915557345758666,0.04941865589064405,0.21219003973314696,0.30923534338997555
Bulk 30,0.346130248057593,0.1034626069982659,0.0,0.29363459822550414,0.2567725467186369
Bulk 31,0.714725503567863,0.0,0.0,0.10560943525077741,0.17966506118135955
Bulk 32,0.12663958045041993,0.20187991478920142,0.05804960683745807,0.30628884430013015,0.3071420536227904
Bulk 33,0.04658388808013711,0.26252632561486267,0.013326593429648063,0.38337572061136044,0.2941874722639918
Bulk 34,0.5457793461218401,0.11994585491975311,0.0,0.03780578753914291,0.29646901141926385
Bulk 35,0.708833497539092,0.037541238510965434,0.0,0.09469507064781837,0.1589301933021243
Bulk 36,0.2256217188084376,0.2075822398253084,0.0440967472162989,0.2078548135705824,0.31484448057937275
Bulk 37,0.18513364516575373,0.2190664742068715,0.13100033122543692,0.17103674027902355,0.29376280912291425
Bulk 38,0.3951248600656046,0.06287331994082089,0.0,0.34964923846647306,0.1923525815271014
Bulk 39,0.32810345194721535,0.11503654482643375,0.18718437130660873,0.34944449597341876,0.020231135946323413
Bulk 40,0.34387448379799385,0.0,0.0,0.5903706970039363,0.06575481919806989
Bulk 41,0.47853453357796916,0.0836139533260467,0.0,0.246996899763799,0.19085461333218515
Bulk 42,0.12046686170340265,0.2283539263566882,0.10611491672822204,0.33624392256205393,0.20882037264963318
Bulk 43,0.4042209001697984,0.0,0.11995670007690167,0.47582239975330004,0.0
Bulk 44,0.23107535565329032,0.1198790166422014,0.06276103334712985,0.3584456635335755,0.22783893082380288
Bulk 45,0.7930196388279307,0.05068603648018549,0.0,0.0032685423159941654,0.15302578237588954
Bulk 46,0.40497115891406904,0.15212358795261938,0.04662024041758964,0.2615785553485906,0.13470645736713147
Bulk 47,0.459323245526875,0.16707932418471136,0.05450833687562522,0.14399815913940645,0.17509093427338204
Bulk 48,0.2942323661296546,0.17056605545494724,0.15613135385160418,0.20441587786770174,0.17465434669609226
Bulk 49,0.12812349481815088,0.19428093017272385,0.03603323167274998,0.3220442445141907,0.31951809882218446
Bulk 50,0.24754885311971003,0.06795899816433716,0.08100590639642657,0.38559157127804233,0.21789467104148397
Bulk 51,0.6259311111347967,0.03289932199761714,0.0,0.15206493488907966,0.1891046319785065
Bulk 52,0.08747111759058368,0.2180536792541599,0.09011608965519842,0.3536177593911208,0.2507413541089373
Bulk 53,0.28607895102757125,0.1632434444397506,0.0,0.27658665289800005,0.2740909516346781
Bulk 54,0.27373944501991704,0.0,0.33601280280105644,0.39024775217902663,0.0
Bulk 55,0.37286057223339325,0.134860294774691,0.0,0.1984060259444157,0.2938731070475
Bulk 56,0.31447081126493404,0.17443387927907963,0.0,0.18777315761261013,0.3233221518433762
Bulk 57,0.3878721514107077,0.11699846573967827,0.09758262528122555,0.18144594320444837,0.21610081436394013
Bulk 58,0.8319024194846436,0.0,0.0,0.0,0.1680975805153564
Bulk 59,0.17548153772553235,0.17385558615879984,0.06112494096733807,0.32086347626148676,0.26867445888684305
Bulk 60,0.16136518901362645,0.2691885375273122,0.0,0.27791891777249267,0.2915273556865687
Bulk 61,0.2646801176207844,0.17464936416679766,0.0,0.3149831831376726,0.24568733507474533
Bulk 62,0.3041496841947841,0.20597270756003766,0.0,0.18127321373450359,0.30860439451067473
Bulk 63,0.4656352034313571,0.1781284938301709,0.02300509489059568,0.13505779273050034,0.19817341511737607
Bulk 64,0.21272962955198388,0.11938220902145523,0.15724315177152012,0.3846408539775355,0.12600415567750523
Bulk 65,0.29471781754385307,0.2452001239016985,0.060142327954688934,0.12416165807504477,0.2757780725247147
Bulk 66,0.1444266956462395,0.22717347089275491,0.1269370168343709,0.2601436549619558,0.24131916166467904
Bulk 67,0.5042984427095798,0.0,0.014913450897976558,0.2542861125113466,0.22650199388109704
Bulk 68,0.26257925944594623,0.18290298234721983,0.0,0.26691397788049964,0.2876037803263344
Bulk 69,0.33590171803882535,0.10590205614738021,0.0,0.41419585124878233,0.1440003745650121
Bulk 70,0.09094527167813499,0.08207682384144455,0.11796307368414097,0.3714805770544145,0.3375342537418649
Bulk 71,0.14022174423789754,0.23120758812388442,0.0039502858395403595,0.35192811048384065,0.27269227131483703
Bulk 72,0.11340682307844566,0.09185198111120521,0.06822586636095118,0.46706581711800105,0.2594495123313968
Bulk 73,0.38503706634168716,0.10000703985595741,0.0,0.3093391824805374,0.20561671132181797
Bulk 74,0.12376730350547933,0.1732671062988685,0.24426908976346667,0.28257081697111186,0.17612568346107377
Bulk 75,0.45205028726906465,0.17354400401557935,0.01448016998337385,0.18674130129506208,0.17318423743691996
Bulk 76,0.0564272195256905,0.2036572543118607,0.10225791212706678,0.5043927034904583,0.13326491054492373
Bulk 77,0.0632424414504957,0.1577060557404782,0.2748846321659397,0.3672213756619054,0.13694549498118103
Bulk 78,0.3063088937241024,0.11620488044655572,0.07861657291994094,0.3158115829786035,0.1830580699307973
Bulk 79,0.4591458042749978,0.0,0.1548575706249965,0.2624348743335013,0.12356175076650441
Bulk 80,0.1573053951624789,0.2413818444738559,0.06201545678719299,0.26809849165975763,0.2711988119167148
Bulk 81,0.3052370393116495,0.08632224017068574,0.1841419013171192,0.22697166869131633,0.19732715050922928
Bulk 82,0.756282978753875,0.06347247829396427,0.0,0.07829225380155992,0.10195228915060088
Bulk 83,0.2912250606639565,0.10601818015481355,0.0,0.3269919580119052,0.2757648011693247
Bulk 84,0.0743329473884699,0.13928976964524545,0.07274898355597638,0.46767959792439384,0.2459487014859144
Bulk 85,0.0,0.24662583882019784,0.07909796333057634,0.340245799784701,0.33403039806452484
Bulk 86,0.10090650574166374,0.1693952484537167,0.0,0.4613670196731615,0.268331226131458
Bulk 87,0.6084513512984213,0.0,0.0,0.17046316686356933,0.22108548183800938
Bulk 88,0.13384151112130527,0.20566052245618938,0.06657899307841715,0.3305798879861151,0.2633390853579731
Bulk 89,0.348871739569939,0.0843625422034217,0.0,0.36493173059713524,0.2018339876295041
Bulk 90,0.23628976804140875,0.10719285534569553,0.10084020651216073,0.4278680122414657,0.12780915785926936
Bulk 91,0.3570557226292639,0.15186714732544584,0.0,0.17839962240776305,0.3126775076375273
Bulk 92,0.5326365850789451,0.07774005693154805,0.0,0.254682025551695,0.13494133243781212
Bulk 93,0.14027762609494032,0.06634607984406746,0.2709369340485792,0.3805196856131108,0.14191967439930223
Bulk 94,0.1472191026725079,0.1735143883544445,0.07445240774332808,0.3528133896849627,0.25200071154475684
Bulk 95,0.30566277445232115,0.19972357678331598,0.0,0.40922933849081383,0.0853843102735491
Bulk 96,0.5428429413886613,0.08210507224071233,0.18859935294349886,0.05372386276310459,0.13272877066402294
Bulk 97,0.34359019552909825,0.18163019329107133,0.1252412612125811,0.10934398813730514,0.24019436182994422
Bulk 98,0.16096571854927202,0.08809792191920576,0.2557581302694205,0.4067723981699789,0.08840583109212273
Bulk 99,0.2983621974212832,0.10675542309892522,0.12428775420828499,0.3131967404811549,0.1573978847903516
Bulk 100,0.26938191717550347,0.1073842915908638,0.0,0.4145478397392972,0.20868595149433572
Bulk 101,0.4316748481526145,0.062352475293571435,0.18583948176994575,0.10500760329047507,0.21512559149339328
Bulk 102,0.05926225284315634,0.16778025133197688,0.12427509417391831,0.4383984095328883,0.21028399211806034
Bulk 103,0.17605292784199175,0.15950442442764182,0.08465407324800961,0.37025721455503946,0.20953135992731747
Bulk 104,0.33832761554243845,0.14498592348343395,0.0,0.31392734372038306,0.20275911725374457
Bulk 105,0.4196134060198018,0.16030959349425158,0.0,0.31870233043248947,0.101374670053457
Bulk 106,0.7557605016222708,0.040028996383832706,0.0,0.07898697835712461,0.12522352363677197
Bulk 107,0.4886859021460832,0.09501501042412344,0.0,0.20521433525043054,0.21108475217936284
Bulk 108,0.06284450769280876,0.1975061096719322,0.09599814960385165,0.32479695145749576,0.31885428157391155
Bulk 109,0.2523784992112215,0.19930762868989513,0.0028495965831720903,0.38573564349973133,0.15972863201598003
Bulk 110,0.7728570707633742,0.01473970764929393,0.15369621066025485,0.058707010927076995,0.0
Bulk 111,0.356405759465034,0.10091528690497917,0.4564505259814979,0.02504096247413239,0.06118746517435658
Bulk 112,0.7103027182765596,0.0,0.0,0.013344347503729537,0.2763529342197109
Bulk 113,0.19579569527978288,0.13168842931852454,0.2150952236824787,0.23983801389697712,0.21758263782223686
Bulk 114,0.22318799218492752,0.1919115024166829,0.1448716436076091,0.19440101206519242,0.24562784972558804
Bulk 115,0.5196190586402417,0.1313048523150384,0.0,0.1538044224554746,0.1952716665892453
Bulk 116,0.36639687368906504,0.16551413208214277,0.0,0.19387774606447486,0.27421124816431725
Bulk 117,0.047106208643172116,0.2653263301240243,0.08670388055962666,0.3683683030988112,0.23249527757436575
Bulk 118,0.46261852160038663,0.0,0.0,0.45351543148281515,0.08386604691679835
Bulk 119,0.3568598142159501,0.10102150287195373,0.15799854393508853,0.3528538176426637,0.0312663213343439
Bulk 120,0.32746918254653895,0.1698836552906812,0.0,0.22540971482801433,0.2772374473347655
Bulk 121,0.2411062622881417,0.16918458761577976,0.0,0.40091301930709294,0.1887961307889856
Bulk 122,0.6605861851408666,0.04762702557348201,0.0,0.1763008775962509,0.11548591168940035
Bulk 123,0.3557274834739928,0.18036834077539995,0.0,0.16487842053539425,0.299025755215213
Bulk 124,0.46633145207558285,0.0,0.0,0.2986783178951728,0.23499023002924438
Bulk 125,0.3742312764740973,0.16305833821762952,0.09466063288036337,0.09809794695077219,0.26995180547713743
Bulk 126,0.4536152094230235,0.0,0.02303233970773041,0.4530005268770647,0.0703519239921813
Bulk 127,0.1490356278889938,0.23042831390397014,0.07866527463441322,0.19102236583063603,0.35084841774198683
Bulk 128,0.39114487220479266,0.10313023990927773,0.21940456941827785,0.02765861496485133,0.2586617035028003
Bulk 129,0.4400907836152464,0.09303336615506928,0.0,0.17275024968360173,0.29412560054608267
Bulk 130,0.5883933179333495,0.1463037018907142,0.0,0.019858278895389325,0.245444701280547
Bulk 131,0.5820906239710724,0.006431143941768562,0.0,0.09424811688894462,0.3172301151982145
Bulk 132,0.4899269769003338,0.07962277594850321,0.2626876660980913,0.0,0.16776258105307176
Bulk 133,0.7681813290402957,0.0,0.17186968667106145,0.0,0.0599489842886429
Bulk 134,0.24031110307900166,0.08209219164395666,0.3247130626043585,0.23076637290410484,0.12211726976857828
Bulk 135,0.02208911268598587,0.23647465908912726,0.1608041031996449,0.307690580082748,0.27294154494249406
Bulk 136,0.5029584179924508,0.15075696212845224,0.05222293769387375,0.09388733168591737,0.20017435049930593
Bulk 137,0.4135761035406197,0.0821719582353411,0.12275776645340762,0.16841138884359877,0.21308278292703278
Bulk 138,0.31435810639888156,0.12467052828366261,0.06703405808749105,0.2342244103527578,0.259712896877207
Bulk 139,0.6714181418574752,0.06422020399780176,0.0,0.0,0.264361654144723
Bulk 140,0.5457590621217165,0.0,0.0,0.2126673098758304,0.24157362800245297
Bulk 141,0.38614882459819144,0.0,0.043970914893845844,0.4228454419451958,0.14703481856276693
Bulk 142,0.7599782606115352,0.0,0.0,0.0,0.24002173938846483
Bulk 143,0.2810536570621865,0.15579115151895942,0.23207515483996366,0.1605059532317578,0.1705740833471326
Bulk 144,0.21342647400235007,0.21955167036582995,0.049454702492110404,0.1197176774290416,0.39784947571066803
Bulk 145,0.3840888161869223,0.1614923303979349,0.0,0.23157275998315935,0.2228460934319834
Bulk 146,0.3605463548252059,0.0,0.22192564654416702,0.16079243819449748,0.2567355604361296
Bulk 147,0.07308991966804994,0.28527328431843246,0.0793302320687309,0.27872999547196103,0.28357656847282575
Bulk 148,0.37267008388909895,0.1069217404866108,0.11971000666401307,0.2196135081113322,0.18108466084894492
Bulk 149,0.33962892196371525,0.15978241992255518,0.0,0.368775118523399,0.1318135395903306
Bulk 150,0.13757603825966286,0.11917573775692517,0.18051902254438226,0.3392936637565696,0.22343553768246016
Bulk 151,0.44515853394189997,0.08457307064720179,0.04688969567901799,0.22073694729717216,0.20264175243470822
Bulk 152,0.46850836105984217,0.16067542250612246,0.025342153623040698,0.06342261981342366,0.28205144299757096
Bulk 153,0.513498011271509,0.0,0.2749629124009549,0.20985453741339552,0.0016845389141406089
Bulk 154,0.364678469271716,0.1520789281279079,0.0,0.224795015478026,0.2584475871223502
Bulk 155,0.16470382188826516,0.1567044433130154,0.11300331873614756,0.28848610826002385,0.277102307802548
Bulk 156,0.48102678574293833,0.136275466406427,0.0,0.07535453681267751,0.3073432110379571
Bulk 157,0.20103513080119195,0.15204917008030128,0.0010638043687479187,0.47547324838344557,0.17037864636631328
Bulk 158,0.3135162078739668,0.10138649436510887,0.0,0.404288268366649,0.1808090293942753
Bulk 159,0.3214785475347775,0.16524686895126478,0.0956409123037988,0.16626277305687165,0.2513708981532875
Bulk 160,0.18583122546069275,0.18703430719949793,0.07505120614492129,0.35049144572874297,0.20159181546614505
Bulk 161,0.41863929275923684,0.15419596892684803,0.06385392502319683,0.04040040708680916,0.32291040620390915
Bulk 162,0.372966087966257,0.13434113202731657,0.0,0.2480791498665993,0.24461363013982718
Bulk 163,0.29297657546479206,0.11271314996388464,0.04122587220844178,0.3524535473390045,0.200630855023877
Bulk 164,0.13744282989494322,0.28181268280811894,0.0559152402938097,0.14835881562851685,0.37647043137461134
Bulk 165,0.5605704590818901,0.0,0.07015454636950615,0.3692749945486039,0.0
Bulk 166,0.6216140478184077,0.07887749870960642,0.0,0.1333035755639389,0.16620487790804697
Bulk 167,0.48845648018979837,0.05759733849450799,0.08674039609776266,0.23794162498149712,0.12926416023643375
Bulk 168,0.13073549085033614,0.05597484602036784,0.29677532150751623,0.3311405066245333,0.18537383499724652
Bulk 169,0.4885479993863922,0.1294411614096032,0.0,0.11152390237771119,0.27048693682629327
Bulk 170,0.18814739577799833,0.13587333015543082,0.25160411454315296,0.21339143463297602,0.210983724890442
Bulk 171,0.057415401136906755,0.14854233038862844,0.16900043859651812,0.3107708182351159,0.3142710116428308
Bulk 172,0.03346550681461397,0.26870493377662347,0.07507577147740091,0.3563199466781722,0.2664338412531895
Bulk 173,0.49473612799532785,0.20443307812534706,0.0,0.055289206522260326,0.24554158735706472
Bulk 174,0.4032681069483566,0.12331970704419683,0.09398335881544892,0.3506236924855057,0.028805134706491983
Bulk 175,0.6441829705656413,0.0,0.0,0.1864372580350722,0.16937977139928662
Bulk 176,0.031054777981692247,0.22777070621784593,0.023021000446612986,0.4030502620757567,0.31510325327809213
Bulk 177,0.0,0.16330038284069423,0.2406115192643717,0.41929038845946115,0.17679770943547293
Bulk 178,0.634383314597994,0.04545542946166335,0.0,0.08985474977200061,0.2303065061683419
Bulk 179,0.1577040935460668,0.23924933289703085,0.021487336083082915,0.3163926081478133,0.26516662932600615
Bulk 180,0.3069168780136795,0.027613495140178856,0.07475884875449568,0.3961989759293801,0.19451180216226596
Bulk 181,0.5862837285347041,0.08127619698123649,0.029687117262264886,0.010991585536425525,0.29176137168536914
Bulk 182,0.18010838538818097,0.1430533571385269,0.03304117191970995,0.4001722096213355,0.24362487593224674
Bulk 183,0.38345430510964695,0.1235232008848429,0.0,0.3104150282308492,0.18260746577466092
Bulk 184,0.13569150634026944,0.1915943835617795,0.20541364769347423,0.2607889119817605,0.20651155042271635
Bulk 185,0.5822114656680476,0.0,0.0,0.36003604346928675,0.05775249086266572
Bulk 186,0.2914126343920413,0.048981447157749936,0.2610886355954258,0.3364662508349511,0.06205103201983185
Bulk 187,0.37973220695855664,0.16024264470310398,0.0,0.18421283428818389,0.2758123140501556
Bulk 188,0.2056432448015784,0.1636789018791975,0.037079226663379865,0.3732880123077658,0.22031061434807844
Bulk 189,0.42929874023060777,0.051678267103272175,0.0861975459918223,0.35409811471941294,0.07872733195488471
Bulk 190,0.32402460851243237,0.1969402716402606,0.0,0.16214951402894523,0.3168856058183617
Bulk 191,0.33797934615665004,0.2374567686078337,0.10634974250413227,0.17930087915214774,0.13891326357923636
Bulk 192,0.7979541091683492,0.029167678697147613,0.0,0.0,0.17287821213450325
Bulk 193,0.7082087348428533,0.04392689668816136,0.0,0.0,0.24786436846898532
Bulk 194,0.4816009845862027,0.13172267317870712,0.0705250636407157,0.1069904734806388,0.20916080511373578
Bulk 195,0.37231175069060435,0.09766279182159651,0.0,0.2956384072264806,0.23438705026131856
Bulk 196,0.6285365126941113,0.05526004166342322,0.0,0.09933765737893961,0.2168657882635259
Bulk 197,0.3194927703008633,0.21358995365094166,0.005567865697501457,0.27854188689364756,0.18280752345704626
Bulk 198,0.700044716059171,0.0,0.14952397938190287,0.0,0.15043130455892614
Bulk 199,0.3950162022784576,0.1775227463040759,0.0,0.1572528193746824,0.27020823204278394
Bulk 200,0.1755486007602274,0.11798969384760198,0.1680236718468605,0.43375560928410223,0.10468242426120795
Bulk 201,0.2994310913534904,0.0684499355359737,0.12374094964179584,0.315284150010352,0.1930938734583879
Bulk 202,0.32343601967466734,0.171239746978948,0.0,0.21538863025374191,0.2899356030926429
Bulk 203,0.871569661915593,0.0,0.0,0.05270029232038075,0.07573004576402625
Bulk 204,0.6354282741807584,0.11585245020965879,0.0,0.0,0.24871927560958282
Bulk 205,0.7485173358113849,0.0,0.03807629018619209,0.0,0.213406374002423
Bulk 206,0.4717946927131948,0.10250474848967288,0.2183437322865319,0.0,0.2073568265106004
Bulk 207,0.3309883111700775,0.16635342832701158,0.012659418544683618,0.2186449408950081,0.2713539010632191
Bulk 208,0.15944628422435356,0.14157568000671605,0.05122362305221059,0.33671816367716256,0.31103624903955723
Bulk 209,0.8386062701453633,0.0,0.0,0.0,0.16139372985463682
Bulk 210,0.3201477973218541,0.17510346479618089,0.0,0.24944566648025926,0.2553030714017058
Bulk 211,0.0,0.2141988404894476,0.09217977612362728,0.3105537075978071,0.38306767578911805
Bulk 212,0.6196579706545609,0.11817322087953729,0.0,0.0,0.26216880846590185
Bulk 213,0.31958292088003326,0.2003238605108825,0.0,0.2573393594763427,0.22275385913274148
Bulk 214,0.675646469879601,0.07347750336820544,0.00427423703030949,0.16384333646282556,0.08275845325905853
Bulk 215,0.16646183150917054,0.16365959715121078,0.20600833540836813,0.27694673213417353,0.18692350379707703
Bulk 216,0.3187877181405601,0.16870596536099663,0.0,0.2228194184131632,0.2896868980852801
Bulk 217,0.4745070440611664,0.11191045406011084,0.0,0.2487243266624533,0.16485817521626941
Bulk 218,0.22207737595439614,0.19104835790837393,0.09524656509362586,0.2749685784770731,0.21665912256653092
Bulk 219,0.4418320357112472,0.1320771572094663,0.0,0.20260141598068576,0.22348939109860075
Bulk 220,0.34803473111013555,0.14802503137881418,0.05100684637441524,0.21005620463042793,0.24287718650620713
Bulk 221,0.1485296672224331,0.24699912371185556,0.0035966102503593614,0.25039492312159617,0.35047967569375593
Bulk 222,0.1271745969599972,0.12436289995907497,0.17776662783159422,0.2506965844631549,0.3199992907861788
Bulk 223,0.4430826120875717,0.16254093488119192,0.0,0.2729250983715461,0.12145135465969024
Bulk 224,0.34964094385403727,0.12202670326556436,0.04387011261197455,0.2653110868043308,0.219151153464093
Bulk 225,0.6707434230670942,0.11213249434450927,0.0,0.010007749734581291,0.20711633285381525
Bulk 226,0.16875547096230056,0.11278497893302866,0.24925108109385677,0.38705094732571926,0.08215752168509473
Bulk 227,0.05366585564126179,0.31258193851602484,0.04626093693981408,0.22907823758368276,0.35841303131921654
Bulk 228,0.3849162140047351,0.11368021289118822,0.052650213265045265,0.23106996693542697,0.21768339290360442
Bulk 229,0.29501128250988884,0.25119054143971825,0.0,0.2085204928886199,0.24527768316177304
Bulk 230,0.41255644805800995,0.0,0.18256980128953842,0.40487375065245157,0.0
Bulk 231,0.4180329587777841,0.17158454849230032,0.0,0.20439542554885543,0.20598706718106016
Bulk 232,0.15655887458860315,0.1139924904629669,0.02616715607095906,0.5237595300334474,0.17952194884402348
Bulk 233,0.2895027470656477,0.16356642571281055,0.0,0.34691949587993554,0.20001133134160615
Bulk 234,0.3696916002670688,0.1994659739638593,0.0,0.07828985146656084,0.35255257430251097
Bulk 235,0.4919563821247756,0.03802198689253346,0.0,0.20188773900671994,0.2681338919759711
Bulk 236,0.04428403832614429,0.20425773425853927,0.12005234897910334,0.3972071785036522,0.23419869993256087
Bulk 237,0.4780521129624589,0.1272534542003808,0.0,0.1742411433104062,0.22045328952675408
Bulk 238,0.6483798315041999,0.0,0.0,0.18343918629898975,0.16818098219681024
Bulk 239,0.14072498613721265,0.195238517333167,0.1852635665426039,0.27841184682327985,0.2003610831637365
Bulk 240,0.4188230572844478,0.16557165853848554,0.0,0.20428356888455412,0.2113217152925125
Bulk 241,0.2520395027664692,0.08446699804851353,0.05182942499143407,0.34279597340959617,0.26886810078398715
Bulk 242,0.5850636848525268,0.08374596339679843,0.15674151980439793,0.09219620811955859,0.08225262382671827
Bulk 243,0.4421612912562378,0.17346322157533228,0.0,0.03012845547514861,0.35424703169328126
Bulk 244,0.5859182373397722,0.14536327589311002,0.0,0.08108068026156855,0.18763780650554923
Bulk 245,0.43128822565011327,0.1120918625295415,0.20704223819935377,0.16521899678103552,0.08435867683995595
Bulk 246,0.258088305812074,0.2631993344644196,0.13169300700338304,0.16907798043088465,0.17794137228923876
Bulk 247,0.24073010570378117,0.22564633969983808,0.19156649527213165,0.17130055672123973,0.17075650260300945
Bulk 248,0.28404519241436643,0.23590627144941295,0.10283084585068115,0.22335967921590663,0.15385801106963284
Bulk 249,0.6922068687584496,0.049876410796422604,0.0,0.0,0.2579167204451278
Bulk 250,0.7100091402883693,0.053354898552372194,0.0,0.0,0.23663596115925845
Bulk 251,0.06831784745806019,0.261881061845417,0.05408476828215868,0.2990117622116617,0.3167045602027023
Bulk 252,0.26832940270609035,0.14535124600862498,0.0,0.25145367222081194,0.3348656790644728
Bulk 253,0.3777384551074898,0.18827235874003106,0.037225054397912835,0.082885265078534,0.31387886667603226
Bulk 254,0.3707879203267268,0.1502689728643494,0.06089792850824102,0.21899087791603566,0.19905430038464728
Bulk 255,0.3771653028580118,0.17906538901160765,0.07549761908889176,0.14972425990609478,0.21854742913539413
Bulk 256,0.27538585025905027,0.18391190327794163,0.0486602122559479,0.3657531238539837,0.1262889103530764
Bulk 257,0.10779443337061195,0.40004055664566274,0.046686793300308504,0.23495347258898663,0.21052474409443023
Bulk 258,0.39545468051449745,0.23168477197968754,0.0,0.11413896395766426,0.25872158354815067
Bulk 259,0.6132299963651214,0.1326991006350091,0.0,0.0,0.25407090299986945
Bulk 260,0.0,0.17273565626149667,0.09855133197675639,0.491050228361459,0.237662783400288
Bulk 261,0.21050700217804993,0.2155342815484533,0.1341906772976647,0.319743723533389,0.12002431544244299
Bulk 262,0.22741926640880833,0.3114784425404381,0.0,0.11591376502161128,0.34518852602914235
Bulk 263,0.24908850216379588,0.10474104803845281,0.17551055569227297,0.3717382497744099,0.0989216443310685
Bulk 264,0.11188199533840039,0.21663297818130242,0.0,0.3569344509663176,0.3145505755139795
Bulk 265,0.19302321202103365,0.12395403000895555,0.24283269382311212,0.3881283648725563,0.0520616992743424
Bulk 266,0.5582096463547603,0.12336937076594143,0.05578642372236095,0.11718983763475953,0.14544472152217772
Bulk 267,0.16820838690481413,0.1806745694385647,0.06298913497796418,0.31764790881796295,0.2704799998606941
Bulk 268,0.5255352318872033,0.12133178816142293,0.0,0.15154446355880175,0.20158851639257197
Bulk 269,0.23600471889122882,0.18841889828868405,0.1164027792896189,0.1857244815170232,0.27344912201344507
Bulk 270,0.4030644120421649,0.08177818686274207,0.14165323897943197,0.23660194571178525,0.1369022164038758
Bulk 271,0.0006431094730858342,0.20284750534059773,0.08450073857404115,0.32576860651513595,0.38624004009713925
Bulk 272,0.4065294101603551,0.20229914196123125,0.08718134773498311,0.19703422707576593,0.10695587306766449
Bulk 273,0.3099497822033709,0.17945084252461269,0.17654905094850717,0.31463376724716297,0.019416557076346253
Bulk 274,0.3373973195514339,0.0959585903241997,0.0,0.4017643903448922,0.16487969977947411
Bulk 275,0.15866739896314977,0.06097960216506747,0.18880165836267832,0.4175234036695603,0.1740279368395442
Bulk 276,0.26015331999083946,0.20023893735756754,0.01124109028249397,0.3091412530755952,0.21922539929350382
Bulk 277,0.7937928956779936,0.01899184965757219,0.0,0.0,0.1872152546644342
Bulk 278,0.2530468817691784,0.17850285612854677,0.017719101633105885,0.374335281691842,0.17639587877732704
Bulk 279,0.15654747719654627,0.1387205229507175,0.23688521325878925,0.32193701394158647,0.14590977265236055
Bulk 280,0.42902661956097743,0.0687482199789244,0.09241306919327838,0.16192708396409589,0.24788500730272378
Bulk 281,0.7462976360170962,0.02295948800259898,0.12082055591532151,0.0,0.1099223200649832
Bulk 282,0.609848617467343,0.10868240735674442,0.0,0.11502897331794183,0.1664400018579708
Bulk 283,0.4397083396546626,0.13666599842283983,0.04910995505876056,0.06179945127695318,0.31271625558678373
Bulk 284,0.6144166696394698,0.11900765075272861,0.006173817049374926,0.1486046580395713,0.11179720451885537
Bulk 285,0.47107956872039297,0.01824095260913403,0.125574705751648,0.0,0.3851047729188249
Bulk 286,0.20774538540962206,0.13149576343724345,0.2536763054134801,0.3471223347732376,0.05996021096641687
Bulk 287,0.0927878486503526,0.08104764290912345,0.17481063654940096,0.4248882175145668,0.22646565437655627
Bulk 288,0.23300111830084308,0.1734520783806414,0.18298441578705868,0.28763224899620193,0.12293013853525478
Bulk 289,0.7365941894851624,0.021757346570623535,0.0,0.01571451413122524,0.22593394981298867
Bulk 290,0.2723859046467487,0.24645808790852847,0.0,0.15946800594789348,0.3216880014968294
Bulk 291,0.7850401059574735,0.0,0.0,0.0,0.21495989404252647
Bulk 292,0.4537669692016027,0.2041296445047848,0.0,0.07768677744618604,0.2644166088474263
Bulk 293,0.2150645960593076,0.16761562951320225,0.2099661298047858,0.256176177142704,0.15117746748000035
Bulk 294,0.6021740529046096,0.06976502290728147,0.10828885891395526,0.0,0.21977206527415366
Bulk 295,0.24264286480706546,0.23774386370054554,0.14746227600489384,0.11282870994400224,0.259322285543493
Bulk 296,0.9302065830613506,0.0,0.0,0.0,0.06979341693864942
Bulk 297,0.7658980147095115,0.05291983805317868,0.0,0.0,0.1811821472373098
Bulk 298,0.24192730368839166,0.22676662219781904,0.027957786441857632,0.2481289658458338,0.25521932182609797
Bulk 299,0.46020423049977277,0.21758535359889594,0.0,0.0,0.32221041590133126
Bulk 300,0.014553938063848743,0.20325228636642287,0.19932159759711066,0.3496460995220181,0.23322607845059964
Bulk 301,0.10795236806041042,0.25123305550780256,0.02431484717544742,0.3130408065006667,0.3034589227556729
Bulk 302,0.08485895970894129,0.19398094031356874,0.0423383676215145,0.41605451799147525,0.2627672143645003
Bulk 303,0.2940121868027801,0.17054664000969585,0.0914633500426086,0.21087278836890183,0.2331050347760137
Bulk 304,0.2283909906765535,0.2751625283516398,0.0,0.18369788693929096,0.31274859403251587
Bulk 305,0.5447865086082733,0.12712135449795897,0.0,0.028131910423227036,0.29996022647054066
Bulk 306,0.4699675848541125,0.2040586173407074,0.0,0.0,0.32597379780518004
Bulk 307,0.6114551111797728,0.0,0.1648850443343589,0.0,0.2236598444858681
Bulk 308,0.45021757224187997,0.09101925767810509,0.06737644056304186,0.16908375340406415,0.22230297611290897
Bulk 309,0.41754828748600076,0.15189333043275635,0.0,0.07490693041080085,0.35565145167044204
Bulk 310,0.28691026268353104,0.20175452093068622,0.09696500734480809,0.2519782426562325,0.16239196638474226
Bulk 311,0.22131995917695538,0.2597258076697521,0.1382274396405869,0.06796650305865855,0.3127602904540469
Bulk 312,0.47281919904317504,0.07530260927369152,0.1465286166411686,0.1512330758786652,0.15411649916329964
Bulk 313,0.28582329952554136,0.12136693671526556,0.16810220820785415,0.2806098034139795,0.14409775213735934
Bulk 314,0.5518940142081153,0.1515031509269943,0.0,0.0,0.29660283486489036
Bulk 315,0.37155147864521804,0.1803943476248169,0.09032872357777494,0.10840477491648848,0.24932067523570145
Bulk 316,0.3867382435345312,0.178377294654471,0.0,0.17093346722981373,0.2639509945811841
Bulk 317,0.14212476919888445,0.27837887076109374,0.1135354165049227,0.25319283265767656,0.21276811087742253
Bulk 318,0.2988188760558612,0.19117825931389457,0.0,0.3024694934150729,0.20753337121517126
Bulk 319,0.19950717288904377,0.22791526498645165,0.0152769911151384,0.30486994535432566,0.2524306256550403
Bulk 320,0.43981914670965316,0.22471742929725513,0.0,0.0,0.3354634239930916
Bulk 321,0.2207175149084015,0.2156948101186533,0.1013729968808563,0.15632529696241507,0.30588938112967384
Bulk 322,0.32279626558719,0.11857647365860494,0.0,0.31474107593824197,0.2438861848159631
Bulk 323,0.25482342660362445,0.20440543135926306,0.27311247758290663,0.057563199280600316,0.2100954651736054
Bulk 324,0.6490748605598923,0.0,0.1180824738671225,0.0,0.23284266557298527
Bulk 325,0.3384929900170922,0.15305332037091446,0.21718966324076333,0.16790062199069247,0.12336340438053764
Bulk 326,0.1092068452087665,0.11897214675048105,0.3524566450644491,0.36718469235645324,0.0521796706198501
Bulk 327,0.2801025101597035,0.23012009945868359,0.049923768283913476,0.17887637813275026,0.26097724396494926
Bulk 328,0.1341513008646955,0.22110688943826268,0.12594005400562314,0.25039908641177233,0.2684026692796464
Bulk 329,0.6680378117943275,0.06219846268521934,0.0,0.0,0.2697637255204531
Bulk 330,0.4698974974797935,0.21260933640170826,0.0,0.09971539160981768,0.21777777450868058
Bulk 331,0.3158935208308201,0.14392894527490813,0.15070149972337968,0.16809443023698584,0.22138160393390613
Bulk 332,0.49345841185887557,0.18095154127285926,0.0,0.11833118031676257,0.20725886655150255
Bulk 333,0.5590110375855354,0.15703319086919135,0.0,0.0,0.28395577154527335
Bulk 334,0.005352878384111365,0.17258368566466245,0.03318779650300954,0.6242699043299345,0.1646057351182821
Bulk 335,0.43025927899869226,0.11152486910499662,0.19270279555710204,0.14684707958107676,0.11866597675813216
Bulk 336,0.11550062255728642,0.2137645584222372,0.26735500333324425,0.20718143357856997,0.1961983821086621
Bulk 337,0.14683757032461095,0.1628756528333656,0.06681868059595884,0.4799433788130167,0.143524717433048
Bulk 338,0.19146114792552857,0.24810368127770777,0.10287869152887318,0.16799886753955137,0.28955761172833916
Bulk 339,0.6983151912470834,0.062419683653541044,0.044282550819284935,0.16140294905356553,0.03357962522652511
Bulk 340,0.0,0.23745383652117621,0.20713662686632706,0.2990482367652123,0.25636129984728445
Bulk 341,0.16441931442005497,0.26339116722464656,0.16059338071254586,0.1872298538175064,0.22436628382524615
Bulk 342,0.017554580089836392,0.20592007973634877,0.09730886162129798,0.44457111538866867,0.2346453631638482
Bulk 343,0.4921318845722639,0.1456584677519565,0.0,0.03906776490985216,0.3231418827659273
Bulk 344,0.641458023441828,0.07483624656989382,0.0,0.0,0.2837057299882781
Bulk 345,0.5790727643583063,0.12329546638272047,0.11531591284999256,0.042821392857438606,0.13949446355154196
Bulk 346,0.23690659308206322,0.2130527730613035,0.09284563389998923,0.16464419365786417,0.29255080629877994
Bulk 347,0.4341892379799201,0.21611862041033694,0.0,0.08589678812307337,0.26379535348666966
Bulk 348,0.832929908633201,0.008788313546423464,0.0,0.0,0.15828177782037559
Bulk 349,0.4539081499283127,0.15747193793969158,0.09394301811706371,0.06755249183937176,0.22712440217556037
Bulk 350,0.3924796871755914,0.07751356705928553,0.08960102584717189,0.0543668311065737,0.38603888881137755
Bulk 351,0.6561294400942539,0.01970680849239303,0.22595095837314405,0.0,0.09821279304020912
Bulk 352,0.0,0.27196386753646584,0.07092672879525153,0.3537303189170121,0.30337908475127057
Bulk 353,0.3231899928767242,0.22417495696899284,0.0,0.18940656185511165,0.2632284882991713
Bulk 354,0.6073886661939053,0.14327568166901444,0.0,0.08478940007464009,0.1645462520624402
Bulk 355,0.15831491566072053,0.19581128611463353,0.11667957197107527,0.25839267411727823,0.2708015521362925
Bulk 356,0.3306887335521748,0.23234874752044182,0.0,0.18633560620106948,0.25062691272631377
Bulk 357,0.3541219262956349,0.25342072772479857,0.026724741597099918,0.05189338236299639,0.31383922201947023
Bulk 358,0.49365436437215515,0.10635491600876122,0.05749733620303106,0.20010660372157418,0.1423867796944785
Bulk 359,0.087178665503963,0.24483973289486757,0.12769127987873566,0.24716419901777179,0.29312612270466204
Bulk 360,0.471990414213424,0.0894618302965218,0.0,0.0743734708045995,0.3641742846854546
Bulk 361,0.33078703956818745,0.20851697350772383,0.058288068408081324,0.06042327613204606,0.34198464238396137
Bulk 362,0.11871899548687079,0.24078307776586824,0.04169447712903735,0.2951592469069196,0.30364420271130405
Bulk 363,0.2964593839954671,0.12125852149873373,0.059162987060121096,0.24075143996295265,0.28236766748272546
Bulk 364,0.09117789847726038,0.21241434450739727,0.10042380857165976,0.25388433610149924,0.3420996123421834
Bulk 365,0.4520110446922745,0.1525235896370638,0.0,0.1440083001058277,0.2514570655648341
Bulk 366,0.20254825296476198,0.21182476820071655,0.03923956378776401,0.23983255364025946,0.3065548614064982
Bulk 367,0.3390490266137407,0.126703310319328,0.0,0.30659695306940704,0.2276507099975243
Bulk 368,0.1740564750664778,0.18339102088850548,0.0,0.29309067931584243,0.3494618247291745
Bulk 369,0.17416399412390204,0.2748529442609395,0.0846501209055504,0.21338785576163663,0.2529450849479715
Bulk 370,0.8176704363155539,0.017742956742023024,0.0,0.0,0.16458660694242308
Bulk 371,0.6166420601172219,0.05028632369806742,0.13629392854183867,0.0,0.19677768764287204
Bulk 372,0.23475044814927637,0.23756802515284986,0.01904536474023521,0.1700515493420186,0.3385846126156199
Bulk 373,0.46949202922738326,0.0,0.08961044445067778,0.4408975263219389,0.0
Bulk 374,0.2970501670454638,0.165333599937875,0.0854552227817571,0.2182036744923573,0.23395733574254685
Bulk 375,0.16955434486435386,0.11406482400555677,0.133002894083305,0.36032530910037636,0.22305262794640804
Bulk 376,0.8293209374289336,0.0,0.0,0.17067906257106635,0.0
Bulk 377,0.20425943643513378,0.19684711562301485,0.12968057715351833,0.3014731612342694,0.16773970955406362
Bulk 378,0.15609517277709795,0.2373500001449129,0.06647804621175218,0.14905793300887427,0.39101884785736274
Bulk 379,0.3068838760963578,0.18523944699222553,0.026189286211027715,0.20345877774705687,0.2782286129533321
Bulk 380,0.449216539830921,0.11968461302735657,0.0793647622097807,0.09798954013110733,0.2537445448008344
Bulk 381,0.3122571890177448,0.2300089270719407,0.02096311309617271,0.11862826111778052,0.31814250969636126
Bulk 382,0.4353133867347618,0.11880242697394192,0.0,0.10877260296660249,0.33711158332469376
Bulk 383,0.6901255559238696,0.1129463893931325,0.0,0.09026859105060538,0.10665946363239263
Bulk 384,0.02980521673442396,0.234097502965428,0.15497216687972318,0.27285942957684517,0.30826568384357966
Bulk 385,0.13305690784785923,0.21649110946191275,0.029435610930898196,0.36688218383143084,0.25413418792789905
Bulk 386,0.3268374113769391,0.127542632659534,0.11527486180331467,0.1753933852948512,0.25495170886536117
Bulk 387,0.4341126900527286,0.166737145637955,0.0,0.17215445817444797,0.22699570613486833
Bulk 388,0.41912086960740746,0.23759068977006198,0.0,0.08313232121400888,0.2601561194085216
Bulk 389,0.2191702977588093,0.32472985645063246,0.0,0.11284802121271234,0.34325182457784587
Bulk 390,0.5125207637312448,0.06596561404457635,0.07753183349672998,0.2616517824033711,0.0823300063240776
Bulk 391,0.12692661718432718,0.16765465847157632,0.1489344667060416,0.37713874091332483,0.1793455167247301
Bulk 392,0.080957230478368,0.2244149973465438,0.1015332508790533,0.3243365516463109,0.2687579696497241
Bulk 393,0.11443010755119862,0.2587421804130262,0.04244335910413791,0.25833347314951505,0.3260508797821224
Bulk 394,0.32379190395108215,0.22065517983033575,0.02522754570901583,0.11001411629470625,0.32031125421486
Bulk 395,0.26684687332279816,0.22123299072344016,0.021378594419535317,0.16122765544460424,0.3293138860896221
Bulk 396,0.36322148559313777,0.2489641533282546,0.0,0.12032390940534878,0.2674904516732588
Bulk 397,0.35813007080733245,0.21893427771796692,0.09803617933684104,0.07894163468314395,0.24595783745471553
Bulk 398,0.6514025194708288,0.1414787135851395,0.0,0.0,0.2071187669440317
Bulk 399,0.5630143711254988,0.16488237441452036,0.0,0.0,0.2721032544599809
Bulk 400,0.5622501501182277,0.09735374710462708,0.0,0.12648964660700368,0.21390645617014153
Bulk 401,0.5973990150493954,0.17598795342626286,0.0,0.0,0.22661303152434184
Bulk 402,0.19566661560056095,0.1920562908538298,0.02439320281015487,0.21362725809789335,0.37425663263756104
Bulk 403,0.42623856959565504,0.006185758576370923,0.22376527317047937,0.2820157685950199,0.06179463006247472
Bulk 404,0.46355374715981623,0.14827971290965358,0.17464203000890333,0.0,0.2135245099216267
Bulk 405,0.317611184459002,0.2593968012122678,0.0,0.09956718855532279,0.3234248257734073
Bulk 406,0.441175041366343,0.14886502103087507,0.0,0.23741881243775054,0.17254112516503137
Bulk 407,0.2527133829139745,0.1123562118576387,0.1773165252861377,0.34488312736199006,0.11273075258025905
