,Ast,End,Mic,Neu,Oli
Bulk 0,0.15803794329286214,0.1886708571851741,0.09133747126048945,0.31997349163533856,0.24198023662613577
Bulk 1,0.4294702278643256,0.08480399057396726,0.14562680076099965,0.29585625307366115,0.04424272772704645
Bulk 2,0.16521728508564876,0.17238601941935855,0.15620387089703647,0.34933589709523133,0.15685692750272495
Bulk 3,0.17151164270726194,0.18760757352803306,0.1459558163689408,0.31703012995506386,0.1778948374407004
Bulk 4,0.31867361441012343,0.1523330908722106,0.12863662649644617,0.2384140417518153,0.16194262646940444
Bulk 5,0.04379867140374746,0.15252430932764907,0.1064001928164027,0.4388971648950234,0.25837966155717734
Bulk 6,0.2611187084260894,0.1567721050136474,0.1426855854575028,0.2360052379519273,0.20341836315083303
Bulk 7,0.10322136986423561,0.23001765464328455,0.1635712707037216,0.2634683145482923,0.23972139024046588
Bulk 8,0.21433525235126136,0.07962437837019318,0.0792842148584608,0.4191338125013665,0.2076223419187183
Bulk 9,0.43216185242511157,0.13356988893570587,0.04602707826835337,0.02179872947019787,0.3664424509006313
Bulk 10,0.15953180723323288,0.049681438739924595,0.1742425698218813,0.5060341786591135,0.11051000554584767
Bulk 11,0.019087084098773258,0.26156392914742693,0.11386930262846114,0.26921644307657505,0.33626324104876354
Bulk 12,0.5048123238263488,0.05631401099722587,0.0,0.17256835360198536,0.26630531157444
Bulk 13,0.13132281554807132,0.1748028363489767,0.08668962776220426,0.4590572283488315,0.14812749199191633
Bulk 14,0.6373753092722768,0.036356843977768734,0.01458068486635376,0.16967361477959214,0.14201354710400838
Bulk 15,0.3505767042114962,0.13356034044804665,0.0,0.19071699019465632,0.3251459651458008
Bulk 16,0.16325900255174525,0.24373374186600802,0.04837449178641813,0.23408456920207105,0.3105481945937575
Bulk 17,0.5071870832121541,0.12625353372803738,0.09291203907902841,0.08634271573086422,0.18730462824991584
Bulk 18,0.3288394834320199,0.17488680745384058,0.0,0.19672010961597988,0.29955359949815963
Bulk 19,0.41905628583995397,0.0,0.0,0.514439966088959,0.06650374807108692
Bulk 20,0.20152127964177666,0.1486779101741593,0.05030168955304935,0.4790989520879784,0.12040016854303622
Bulk 21,0.14433465690796768,0.16760098888281283,0.07562021798315603,0.39224012060253227,0.2202040156235312
Bulk 22,0.11855290222252468,0.0,0.15326720586481318,0.6463675542906372,0.08181233762202507
Bulk 23,0.17761540293808067,0.13898401463804969,0.01897026497574627,0.4998556210540308,0.16457469639409247
Bulk 24,0.27387646776976554,0.21884381717230897,0.0,0.27313561171519,0.23414410334273553
Bulk 25,0.1310175587751884,0.15707657138085082,0.035472105937970747,0.4566305292371096,0.21980323466888033
Bulk 26,0.11443673422326843,0.17758006049508399,0.10808059324888282,0.35362038014653174,0.24628223188623322
Bulk 27,0.4086903895713169,0.155373535716683,0.0,0.1745441418535983,0.26139193285840195
Bulk 28,0.4174964469333827,0.1570002054897768,0.0,0.23439717309927455,0.1911061744775659
Bulk 29,0.33138029057886675,0.20614136635595853,0.0,0.18810152493253757,0.2743768181326372
Bulk 30,0.16332779394146546,0.14404674694113717,0.12294736268043054,0.31027076292037714,0.2594073335165898
Bulk 31,0.6783557742282791,0.08437458112385385,0.0,0.07632081615333919,0.1609488284945279
Bulk 32,0.25212721160599866,0.13373202185255254,0.1641079382203522,0.30402600658841505,0.14600682173268142
Bulk 33,0.03527299511363777,0.224306189340396,0.13930312299732162,0.33891112091099923,0.2622065716376454
Bulk 34,0.7993229461502916,0.0,0.0,0.20067705384970835,0.0
Bulk 35,0.5717565541954899,0.12116210648149216,0.0,0.05326678481705883,0.2538145545059592
Bulk 36,0.28690817345553,0.20100200953054734,0.0,0.2153428681166361,0.2967469488972864
Bulk 37,0.6852680016888537,0.0,0.0,0.23079134796234763,0.0839406503487987
Bulk 38,0.2593716017392128,0.24833223641481952,0.041027324015057494,0.16837253718302367,0.28289630064788657
Bulk 39,0.06266477475792441,0.23633954420081332,0.01799859071652947,0.38630058373774456,0.29669650658698815
Bulk 40,0.043369017996174195,0.22248599752136602,0.11584779212526551,0.42246629646627104,0.19583089589092326
Bulk 41,0.6035887519522855,0.05159821677044024,0.0,0.09519611518622943,0.24961691609104483
Bulk 42,0.21137411304228132,0.1616248946511032,0.0878586039674143,0.3107588109528868,0.2283835773863144
Bulk 43,0.49207715578743766,0.0,0.16776957217353347,0.34015327203902884,0.0
Bulk 44,0.32584547811646314,0.09088010051041663,0.0,0.3358436227187688,0.24743079865435147
Bulk 45,0.49818240120435736,0.13331555442986068,0.09075082601017649,0.09809567010100925,0.17965554825459615
Bulk 46,0.1612373681799096,0.1286742099737878,0.35566308346573833,0.2771098027159711,0.07731553566459322
Bulk 47,0.2541833884225691,0.2902267970513526,0.0,0.08796822965461132,0.3676215848714669
Bulk 48,0.2321060749676267,0.0836673955287385,0.34662393613585957,0.2654335630322022,0.072169030335573
Bulk 49,0.025582288297685548,0.18800179312702586,0.03906117091507213,0.43296948129602814,0.31438526636418845
Bulk 50,0.6770195051263833,0.0,0.0,0.18878063782020155,0.13419985705341514
Bulk 51,0.4156177783253165,0.011025576012347075,0.06695112661876983,0.3377679249503948,0.16863759409317186
Bulk 52,0.1689589346407988,0.09001309433397926,0.20928536556210098,0.3179680873230862,0.21377451814003473
Bulk 53,0.2995078647054002,0.07981963043792484,0.10969488160425712,0.39465093614704655,0.1163266871053714
Bulk 54,0.2932656535478881,0.14501171361092532,0.15242875281364518,0.2888332081445531,0.12046067188298823
Bulk 55,0.07253795471258935,0.13925934100404813,0.10769282652672714,0.42878675982174397,0.2517231179348915
Bulk 56,0.09311076682778294,0.23325220285248835,0.085826746430905,0.3651475877392859,0.22266269614953774
Bulk 57,0.3734227665631856,0.1779763419799605,0.07660109682702425,0.12689054454373838,0.2451092500860912
Bulk 58,0.6684297239205181,0.04203441111548795,0.0,0.05797180683439566,0.23156405812959832
Bulk 59,0.2666400358063753,0.21337359053488966,0.10366624211686122,0.22460941896257308,0.19171071257930086
Bulk 60,0.46672895699875766,0.018096043077609314,0.02696899336602447,0.4338669337815998,0.05433907277600903
Bulk 61,0.07093193562840942,0.21967993683746453,0.09758327662468769,0.40423669099811516,0.2075681599113232
Bulk 62,0.26580868831714977,0.17712892373380995,0.0,0.3558103230139851,0.20125206493505515
Bulk 63,0.6639298068239816,0.0,0.11129261711931665,0.22477757605670173,0.0
Bulk 64,0.19280669346394658,0.04210232624311853,0.21407239884271018,0.44238126301830294,0.10863731843192179
Bulk 65,0.25792057770959764,0.20725081541700502,0.0417530477107931,0.2549754994480511,0.23810005971455314
Bulk 66,0.77035499498361,0.013097283111020146,0.0,0.20257153678834222,0.013976185117027555
Bulk 67,0.20891079000778578,0.21710919185852262,0.00537810688399504,0.16817092102990275,0.4004309902197938
Bulk 68,0.35548812435733157,0.08983654588074165,0.018054814759279825,0.34518661478899987,0.19143390021364706
Bulk 69,0.2406187682773857,0.07093848276391262,0.0,0.5762234290363741,0.11221931992232749
Bulk 70,0.07510858765611003,0.14043409949209767,0.06525908390293625,0.4927898273685244,0.22640840158033157
Bulk 71,0.20181007428439038,0.12568039485108123,0.08955236117017802,0.37447475111487105,0.20848241857947936
Bulk 72,0.25102325806196546,0.12432634746579925,0.06679053986838428,0.40418623161986234,0.15367362298398865
Bulk 73,0.06711326771652294,0.2085760281501959,0.14556784839338271,0.3280795289608711,0.25066332677902725
Bulk 74,0.08126883182632137,0.19908341916248806,0.2575416642687018,0.3116289974453852,0.15047708729710368
Bulk 75,0.5698879679449921,0.11246647467533277,0.0,0.06471553450676187,0.2529300228729132
Bulk 76,0.002293575721429037,0.2460415847050672,0.11215407494771669,0.2948971684984795,0.3446135961273077
Bulk 77,0.5658316089785694,0.08080643997837052,0.0,0.1937397833829549,0.15962216766010517
Bulk 78,0.3213833035610276,0.18999255133554627,0.0,0.2271305101200613,0.26149363498336486
Bulk 79,0.30193222288960875,0.18266222369158244,0.0,0.301415594205275,0.21398995921353386
Bulk 80,0.7063553670614555,0.02604992450696114,0.0,0.01362780058521575,0.2539669078463676
Bulk 81,0.07273598679738404,0.20870546754089436,0.15434012218596135,0.2852087540012396,0.2790096694745206
Bulk 82,0.8258806585548779,0.034368587325710936,0.0,0.0,0.13975075411941118
Bulk 83,0.6390490295587978,0.0,0.06967143320048462,0.2912795372407176,0.0
Bulk 84,0.047899408919055385,0.1388990999363979,0.13099609184336364,0.4418199590969428,0.24038544020424024
Bulk 85,0.19080751711781452,0.07316508053785452,0.03594739612474743,0.47211466881035097,0.2279653374092326
Bulk 86,0.3694724001904832,0.05384606515114611,0.06456516735993553,0.34770157825247155,0.16441478904596363
Bulk 87,0.6662564865321745,0.11355724582637548,0.0,0.04966862365893063,0.1705176439825194
Bulk 88,0.15930103056898634,0.21166413176487425,0.17609608145040653,0.36634662696102016,0.08659212925471277
Bulk 89,0.21500987237304844,0.12475047180013016,0.027900233712832116,0.38413689534335926,0.24820252677062993
Bulk 90,0.134567002834189,0.13273483706871847,0.0534419971186485,0.42658906881709857,0.25266709416134553
Bulk 91,0.3051262947782651,0.08828334535721986,0.0,0.3290655577869429,0.2775248020775721
Bulk 92,0.5277599151270718,0.13937659628753882,0.0,0.150886384780313,0.18197710380507637
Bulk 93,0.04977289394702496,0.1813042541787892,0.13894581768606742,0.3537198645954521,0.2762571695926662
Bulk 94,0.0,0.24050587040523205,0.13431160035753398,0.3836394512381201,0.2415430779991139
Bulk 95,0.22048229258736857,0.16014824798588362,0.13420032196332696,0.25173987773362855,0.23342925972979228
Bulk 96,0.869207282745698,0.012042480913578036,0.06824845089001991,0.0,0.05050178545070402
Bulk 97,0.44241941353813435,0.20566336607490526,0.0,0.01627050437930529,0.33564671600765494
Bulk 98,0.17600400405697195,0.12108938086354733,0.3834242543296015,0.20403662126120434,0.11544573948867493
Bulk 99,0.25431243773210754,0.1854287194645266,0.14412231297266886,0.2358814553732723,0.18025507445742475
Bulk 100,0.15667811003880697,0.1392914663944105,0.14091393688900072,0.4164238377335328,0.14669264894424905
Bulk 101,0.7908057218024417,0.0,0.0,0.20919427819755845,0.0
Bulk 102,0.11991951277754412,0.21442897847241355,0.12418061631588713,0.3954684766895329,0.14600241574462236
Bulk 103,0.08259939637051897,0.1394259664531686,0.19246316776717207,0.4033719975730201,0.18213947183612017
Bulk 104,0.27841221642791447,0.07545866660928831,0.007726332059246054,0.3673145257029557,0.27108825920059554
Bulk 105,0.5927377745519848,0.1211426823887212,0.044369755776661524,0.18382164506905452,0.057928142213578004
Bulk 106,0.24553678357650055,0.23612688164487897,0.0,0.2544265971967916,0.26390973758182884
Bulk 107,0.5463690198091156,0.0,0.0,0.3065349632284525,0.14709601696243196
Bulk 108,0.12815837449296105,0.21129807530543196,0.04157982593913895,0.33766766546485494,0.28129605879761316
Bulk 109,0.20470101329044166,0.22810686453069073,0.0,0.302557412147546,0.2646347100313215
Bulk 110,0.6878062648732991,0.0,0.2839882320838576,0.0,0.02820550304284339
Bulk 111,0.7497392372081697,0.05169581061168139,0.0,0.0,0.19856495218014905
Bulk 112,0.15474919411838536,0.124878129437779,0.2046044993289774,0.3440357938286587,0.17173238328619952
Bulk 113,0.29705178679380734,0.18492265292812418,0.014798184329538023,0.2979839826525364,0.20524339329599395
Bulk 114,0.1771377145020733,0.1794679890523413,0.1724527250837188,0.26393057305371304,0.20701099830815367
Bulk 115,0.5912928233883346,0.11821524683941424,0.0,0.0,0.29049192977225113
Bulk 116,0.4300981697350331,0.0,0.024343478461556142,0.5455583518034108,0.0
Bulk 117,0.08585997329505415,0.11209348875759235,0.026727754134016884,0.4785470229675086,0.29677176084582796
Bulk 118,0.07804364570909805,0.24907916679797926,0.13557026391397944,0.25753393862113955,0.2797729849578037
Bulk 119,0.26528718233018594,0.12845763362353116,0.0,0.4261301318114573,0.18012505223482567
Bulk 120,0.32079082799611575,0.18332274674119214,0.0,0.32054068830619015,0.1753457369565021
Bulk 121,0.24096335697072635,0.13854025098052708,0.06546179000974435,0.3929723623098454,0.16206223972915695
Bulk 122,0.8529378397935335,0.0,0.0,0.0,0.14706216020646645
Bulk 123,0.23683691149092015,0.20605049701572922,0.1668924335034979,0.193227708859692,0.19699244913016078
Bulk 124,0.24324143796224945,0.24606797848134432,0.0,0.1273049639990443,0.383385619557362
Bulk 125,0.47036931944253896,0.0890753089715874,0.0,0.09293213355137356,0.34762323803450007
Bulk 126,0.03949698173102468,0.0,0.17289145154886806,0.7809260010218895,0.006685565698217694
Bulk 127,0.06718556477117348,0.2296409365629379,0.22850963634553828,0.23554493333925583,0.23911892898109446
Bulk 128,0.4078835516060178,0.055453615738606944,0.061248784713598604,0.2356509086777403,0.23976313926403645
Bulk 129,0.5510617658557635,0.1428665463447155,0.0,0.06681893553869295,0.23925275226082807
Bulk 130,0.5209688728924122,0.11140004877058225,0.0,0.10464102933491798,0.26299004900208756
Bulk 131,0.5523337312886385,0.0,0.022220616847434406,0.2832517127090626,0.14219393915486445
Bulk 132,0.45051451792631986,0.16387769071098038,0.07981666712086087,0.052199972162399945,0.25359115207943894
Bulk 133,0.6714989707325544,0.04578890372376798,0.09905331765415612,0.03756405262197126,0.14609475526755014
Bulk 134,0.34207258047742467,0.10878241173243772,0.002928699236388351,0.36427845310616114,0.18193785544758811
Bulk 135,0.168136473193938,0.12415702344321985,0.06776166395037497,0.3635368832157127,0.27640795619675446
Bulk 136,0.21956241308759103,0.18786874741999116,0.1550045621499064,0.2210349546279994,0.21652932271451214
Bulk 137,0.3984219838459017,0.14109456655406474,0.08925059403591953,0.25233096043191894,0.11890189513219504
Bulk 138,0.2897647925954584,0.13315170069680332,0.06895250992058997,0.23172761950407875,0.27640337728306963
Bulk 139,0.5759270299518304,0.1141136968366291,0.0,0.19573386092067735,0.11422541229086315
Bulk 140,0.657261936703544,0.08568598887006745,0.0,0.16604673404654788,0.09100534037984047
Bulk 141,0.23430071198363736,0.13148507885097102,0.025701513953853474,0.40961748630763173,0.19889520890390647
Bulk 142,0.5168182328274809,0.0,0.34481830053780405,0.104019166591907,0.03434430004280801
Bulk 143,0.355392302421199,0.12500096382748763,0.25770889430883287,0.23142113105353818,0.030476708388942297
Bulk 144,0.3812854063076449,0.1542862222305288,0.04870477751425517,0.2596950384473071,0.15602855550026398
Bulk 145,0.24219557372140876,0.15607277548280568,0.1673493135838783,0.22526222613429203,0.20912011107761516
Bulk 146,0.18739630091679704,0.0,0.24916547238756517,0.36670691869673616,0.19673130799890173
Bulk 147,0.1287034566169116,0.17756369427511712,0.1027381766898672,0.28756422012243893,0.30343045229566523
Bulk 148,0.37039728332334443,0.13597894934398333,0.08258350965467827,0.2318876476629815,0.17915261001501245
Bulk 149,0.34597442828782954,0.057825282632397515,0.0,0.35636913852614277,0.23983115055363022
Bulk 150,0.06799825578926179,0.18920643251763136,0.12969444552386233,0.36420198222724065,0.24889888394200382
Bulk 151,0.28297920836602897,0.08648700501589829,0.0,0.3639458447114949,0.2665879419065779
Bulk 152,0.2089432137453573,0.2621850935652402,0.03310239644067863,0.18772583332328222,0.3080434629254417
Bulk 153,0.5285907582808135,0.04233682493176027,0.0,0.2142581287661511,0.2148142880212752
Bulk 154,0.10352803478405215,0.09315468095457541,0.23233220349265585,0.3818274315582397,0.1891576492104768
Bulk 155,0.2091445091028002,0.11107993775103775,0.05130528504168242,0.41794810433398377,0.210522163770496
Bulk 156,0.7081180421965454,0.07953703567642255,0.0,0.0,0.21234492212703204
Bulk 157,0.2656204340407123,0.06516801667097698,0.0,0.40415714178131884,0.26505440750699205
Bulk 158,0.21653084328766714,0.23407071191567608,0.0,0.25065505694480833,0.29874338785184845
Bulk 159,0.15656945224951016,0.10576831698435459,0.2193629753349504,0.3530784915047369,0.16522076392644797
Bulk 160,0.385442851466931,0.22330452981789944,0.05829334009403642,0.15287019851719855,0.18008908010393454
Bulk 161,0.33694226643056824,0.1973246008694793,0.0626348989044008,0.12640330747222867,0.276694926323323
Bulk 162,0.36689007862290446,0.17707687592045818,0.0,0.18266792836026965,0.2733651170963678
Bulk 163,0.32578962069425293,0.13286362194984805,0.036408401237598594,0.29841666965832553,0.20652168645997487
Bulk 164,0.2500290222734609,0.18316590250724474,0.11980372491081055,0.16327591469540004,0.28372543561308367
Bulk 165,0.35571094290174,0.1386964169535397,0.0,0.3236659913222551,0.1819266488224653
Bulk 166,0.5927857795513236,0.0,0.18849653956423093,0.18252772463096584,0.036189956253479594
Bulk 167,0.4864332148316562,0.08474070623248148,0.09933962743522959,0.23141685536272866,0.09806959613790413
Bulk 168,0.1340771482835764,0.0,0.11618452796096027,0.5507762677676781,0.1989620559877853
Bulk 169,0.3673512659931115,0.14889206658694146,0.20518854278318052,0.11321228598943593,0.16535583864733053
Bulk 170,0.11978806405440984,0.2038727227056702,0.1806177514824045,0.11866231694387201,0.3770591448136435
Bulk 171,0.2211942770015161,0.1489199144863107,0.025194135180262544,0.5490689027397933,0.05562277059211725
Bulk 172,0.17939269827835197,0.1408250902175455,0.07395564802301821,0.38193514469324646,0.22389141878783786
Bulk 173,0.5128280142266992,0.17572863845446585,0.0,0.09981292757645227,0.21163041974238272
Bulk 174,0.8104227550492633,0.007840618308064375,0.0,0.0,0.18173662664267232
Bulk 175,0.2463935499806177,0.17340776624975265,0.17217970423166926,0.24140083493426887,0.16661814460369154
Bulk 176,0.2822799362442047,0.1970319265227463,0.0,0.24734202149291182,0.27334611574013723
Bulk 177,0.17321319272957814,0.22598772284508883,0.16940221940696767,0.31096072581163525,0.12043613920673009
Bulk 178,0.2238568119871747,0.15763342994251603,0.053957968544884834,0.376267283536237,0.1882845059891875
Bulk 179,0.2106961905018071,0.1857410438757215,0.08312759745499275,0.2762879072374299,0.24414726093004874
Bulk 180,0.13226546269351452,0.10523763682971432,0.05168051816998967,0.4755548889258838,0.23526149338089763
Bulk 181,0.4526001342123815,0.09096917851233434,0.09435061405500866,0.1026068926407666,0.25947318057950897
Bulk 182,0.36519421964766713,0.046043834369760346,0.1902168368863755,0.23620138749908487,0.16234372159711202
Bulk 183,0.3605291853127933,0.11524567321842057,0.2287500995433174,0.22671855892587162,0.06875648299959712
Bulk 184,0.26849375404207143,0.12588320477851303,0.0,0.3605226472807745,0.24510039389864088
Bulk 185,0.5859928538027303,0.0,0.0,0.24979803674578252,0.16420910945148712
Bulk 186,0.3561598377114746,0.01859053191317036,0.2785938078161966,0.23771362627328005,0.10894219628587844
Bulk 187,0.5093941299137023,0.14383193008377862,0.0,0.08259842086163074,0.26417551914088827
Bulk 188,0.4668034613678174,0.0,0.24489107507943256,0.25767744750932237,0.030628016043427575
Bulk 189,0.2529210239380098,0.10807083049838521,0.16958302958807406,0.24383381477203048,0.22559130120350046
Bulk 190,0.19337386004527746,0.14679708311720413,0.22043100951821876,0.28699599143705407,0.15240205588224556
Bulk 191,0.37697331107233145,0.17484375373627709,0.0,0.19519459328741587,0.25298834190397573
Bulk 192,0.5392165325788194,0.0664516177033503,0.0,0.22459056745766712,0.16974128226016325
Bulk 193,0.34226157917206845,0.07537043306133691,0.3601217344918834,0.12438495076389293,0.09786130251081832
Bulk 194,0.6111320275202229,0.06761490943311874,0.006568154064665601,0.1443761417309871,0.17030876725100555
Bulk 195,0.12457458166227327,0.1946847045989154,0.18421565936751041,0.25941948661553266,0.23710556775576835
Bulk 196,0.4130862438914647,0.19663072140074944,0.0,0.03249600800758741,0.3577870267001986
Bulk 197,0.28133793313007555,0.14262623246136574,0.05364429765820789,0.35814304079684056,0.1642484959535104
Bulk 198,0.9254931771366132,0.013220534251663089,0.0,0.06128628861172366,0.0
Bulk 199,0.2513287756887917,0.1957290690956239,0.022196447684533657,0.2455195608049641,0.2852261467260867
Bulk 200,0.23288464513991655,0.09233767294088777,0.1598653746017991,0.39644341374584946,0.11846889357154726
Bulk 201,0.19704477685189906,0.11237423321080399,0.17388374180176855,0.38930257191775264,0.12739467621777584
Bulk 202,0.326211858664348,0.16152698508846172,0.0,0.25770365789269417,0.2545574983544961
Bulk 203,0.2718652264715103,0.12663958578281617,0.21366546354834196,0.2498418953447392,0.13798782885259236
Bulk 204,0.30868609105923256,0.18885957712270487,0.1193144961896296,0.10883880962686446,0.27430102600156864
Bulk 205,0.4587630933357392,0.22765626034027586,0.016001895655253708,0.0,0.2975787506687313
Bulk 206,0.8456648875199548,0.0,0.03237256918797197,0.0,0.1219625432920732
Bulk 207,0.19397503572902,0.24864442793276878,0.09378783375424037,0.1956119792242244,0.2679807233597464
Bulk 208,0.897782899167251,0.0,0.059767278774378076,0.04244982205837095,0.0
Bulk 209,0.690480971096782,0.02165788050899797,0.0,0.045374571363018874,0.24248657703120124
Bulk 210,0.4925372196381222,0.15431371476572742,0.0,0.12463352206384212,0.22851554353230835
Bulk 211,0.2699124446688895,0.19038937552390922,0.23347197271163236,0.2864809218425607,0.019745285253008192
Bulk 212,0.40995786793488115,0.16371865283577142,0.12796789810871947,0.10517688924177637,0.19317869187885156
Bulk 213,0.5718292132426147,0.16467010235778598,0.0,0.08640935873337423,0.17709132566622515
Bulk 214,0.3755741367607183,0.12982399069774256,0.23179646873069684,0.08659864851967244,0.17620675529116991
Bulk 215,0.22318206678685065,0.26592167563102725,0.028824731564269464,0.17618898969058355,0.3058825363272692
Bulk 216,0.060681300306172394,0.220283233074162,0.07537420524573951,0.31830373688540703,0.325357524488519
Bulk 217,0.5177116683229567,0.05188824914667602,0.0,0.29377540652538886,0.1366246760049785
Bulk 218,0.18313668496185326,0.1392150533255427,0.26757278660415207,0.33405264721160416,0.07602282789684787
Bulk 219,0.457821564340369,0.07496816387370642,0.07286466300604949,0.30545539654717335,0.08889021223270165
Bulk 220,0.3194915519265609,0.1687380754221694,0.15083840941870047,0.10380977714819475,0.2571221860843745
Bulk 221,0.22218668845396342,0.21127717951224875,0.04683766281074062,0.2534389525187805,0.26625951670426656
Bulk 222,0.05664902339126709,0.25031076164827915,0.06101872275368987,0.3004490499919961,0.3315724422147677
Bulk 223,0.11242778583538561,0.2558894169787708,0.10280121458339278,0.30400669920625656,0.22487488339619427
Bulk 224,0.6652149554152424,0.0225579793190359,0.0,0.04533407126280248,0.2668929940029192
Bulk 225,0.8658214347278264,0.039016716358769944,0.0,0.0,0.09516184891340371
Bulk 226,0.31981307167611167,0.24148563414936694,0.04161381571623842,0.20927152210717204,0.187815956351111
Bulk 227,0.13930238913424028,0.1676776701626253,0.1719028621413309,0.2883260786060126,0.23279099995579094
Bulk 228,0.24712629469479813,0.29242608350945876,0.012612102755536434,0.026128936516904778,0.4217065825233019
Bulk 229,0.29474112213990783,0.16360884002386064,0.15826984322131396,0.10605635922338957,0.2773238353915281
Bulk 230,0.0,0.20362150145831526,0.11596431376421255,0.45553213939818643,0.22488204537928574
Bulk 231,0.43398095003368653,0.18884340306529196,0.025620954546723793,0.07227983130991346,0.2792748610443842
Bulk 232,0.0,0.2742753016775894,0.07397414779874527,0.35004679435173064,0.3017037561719347
Bulk 233,0.0792394790692695,0.20917503301717702,0.1579422486206908,0.3299318244835457,0.223711414809317
Bulk 234,0.2550382580246429,0.19001241098128913,0.17581628724771745,0.04352265753185166,0.3356103862144988
Bulk 235,0.22490213650459295,0.15795005789826225,0.0,0.3725156754982696,0.24463213009887513
Bulk 236,0.1167531142367094,0.20109760057879023,0.031496923424456126,0.31853963374191646,0.3321127280181278
Bulk 237,0.33349190431605386,0.13062333939731363,0.07284440790609577,0.3407922760599984,0.12224807232053835
Bulk 238,0.5678928255627818,0.1648693513056243,0.0,0.02246459692611205,0.2447732262054819
Bulk 239,0.02511682911852309,0.29325221702674137,0.10802500825494961,0.3090906610754601,0.2645152845243259
Bulk 240,0.32935995710448596,0.21058332987993164,0.046372794376116175,0.2800525983777186,0.1336313202617475
Bulk 241,0.22358544751830317,0.1439540972891543,0.015431555201974846,0.4684082934303248,0.14862060656024287
Bulk 242,0.6367387698222854,0.11704629934252697,0.017206189798769915,0.12644803648687528,0.10256070454954233
Bulk 243,0.3883916654686032,0.18338415961936827,0.0,0.18065694593959014,0.24756722897243835
Bulk 244,0.5560680091679351,0.10528108059316557,0.0,0.046162338278860515,0.292488571960039
Bulk 245,0.6597082115649652,0.02753821027447251,0.1604107591419766,0.0,0.1523428190185856
Bulk 246,0.24967874059889536,0.2529222487537557,0.01969996673066302,0.16537602918989597,0.31232301472678997
Bulk 247,0.41327692348498063,0.17029357430877726,0.11721988898626295,0.05824528718325772,0.24096432603672138
Bulk 248,0.5722248236644519,0.09095032057282125,0.0,0.13671261037194107,0.20011224539078581
Bulk 249,0.6589760962034532,0.07999156464662838,0.0,0.0,0.26103233914991847
Bulk 250,0.5736095767712588,0.11413042285141507,0.0,0.12699133145131986,0.1852686689260062
Bulk 251,0.23933596490113934,0.24362073237913023,0.056239063355226056,0.17224627102779988,0.2885579683367045
Bulk 252,0.2204551150404322,0.23221245760763304,0.08118103678444273,0.21161336574352227,0.2545380248239698
Bulk 253,0.11328335659594611,0.2056672394061117,0.17861206173150213,0.427587159405352,0.07485018286108804
Bulk 254,0.6554411196645219,0.06297320849094984,0.0,0.07233012943999899,0.20925554240452926
Bulk 255,0.1899333727044757,0.22542423191447605,0.039397664035250954,0.20084539975572116,0.34439933159007613
Bulk 256,0.023481019731948893,0.2777658633195416,0.12394727398886991,0.3291993655501208,0.24560647740951883
Bulk 257,0.10257543260656407,0.35431594566547675,0.07447278291006819,0.1514649890366636,0.3171708497812274
Bulk 258,0.4854928227910699,0.11607562151335489,0.0,0.18096356007231204,0.21746799562326308
Bulk 259,0.5616853475110338,0.0777581622748216,0.0,0.10515199164504996,0.2554044985690946
Bulk 260,0.03984871474011036,0.20539206553892342,0.08154669149447567,0.4262913213550227,0.24692120687146787
Bulk 261,0.2362693950030319,0.19315182684519996,0.18387651241821382,0.19863667733543486,0.1880655883981193
Bulk 262,0.32886024393804575,0.2512308039097799,0.05693254299806645,0.09591034290174381,0.2670660662523641
Bulk 263,0.5359123547329211,0.11322166510236163,0.0,0.0718459499946493,0.279020030170068
Bulk 264,0.14344028820194282,0.18345230828701567,0.0,0.35200921761617016,0.3210981858948713
Bulk 265,0.34530218773447613,0.1368028667107447,0.0,0.3032184452926639,0.21467650026211524
Bulk 266,0.3805353979685626,0.20921145200583874,0.0,0.16599880687517157,0.24425434315042713
Bulk 267,0.10065735595712182,0.2671258308429012,0.16096745133497253,0.2333255441803876,0.2379238176846168
Bulk 268,0.318071811170683,0.16042405757565836,0.0,0.2716275282212079,0.2498766030324507
Bulk 269,0.5500240761317141,0.10702898700573514,0.0,0.09136533914266812,0.25158159771988253
Bulk 270,0.5989892832104479,0.13285992611098657,0.0,0.05486518748307825,0.21328560319548726
Bulk 271,0.06707807759138726,0.24299613575604112,0.07121019026391166,0.3415687714783987,0.2771468249102613
Bulk 272,0.3905515815016934,0.2696735871431665,0.01269546260370613,0.11203301829324513,0.21504635045818865
Bulk 273,0.22307163684528195,0.11337977435594607,0.3991456967447151,0.23183217751106844,0.03257071454298835
Bulk 274,0.27296232027319683,0.2628484460924871,0.0,0.19480139724438134,0.2693878363899348
Bulk 275,0.10900367934987655,0.1502027496529922,0.13379054242783742,0.3440880430624329,0.26291498550686077
Bulk 276,0.6725304637218015,0.0,0.0,0.24906929657919913,0.07840023969899938
Bulk 277,0.8057204197081641,0.012855858533063405,0.0,0.13108405500781647,0.050339666750956163
Bulk 278,0.4410997351173993,0.10735726867696675,0.0,0.25049471319677524,0.2010482830088587
Bulk 279,0.17779078053096875,0.19199775760593482,0.12541961179458794,0.3380756553808608,0.16671619468764748
Bulk 280,0.807438479819949,0.0,0.0,0.0,0.19256152018005107
Bulk 281,0.9136730254563178,0.0,0.0,0.0,0.08632697454368216
Bulk 282,0.7552734607973289,0.03850641237802604,0.06146901435632172,0.0,0.14475111246832334
Bulk 283,0.40275132730855445,0.1721314877637771,0.0,0.1667298401151111,0.2583873448125574
Bulk 284,0.7571470992798813,0.0322091018909187,0.0,0.0,0.2106437988292001
Bulk 285,0.33564906687914464,0.0506016942242668,0.17890719703774632,0.2522459898882741,0.18259605197056802
Bulk 286,0.04198025870717612,0.34792419202959113,0.058255747601275054,0.19264188929156695,0.35919791237039084
Bulk 287,0.34822207076162187,0.12692555080398107,0.25377855866295956,0.03774905214430627,0.2333247676271312
Bulk 288,0.38872109966458346,0.12787278936170315,0.0,0.15017187579276026,0.3332342351809531
Bulk 289,0.4972847657055556,0.12156008239394409,0.16284613132018463,0.0818573124154425,0.13645170816487312
Bulk 290,0.21913763550933904,0.15404002185811877,0.06314259416952968,0.3392374906195308,0.22444225784348168
Bulk 291,0.5730801253891328,0.13806207642541835,0.10651963059591861,0.0,0.18233816758953023
Bulk 292,0.25896661639177393,0.13505797050216767,0.16804712285226342,0.200728712758966,0.237199577494829
Bulk 293,0.10884622608292119,0.14913852491371632,0.24993415697156007,0.34710959302368477,0.1449714990081178
Bulk 294,0.4386018798697695,0.11859484688347097,0.014819271449120488,0.18016403805148215,0.24781996374615692
Bulk 295,0.36071450386006887,0.21147010203239697,0.1154840424286111,0.13008221181865676,0.1822491398602663
Bulk 296,0.6385621316357758,0.12969236388295716,0.0,0.030758981899178035,0.2009865225820889
Bulk 297,0.840048219947617,0.0,0.0,0.06189763205563975,0.09805414799674314
Bulk 298,0.09535466304596492,0.17349983116443213,0.11904577823370702,0.43310128842136175,0.17899843913453425
Bulk 299,0.43211307992022463,0.16682469230522753,0.16748362312831525,0.0979160910399162,0.13566251360631634
Bulk 300,0.0,0.20342402361897707,0.17654777584363995,0.2939347326304693,0.3260934679069136
Bulk 301,0.07814086481788553,0.29417570329091114,0.05331874396655998,0.23141777784758594,0.3429469100770575
Bulk 302,0.1301823409156945,0.22627771043069905,0.05443378091393892,0.37070901675630696,0.2183971509833606
Bulk 303,0.21065854959623867,0.19363536030745163,0.06618143106229865,0.2830332463566957,0.24649141267731542
Bulk 304,0.10659682877030303,0.2723552691799802,0.12671437165009908,0.1810871686830449,0.3132463617165728
Bulk 305,0.4994882479301024,0.1413751419983266,0.0,0.05584979052802527,0.30328681954354564
Bulk 306,0.5612862108232302,0.12975877283956874,0.0,0.04191525619913903,0.2670397601380621
Bulk 307,0.5341014566402659,0.12722019030225276,0.05696574348615353,0.03570349128537045,0.2460091182859574
Bulk 308,0.38366749745502315,0.13880361708291852,0.0,0.24752267811006584,0.23000620735199243
Bulk 309,0.5315538839869516,0.14246052110513596,0.0,0.006663028219681764,0.3193225666882306
Bulk 310,0.43739152309513285,0.1856374043065289,0.0,0.09631455638702417,0.2806565162113141
Bulk 311,0.43328189935852784,0.2150479641687598,0.03755092547022735,0.09114620888042102,0.22297300212206395
Bulk 312,0.38271718796745746,0.17072029105521572,0.09626361530736308,0.08190381529342948,0.26839509037653425
Bulk 313,0.305509789516415,0.08959979613927059,0.08338196891124773,0.2859224179402842,0.23558602749278246
Bulk 314,0.47420507210543694,0.1525364300202858,0.0,0.2519244981093741,0.12133399976490307
Bulk 315,0.538073175021498,0.09182153221224937,0.0,0.27606218670665944,0.09404310605959319
Bulk 316,0.24215992975098216,0.04820772148708711,0.21716846310076396,0.36208734120092584,0.1303765444602409
Bulk 317,0.31049519841647055,0.23442375704088997,0.0,0.1313672886561229,0.32371375588651663
Bulk 318,0.20890506186553678,0.1856978668076619,0.06569884693858373,0.2666492432569283,0.2730489811312893
Bulk 319,0.08132035894902073,0.25750505304078974,0.1090940978240697,0.2589270763189476,0.29315341386717214
Bulk 320,0.5383365242448287,0.18355604782705148,0.0,0.0,0.27810742792811977
Bulk 321,0.2980354400885175,0.19962417850794928,0.11790256396061441,0.17026603286093286,0.214171784581986
Bulk 322,0.3280292424364289,0.10078211008850654,0.1111726289158564,0.21935296753348818,0.24066305102571997
Bulk 323,0.451079621894777,0.2004601652744063,0.0,0.0,0.3484602128308167
Bulk 324,0.5693114362670251,0.09866339135897519,0.08015588772944984,0.0,0.25186928464454994
Bulk 325,0.1913954595846485,0.17815477175179711,0.4064015382906039,0.03379849549269201,0.19024973488025845
Bulk 326,0.0206842705559514,0.2208869137159543,0.20283718340782886,0.3546458539415806,0.20094577837868485
Bulk 327,0.2798544040366985,0.15535188013312382,0.0,0.2126116673966084,0.3521820484335692
Bulk 328,0.4139147968129691,0.23333312859445665,0.0,0.0022294247982141786,0.3505226497943601
Bulk 329,0.33781374152281407,0.1532548529180133,0.10246801651642355,0.20726299166108617,0.1992003973816629
Bulk 330,0.3600247111732835,0.18321674263792523,0.14819260432875436,0.13180225909005883,0.17676368276997803
Bulk 331,0.09338017619257387,0.19565257378896098,0.18655138392528936,0.31796401079251385,0.20645185530066193
Bulk 332,0.4436017619769212,0.11328605960399328,0.0,0.09650067669698532,0.34661150172210026
Bulk 333,0.6143982735064569,0.12698777312598206,0.0,0.03244948028367607,0.22616447308388501
Bulk 334,0.13680147901458234,0.13489813396221173,0.03378134966286428,0.5143291055635422,0.1801899317967994
Bulk 335,0.2996322296994365,0.14772207050808184,0.20651771751195852,0.1933837736231139,0.15274420865740929
Bulk 336,0.4327149838531225,0.1696727170645004,0.0,0.0926639255322643,0.30494837355011273
Bulk 337,0.1696654393311883,0.016324295750922146,0.07192978042536365,0.45932091134133207,0.2827595731511938
Bulk 338,0.09107260101531879,0.23034989957388413,0.08598971230919261,0.31149991003549365,0.28108787706611094
Bulk 339,0.6422007286763672,0.04698598821814115,0.16052533558467452,0.0,0.15028794752081698
Bulk 340,0.06355706563186249,0.21616491105443134,0.09113663262777148,0.37406155715692185,0.2550798335290129
Bulk 341,0.2198980082721969,0.1399315928503709,0.19118616601231744,0.2404150567510845,0.20856917611403028
Bulk 342,0.04944169255704228,0.1490788653699176,0.10403612339032756,0.5289698143655589,0.16847350431715372
Bulk 343,0.33443197404497516,0.07450483583942588,0.10887976055049317,0.2795309526512505,0.2026524769138552
Bulk 344,0.5022219138757178,0.12003836420610683,0.0,0.0,0.3777397219181754
Bulk 345,0.636327763831395,0.0915019233330486,0.0,0.0,0.27217031283555637
Bulk 346,0.1704590086748727,0.22475610434616022,0.018745814014480777,0.31031349636854405,0.2757255765959422
Bulk 347,0.39993069885219046,0.25178899561825974,0.0,0.0641645648234454,0.2841157407061044
Bulk 348,0.3947186135163308,0.13013908363874074,0.1772237716651258,0.07284476045818777,0.225073770721615
Bulk 349,0.0994047084593534,0.10737247267516434,0.19117476272363326,0.3478256245994275,0.2542224315424216
Bulk 350,0.26986738012133105,0.11944258326765886,0.22807848887187473,0.15963339775477178,0.22297814998436366
Bulk 351,0.8472616118358406,0.0,0.0,0.0,0.1527383881641595
Bulk 352,0.10143698732042652,0.21994389890738977,0.13830738196331735,0.35494855807022935,0.18536317373863703
Bulk 353,0.22820373237418007,0.26050908200066253,0.07448754646800952,0.08811390883411575,0.3486857303230321
Bulk 354,0.40719245719769714,0.10619146789815505,0.2800840442818025,0.09467749754191261,0.11185453308043272
Bulk 355,0.3726655310354796,0.12216261431449298,0.0,0.27042992482861183,0.2347419298214157
Bulk 356,0.2693696681170002,0.2342207419821695,0.10048655888704239,0.21777116771010838,0.17815186330367952
Bulk 357,0.3987678863221086,0.2316687571769682,0.031197633866465454,0.06861345584008711,0.2697522667943706
Bulk 358,0.5624915418573181,0.06993238815554992,0.06488193466472927,0.09430055804400608,0.20839357727839666
Bulk 359,0.46276845796177807,0.07595373278825059,0.03054707817822271,0.3093967822111973,0.12133394886055127
Bulk 360,0.43596956673649995,0.11614981841920628,0.07079461086814863,0.07773620781415466,0.29934979616199037
Bulk 361,0.30806839098236843,0.1913197863327318,0.12949204243297685,0.0896379264022623,0.28148185384966057
Bulk 362,0.08171880587370854,0.1572534483490507,0.10736518409620192,0.30024774530407156,0.3534148163769674
Bulk 363,0.26825912756894416,0.19646516341304388,0.0,0.23328560833348813,0.3019901006845238
Bulk 364,0.2022877148278701,0.16401518406559673,0.07142440443063602,0.3336669582313487,0.2286057384445484
Bulk 365,0.4738779645568856,0.11305575206666164,0.04594121924393726,0.05410997495362596,0.31301508917888954
Bulk 366,0.36254377663196397,0.09009462243177227,0.08938471522840911,0.3145158451443203,0.1434610405635343
Bulk 367,0.44505951176685643,0.07343135869271854,0.08038925757785627,0.2311039893053881,0.17001588265718076
Bulk 368,0.20598269013029785,0.31819594248759,0.14813692090732594,0.0,0.3276844464747863
Bulk 369,0.17200253904706092,0.2301827955276156,0.10479525659853606,0.22378579834836537,0.2692336104784221
Bulk 370,0.6427256964751161,0.10882642123247947,0.06784748183944903,0.0,0.18060040045295533
Bulk 371,0.47720379099358257,0.20987956152025258,0.0,0.0,0.3129166474861649
Bulk 372,0.3172233233493964,0.10442526481978917,0.0,0.2885084598832215,0.28984295194759285
Bulk 373,0.21616418661994533,0.0882521760862728,0.17244557570483315,0.3783751686034105,0.14476289298553818
Bulk 374,0.6997612994053628,0.06512688883289912,0.0,0.0,0.23511181176173826
Bulk 375,0.25031619385039355,0.2874858242885189,0.009562150865624409,0.17648961433561478,0.27614621665984834
Bulk 376,0.6424413729288684,0.10281547087879554,0.0,0.12439955205196034,0.13034360414037557
Bulk 377,0.47948420035076417,0.035456210105247986,0.2475550976694417,0.18855279334793745,0.04895169852660874
Bulk 378,0.19575054796097002,0.2511621438450835,0.0668362691741193,0.0844043221800373,0.40184671683978984
Bulk 379,0.40433099768998704,0.13676136996716665,0.0,0.2771600184197508,0.18174761392309546
Bulk 380,0.606535875316982,0.09293891469734583,0.0,0.1587398019489809,0.1417854080366913
Bulk 381,0.665509128862886,0.06848620966430645,0.10190614406492247,0.05393604180528191,0.1101624756026032
Bulk 382,0.4736691581190948,0.179629250783136,0.0,0.0,0.34670159109776916
Bulk 383,0.43563332009539246,0.16664428818340818,0.0,0.18602605847231712,0.2116963332488823
Bulk 384,0.0,0.1671855729924232,0.11738997649432091,0.34419579096535546,0.37122865954790035
Bulk 385,0.3187572683667973,0.09708743874504015,0.06466053407642199,0.2708660101641154,0.24862874864762513
Bulk 386,0.24213910834834323,0.18288300411036626,0.06337792631893618,0.21485971790940214,0.2967402433129521
Bulk 387,0.5629557431197568,0.0,0.0,0.28895129613915943,0.14809296074108375
Bulk 388,0.8238238088312174,0.0,0.0,0.09465410939714287,0.08152208177163987
Bulk 389,0.39755940225046643,0.24523623746659717,0.0,0.07072457663408929,0.28647978364884713
Bulk 390,0.3619902388077708,0.1978985779857956,0.0,0.13802558400503773,0.3020855992013959
Bulk 391,0.10165381924950431,0.1938841791938551,0.035002991373342306,0.3309084917438075,0.3385505184394908
Bulk 392,0.3045851858556816,0.15879234542018222,0.048557994453450146,0.2971406310831509,0.19092384318753514
Bulk 393,0.10912678078669832,0.2538321261775456,0.10728851787455601,0.27606396231771846,0.25368861284348154
Bulk 394,0.3610248341201968,0.14654821013291572,0.0,0.2562268788698479,0.23620007687703948
Bulk 395,0.6958101007491369,0.09707553538663836,0.0,0.0,0.20711436386422494
Bulk 396,0.38558599602132837,0.2634887648982286,0.0,0.15979940960354108,0.19112582947690201
Bulk 397,0.3865671286661404,0.21712998513905937,0.10273176509709225,0.11348511554887138,0.18008600554883664
Bulk 398,0.3740233732183912,0.11373555925252793,0.2186101896135077,0.12863010225395785,0.16500077566161528
Bulk 399,0.6818492764412212,0.06359155854688461,0.0,0.0,0.2545591650118942
Bulk 400,0.4739859610101768,0.16473235705227401,0.007532349138739576,0.14355907476917273,0.21019025802963678
Bulk 401,0.21299574920706105,0.16267631884526632,0.14854752074001237,0.23298414232707518,0.24279626888058514
Bulk 402,0.3653831050052225,0.06326601910131002,0.11089377055133065,0.13954116402147057,0.3209159413206663
Bulk 403,0.21267335450510547,0.22345655425005645,0.0869093066898277,0.29180301184923096,0.18515777270577927
