,Ast,End,Mic,Neu,Oli
Bulk 0,0.31546397971338574,0.06608800623952726,0.17447123138024323,0.2959656225202871,0.14801116014655682
Bulk 1,0.14198882802530455,0.17136884202042463,0.15574643205565752,0.33115639147880976,0.1997395064198036
Bulk 2,0.013434613207029432,0.1574537523590027,0.19364395009156776,0.41418958916858023,0.2212780951738199
Bulk 3,0.16496207572422605,0.20756782570008211,0.1596501308182532,0.20378082410609813,0.2640391436513406
Bulk 4,0.5767175186797067,0.06421368516725294,0.06771853624492984,0.14255416887860786,0.14879609102950273
Bulk 5,0.0434518295412017,0.24307686054158756,0.04416485798193835,0.40341942368156786,0.26588702825370447
Bulk 6,0.6641511102066139,0.1166917297044409,0.0,0.010019838510161897,0.2091373215787834
Bulk 7,0.2898409306261453,0.18923185747553664,0.0,0.2645449669376372,0.2563822449606809
Bulk 8,0.34975667569186364,0.1377770541477466,0.0,0.3679724925146946,0.1444937776456952
Bulk 9,0.36045145855310373,0.15110297289809826,0.0,0.1656323722614599,0.3228131962873381
Bulk 10,0.08013700427589662,0.21930770891003035,0.0,0.4370204080785864,0.2635348787354867
Bulk 11,0.37072758993726435,0.12009352022618328,0.10087425227128674,0.2779350601565487,0.13036957740871707
Bulk 12,0.5891406355334735,0.002982495797864978,0.0,0.2435528632291011,0.16432400543956038
Bulk 13,0.08915670870609967,0.1509743662243704,0.08900738123478055,0.44575125787286835,0.2251102859618811
Bulk 14,0.6759410049880433,0.015785763419390714,0.06741600479840124,0.06435707351217909,0.17650015328198562
Bulk 15,0.2921183323338132,0.1222293281389446,0.11686137657859262,0.3102931663270827,0.15849779662156685
Bulk 16,0.09178284194240265,0.21422681565625315,0.14187191619472958,0.27341555468530315,0.2787028715213115
Bulk 17,0.49139519778743884,0.06383721557141574,0.22308809821708428,0.0,0.22167948842406116
Bulk 18,0.3893102772769441,0.1665040195590237,0.0,0.2493156800698592,0.1948700230941729
Bulk 19,0.18983513088479528,0.014860496169817581,0.11603000317458163,0.4557916490254596,0.22348272074534592
Bulk 20,0.032795769049504306,0.17179184501884812,0.08055554089841091,0.4512630006292731,0.26359384440396355
Bulk 21,0.32812693737431736,0.10608876776142927,0.024520303378068493,0.39089245599755973,0.1503715354886252
Bulk 22,0.0,0.24861355875842706,0.10722420964034317,0.37099486897177564,0.273167362629454
Bulk 23,0.35934869894428695,0.029859614684657223,0.0,0.4377501343586532,0.17304155201240268
Bulk 24,0.20306784733224365,0.2106592636108951,0.08937413811609984,0.2818237593832002,0.21507499155756132
Bulk 25,0.18668989307992673,0.17214260932057324,0.0,0.46530453550496287,0.17586296209453725
Bulk 26,0.5697117030646015,0.0,0.0,0.28742317244321225,0.14286512449218633
Bulk 27,0.4968903618686371,0.0,0.10085602012752849,0.38434469035694097,0.01790892764689346
Bulk 28,0.3159059155047409,0.11797901412469683,0.04061234310014354,0.31513646904572234,0.21036625822469623
Bulk 29,0.21061831240226353,0.17250719452192517,0.051901503355697716,0.32567245395438615,0.23930053576572746
Bulk 30,0.21494880355639392,0.23414307374288462,0.0,0.2972573831096732,0.25365073959104817
Bulk 31,0.409802128871682,0.15850265663058766,0.0,0.11542487241841616,0.3162703420793142
Bulk 32,0.11994466729436164,0.16222391158275762,0.1535962889292061,0.33228680845503883,0.2319483237386357
Bulk 33,0.0,0.10705573905869017,0.10420860968074368,0.548190374016232,0.24054527724433408
Bulk 34,0.4642526744713386,0.074883109936094,0.20634414648923033,0.17639152521067164,0.07812854389266538
Bulk 35,0.5634956986682835,0.06616322198093762,0.0,0.1605486170407066,0.2097924623100723
Bulk 36,0.4228644396736936,0.16305023745566694,0.0,0.11610911613544392,0.2979762067351956
Bulk 37,0.7296454119696641,0.0,0.026349543672968708,0.18315702602221867,0.06084801833514846
Bulk 38,0.1150586759841806,0.2525068850762493,0.14677756306181394,0.24830902949067055,0.23734784638708561
Bulk 39,0.12097380861751458,0.14337495574447828,0.03831936425406785,0.47476177000494163,0.2225701013789976
Bulk 40,0.15658635246982053,0.21757611268777347,0.0,0.382036308074454,0.24380122676795202
Bulk 41,0.4364667649152915,0.09014724287537233,0.10308164603266136,0.08055065871331325,0.2897536874633615
Bulk 42,0.20722442698062254,0.21940718196992978,0.03854896475642241,0.29640121535862846,0.23841821093439672
Bulk 43,0.12449539128139503,0.24246750247781174,0.03268530285773563,0.32197912925857625,0.27837267412448125
Bulk 44,0.0,0.27533665171795246,0.12462588541415708,0.2976510578215077,0.3023864050463828
Bulk 45,0.8861669672923633,0.0,0.0,0.0,0.1138330327076367
Bulk 46,0.39544715349210363,0.11990147291460247,0.0,0.2585870023056949,0.2260643712875989
Bulk 47,0.3182277920868667,0.23838615818240375,0.0,0.13271625429660863,0.310669795434121
Bulk 48,0.6658836467528412,0.05452026327908013,0.0,0.0,0.2795960899680787
Bulk 49,0.01899627221998399,0.19471181121504177,0.0640906343229623,0.45401188005854914,0.26818940218346277
Bulk 50,0.23597737770314028,0.13484130794352575,0.15183622854184292,0.31937685363062884,0.15796823218086234
Bulk 51,0.3969731813808203,0.1555339389917296,0.0,0.24818541755386855,0.19930746207358158
Bulk 52,0.08310449626043799,0.17423704600214063,0.12239977213893628,0.41339391312161816,0.20686477247686694
Bulk 53,0.43122728777512637,0.0,0.11171969662965268,0.3369371931274504,0.12011582246777054
Bulk 54,0.3031853041017205,0.12490641858875533,0.023232616825231155,0.30187439807304156,0.24680126241125147
Bulk 55,0.3455965954815113,0.06887000894412276,0.08259417025608895,0.31342117552268967,0.18951804979558737
Bulk 56,0.29533854051254077,0.20550386514602503,0.0,0.22509185497849382,0.2740657393629404
Bulk 57,0.5483147024651651,0.13449577161164233,0.0,0.07118757425788871,0.24600195166530378
Bulk 58,0.5646123925325409,0.06975483619233593,0.06532542919154512,0.0,0.30030734208357807
Bulk 59,0.35015217510029034,0.0,0.0,0.5759241868654631,0.07392363803424666
Bulk 60,0.6458642173424499,0.0,0.04799428568252443,0.3061414969750257,0.0
Bulk 61,0.1810013392530482,0.18808055956020797,0.010338313885579459,0.3313505846677865,0.28922920263337804
Bulk 62,0.23513407837013808,0.08483338154418264,0.14741833053751668,0.27124212559702643,0.26137208395113615
Bulk 63,0.40744655807978053,0.10234470751626458,0.15952187728089887,0.16870563521499882,0.16198122190805717
Bulk 64,0.09216960746227612,0.11530338610138552,0.07062951147758213,0.47691594769627527,0.24498154726248092
Bulk 65,0.24173616615642435,0.054043034145251544,0.12327256939029763,0.40102393835945577,0.1799242919485708
Bulk 66,0.3141414362009674,0.07361347440650032,0.09483205888112096,0.3952795980057364,0.12213343250567488
Bulk 67,0.7034668535651756,0.0,0.0,0.008461621489454715,0.28807152494536964
Bulk 68,0.3034631240550176,0.1554983332232516,0.12731818455133834,0.25500774903716716,0.15871260913322544
Bulk 69,0.2880274575039079,0.0,0.12221132685674609,0.5492034145423392,0.040557801097006935
Bulk 70,0.0857568184183293,0.08225286237070928,0.0979291356526284,0.5066105951276836,0.22745058843064941
Bulk 71,0.23791945045194732,0.07806359377341757,0.10997317952563214,0.42132774961018316,0.15271602663881986
Bulk 72,0.1607381105655813,0.11154330507769933,0.14381247841669942,0.4209634160337368,0.1629426899062831
Bulk 73,0.2498885400135719,0.2433025339575318,0.024120310166563592,0.2292495512956566,0.2534390645666761
Bulk 74,0.2953426563357421,0.18591284079458123,0.0670591428023561,0.10954516851056582,0.3421401915567547
Bulk 75,0.5541258765218716,0.10776229029666666,0.0,0.21277778527908836,0.12533404790237335
Bulk 76,0.4454761638853582,0.0,0.0,0.5545238361146417,0.0
Bulk 77,0.3549848688702807,0.16207464083972245,0.0,0.2856921720616771,0.1972483182283198
Bulk 78,0.4189984683966209,0.13666390865083713,0.0,0.2751638910905828,0.16917373186195928
Bulk 79,0.3127143654817541,0.20542946475049972,0.0,0.2634416613666414,0.2184145084011048
Bulk 80,0.3192148687895557,0.2688086303901881,0.02073728016556624,0.14300565085022024,0.2482335698044699
Bulk 81,0.25083764103741757,0.18202889320019225,0.04219959681930952,0.26196663292052386,0.26296723602255684
Bulk 82,0.835440447992729,0.0,0.0,0.0,0.1645595520072711
Bulk 83,0.12907224475112963,0.008998597609610665,0.05852149247219811,0.572544138496938,0.23086352667012347
Bulk 84,0.3073572029404467,0.11765652632867248,0.022458559143272834,0.3969736447080104,0.1555540668795977
Bulk 85,0.19467705808335908,0.13243907193827334,0.1023896456263201,0.3418905140023818,0.2286037103496657
Bulk 86,0.601955943484857,0.0,0.0,0.1676442908836715,0.23039976563147152
Bulk 87,0.3071051956043719,0.2233110224032485,0.0,0.17852341007677838,0.29106037191560125
Bulk 88,0.16811062093465648,0.16626068052644938,0.0,0.3861748006549286,0.2794538978839657
Bulk 89,0.320459208375483,0.131581871610276,0.0,0.258744471202301,0.2892144488119399
Bulk 90,0.2677629840839702,0.015753514989880788,0.19371755855786535,0.42528704431263126,0.09747889805565237
Bulk 91,0.183173512834097,0.21124952419429213,0.04689297824183308,0.25903725763908364,0.2996467270906941
Bulk 92,0.421878144032846,0.0803491532188154,0.0,0.31444185055514096,0.18333085219319753
Bulk 93,0.24421296736021478,0.17710984563102455,0.17922910520358307,0.29835171649363407,0.10109636531154358
Bulk 94,0.13500202126834857,0.17168364725945,0.10185674174544357,0.36131427395150023,0.2301433157752576
Bulk 95,0.12984704615082274,0.1648741149899628,0.012322702616217108,0.39498425390149244,0.2979718823415048
Bulk 96,0.6685062231317486,0.10456636475410273,0.0616512121522543,0.11112713932228237,0.05414906063961218
Bulk 97,0.5448466092823601,0.13354061616122737,0.0,0.10527877957328079,0.2163339949831318
Bulk 98,0.44778333160319206,0.0,0.40257539619211774,0.14964127220469015,0.0
Bulk 99,0.2269605805398493,0.09533639386969037,0.2055723557232751,0.3653548391579013,0.10677583070928415
Bulk 100,0.300487869711475,0.08223816938794042,0.11593253404515975,0.41302649526965285,0.08831493158577201
Bulk 101,0.4129724815526273,0.1484490138637861,0.0,0.22424261418497513,0.2143358903986115
Bulk 102,0.17996702829175754,0.09837540792012689,0.06173678298989356,0.4255516811321877,0.23436909966603425
Bulk 103,0.0,0.268360669615815,0.06442420330358019,0.3129490725008801,0.3542660545797246
Bulk 104,0.2896013086598849,0.154603431253529,0.0,0.2995218105394822,0.2562734495471038
Bulk 105,0.4536363489468511,0.15502270459409342,0.0,0.206452672827145,0.18488827363191054
Bulk 106,0.19717846661303995,0.20387078679629203,0.016899429311901634,0.32702516400230824,0.25502615327645817
Bulk 107,0.48259974870118083,0.12637475552808705,0.0,0.04153987392211134,0.34948562184862075
Bulk 108,0.1659043422115558,0.1928695955279849,0.1177093794292869,0.40130323674173035,0.12221344608944187
Bulk 109,0.4354790331405905,0.0398430036965965,0.1705275452794965,0.1911622794895239,0.16298813839379256
Bulk 110,0.7637800708062913,0.0,0.1319493085070525,0.0,0.10427062068665624
Bulk 111,0.4595243527840601,0.06338324411159067,0.2566266232071846,0.13896964460996328,0.0814961352872013
Bulk 112,0.3720306079261024,0.11836418515320331,0.051976120331809754,0.3079052238123253,0.1497238627765593
Bulk 113,0.2740703386792268,0.23284567173474024,0.0,0.24057814878809208,0.25250584079794086
Bulk 114,0.16297770754272597,0.19800992202341866,0.11015613729329858,0.2724985835970613,0.2563576495434953
Bulk 115,0.6263811028468547,0.07107906450271902,0.0,0.04971453117162698,0.25282530147879934
Bulk 116,0.46437653649521704,0.09714044159403319,0.0,0.3592003565331925,0.07928266537755732
Bulk 117,0.13288660712550945,0.1794510969417595,0.045426929484922204,0.2973992384024191,0.3448361280453897
Bulk 118,0.38866701958865185,0.0821217952703425,0.05275772636560472,0.23003729789231225,0.24641616088308868
Bulk 119,0.2751244008381513,0.0941136706435894,0.027573526145092474,0.3972363451446442,0.20595205722852264
Bulk 120,0.7592337474309525,0.029538159844135145,0.0,0.12539050724087453,0.08583758548403778
Bulk 121,0.32936165896811825,0.14530246920510767,0.07331644194498509,0.31319092539135984,0.13882850449042927
Bulk 122,0.7758966114037312,0.013815647680947101,0.0,0.0,0.21028774091532168
Bulk 123,0.24835052590481926,0.25746004468800066,0.0,0.16918460935412855,0.32500482005305154
Bulk 124,0.24231998956277964,0.26339773210596673,0.02098816059919913,0.22707693174223573,0.24621718598981873
Bulk 125,0.4397246061096958,0.15658824946987532,0.07585432286611525,0.1729196466364775,0.1549131749178362
Bulk 126,0.0,0.1784243200082365,0.2207535731286165,0.39203736562280306,0.20878474124034396
Bulk 127,0.25755424219983025,0.20775055700980985,0.0,0.24159409987743974,0.2931011009129201
Bulk 128,0.3258174336008952,0.15485037998068407,0.12378579686784438,0.16385779708035497,0.23168859247022125
Bulk 129,0.23060510905567608,0.23851063243318354,0.01986917248000636,0.2271658928325118,0.2838491931986222
Bulk 130,0.5346886887084416,0.07549558148269889,0.050901106897164865,0.1709353890143338,0.16797923389736094
Bulk 131,0.27757480867556406,0.15688429979875984,0.07140447222932182,0.34462693871059097,0.14950948058576333
Bulk 132,0.33793750341970735,0.17455462907500854,0.19631141668580898,0.19520228314953217,0.095994167669943
Bulk 133,0.6411347693433022,0.03288987853542861,0.1244412758684558,0.0,0.20153407625281342
Bulk 134,0.3212829330077008,0.0,0.29498212545265784,0.38373494153964144,0.0
Bulk 135,0.20970853458787533,0.11965862000194742,0.0439615040899006,0.3566317765672775,0.27003956475299923
Bulk 136,0.20166368117544084,0.15387201161510208,0.2690234120273867,0.24979618611261892,0.12564470906945155
Bulk 137,0.29943223957051235,0.1643527247451215,0.03673884152644058,0.23718693996843568,0.2622892541894899
Bulk 138,0.37102749650663286,0.06688607243150134,0.15850058861688993,0.19155719341790445,0.2120286490270715
Bulk 139,0.7044235431802953,0.0771321769720687,0.02418436844012074,0.0,0.1942599114075153
Bulk 140,0.28341704618540453,0.21534727766657033,0.0,0.1894273162644445,0.31180835988358074
Bulk 141,0.2568320309118141,0.16818584820965876,0.05528751743038274,0.34798465532786915,0.17170994812027515
Bulk 142,0.7866493037116699,0.0,0.0,0.0,0.21335069628833014
Bulk 143,0.3117273205684888,0.15948111390578398,0.1761570382438817,0.15930426791966165,0.1933302593621839
Bulk 144,0.13246923394103668,0.24271476640552464,0.07290467570088158,0.22582697845362115,0.326084345498936
Bulk 145,0.6357348125884908,0.05299277175177183,0.0,0.06616499729466298,0.2451074183650742
Bulk 146,0.22283653209950602,0.11893665597079706,0.04821474535433479,0.4078301556735094,0.20218191090185267
Bulk 147,0.27609321141464266,0.11679455352645746,0.13459050965316416,0.3014503210848884,0.17107140432084733
Bulk 148,0.34583593573277915,0.10371854504591363,0.16420345222640997,0.23897316580216232,0.14726890119273486
Bulk 149,0.18199408449934945,0.255071068333778,0.013455097943200853,0.3024203340902774,0.24705941513339427
Bulk 150,0.08891316313564386,0.13141017180915898,0.125998966170735,0.29860543406166307,0.35507226482279913
Bulk 151,0.3075243346103392,0.16565743549222786,0.12917809224759344,0.15301122152912933,0.2446289161207103
Bulk 152,0.4271858905317456,0.28069856229864326,0.02105908693565624,0.010504764111468659,0.26055169612248624
Bulk 153,0.3388065124554687,0.1266559014855002,0.040835107491072255,0.18598257499535845,0.30771990357260043
Bulk 154,0.33852520718619294,0.15398687832074592,0.0,0.288399581251298,0.21908833324176316
Bulk 155,0.14538575691737998,0.05298501477056635,0.08433690051336562,0.43032102697104274,0.28697130082764527
Bulk 156,0.36528221051378434,0.15794482778345362,0.12084143293136121,0.16351198813206852,0.19241954063933228
Bulk 157,0.1553232598930589,0.21072866362705409,0.11045207808185817,0.3037836790773507,0.21971231932067803
Bulk 158,0.4631526868364794,0.10055868583578419,0.0,0.20820900621485522,0.22807962111288113
Bulk 159,0.1830321832562759,0.12367178813266695,0.15667858126717027,0.3413387052039438,0.195278742139943
Bulk 160,0.6669059233474722,0.05770902957194913,0.0,0.15091411254291792,0.12447093453766077
Bulk 161,0.4572441505961042,0.18954072029216837,0.0,0.0,0.35321512911172737
Bulk 162,0.1382223440866399,0.2100400751634951,0.0652021831719686,0.24251291524864735,0.3440224823292491
Bulk 163,0.06956931698681612,0.2826561277761681,0.03450462331353405,0.3557892484292419,0.25748068349423975
Bulk 164,0.43236598130368803,0.0,0.11864942285504912,0.3330669023106558,0.11591769353060709
Bulk 165,0.2515343099848891,0.15016980040017205,0.11730852681116792,0.27819193383452506,0.20279542896924588
Bulk 166,0.7399262428571852,0.054134221018666544,0.0,0.061156903826528115,0.14478263229762028
Bulk 167,0.3270785444282842,0.18879474133361543,0.04436480578319042,0.28716110312964604,0.1526008053252639
Bulk 168,0.04010473327320577,0.14144747528638885,0.12774280390164275,0.4572452893507321,0.2334596981880306
Bulk 169,0.4473245448550803,0.1891042750950065,0.0,0.09872388718552375,0.2648472928643895
Bulk 170,0.22456071224563262,0.1871676300184211,0.15237291570829725,0.13079140027547403,0.30510734175217497
Bulk 171,0.17680992725116948,0.1827182976097535,0.04811898240012998,0.44582257417790994,0.14653021856103726
Bulk 172,0.29037964415594153,0.08232984804314197,0.04902021640144124,0.34709672210584813,0.23117356929362715
Bulk 173,0.4390743090566104,0.1780523341582589,0.0,0.21209501540268738,0.17077834138244327
Bulk 174,0.5197316349208952,0.0800937602209855,0.024637115436721153,0.24920652510556365,0.12633096431583446
Bulk 175,0.28453538845526255,0.14587320006496904,0.07696406107545262,0.3013318112755526,0.1912955391287632
Bulk 176,0.08948163321135769,0.2211969677270382,0.08562544040989847,0.2987712311041139,0.3049247275475918
Bulk 177,0.10430425788724211,0.13589006152003286,0.16077481176866504,0.4631675313453338,0.13586333747872623
Bulk 178,0.25385488218897634,0.16324203193454942,0.13900076468049774,0.11384817481366538,0.3300541463823111
Bulk 179,0.25521486869183835,0.19434565167157913,0.007992996569698096,0.23493281480366687,0.3075136682632176
Bulk 180,0.296364818970133,0.18753695934731196,0.01579440216232824,0.33688203305707887,0.16342178646314803
Bulk 181,0.39212401756514587,0.1708183447679563,0.03523766560787841,0.2028159281330731,0.1990040439259464
Bulk 182,0.29768439220928844,0.14088154352756377,0.0,0.31639206314075063,0.24504200112239713
Bulk 183,0.42912050117026845,0.12691646214055508,0.0,0.20816847353044107,0.23579456315873548
Bulk 184,0.2198440110502992,0.10212101870378529,0.08945473747249022,0.2960067844855666,0.29257344828785864
Bulk 185,0.2889968455090543,0.19191533957985,0.06081042370899814,0.21402435935013947,0.24425303185195812
Bulk 186,0.4012385103243989,0.1379004352829298,0.20877021828378656,0.13095618283238256,0.12113465327650229
Bulk 187,0.16326128733087233,0.22569675848892684,0.046072052288147196,0.28755468504941045,0.27741521684264314
Bulk 188,0.32392030155094526,0.038295715093756885,0.13594470555626106,0.32510290585019797,0.17673637194883884
Bulk 189,0.3168326379492939,0.14197173667660212,0.15319452392109756,0.23291014362983528,0.15509095782317123
Bulk 190,0.24286880095890095,0.22569476980342304,0.22306093347519673,0.1705993381772552,0.1377761575852241
Bulk 191,0.42004399133349213,0.14294489339508837,0.0,0.3222608879890844,0.114750227282335
Bulk 192,0.5535217190802666,0.11894318935982147,0.0,0.05551923415871091,0.27201585740120093
Bulk 193,0.8461570832587382,0.020836442032676233,0.0,0.0,0.1330064747085855
Bulk 194,0.238279943514348,0.18303174012701964,0.0982714696437376,0.29833610569803115,0.18208074101686358
Bulk 195,0.1087269682739323,0.2651160117310239,0.059246249415813516,0.25839954598044074,0.30851122459878955
Bulk 196,0.40821470892158773,0.1947544979080234,0.0,0.14487207172628597,0.252158721444103
Bulk 197,0.20730454586536318,0.18396657971777,0.11331263313021012,0.29713154057917684,0.1982847007074798
Bulk 198,0.774830490248793,0.07461453084546901,0.0,0.0,0.15055497890573796
Bulk 199,0.23067777931365893,0.23173225332393338,0.039816051869215774,0.2540874461966465,0.24368646929654533
Bulk 200,0.1486857862076284,0.14012240942630402,0.285267929497436,0.23394936851128914,0.19197450635734237
Bulk 201,0.17932589052602,0.14621953340297025,0.1139472530218885,0.3953262428380511,0.16518108021107014
Bulk 202,0.1731511578568946,0.19347330111812308,0.14676492867298013,0.3134342444361288,0.17317636791587332
Bulk 203,0.5282203584385378,0.17129429897527723,0.0,0.04192662153077351,0.25855872105541156
Bulk 204,0.38762139961607617,0.1930115199785298,0.031890081969365346,0.15024325529989374,0.2372337431361348
Bulk 205,0.3087924798428667,0.24525522052452817,0.0,0.09838002160379625,0.34757227802880886
Bulk 206,0.5805605260061873,0.08145137560894863,0.1797088349184199,0.09213057976328393,0.06614868370316015
Bulk 207,0.2913311172750271,0.15881347406501814,0.05216329047465791,0.250509930681595,0.2471821875037018
Bulk 208,0.15079775798756853,0.15228461674207006,0.07014555157778546,0.3769530340393864,0.2498190396531895
Bulk 209,0.2944175143475183,0.14284704435529708,0.28209898268866007,0.1436767970948145,0.13695966151371
Bulk 210,0.3213665166767173,0.10047039424283742,0.14466962657711407,0.2371825407779666,0.19631092172536474
Bulk 211,0.20666592471271936,0.21668571021060146,0.0962917172905043,0.27444296479660846,0.20591368298956636
Bulk 212,0.4563578800431781,0.20743703235400351,0.0,0.0971770959215599,0.23902799168125852
Bulk 213,0.18820430205698613,0.1849481159052454,0.09151010937051364,0.2827306136937518,0.25260685897350305
Bulk 214,0.8248752017567914,0.0,0.0,0.0,0.17512479824320865
Bulk 215,0.383119407212711,0.10587821010076563,0.0,0.28469228961513915,0.22631009307138425
Bulk 216,0.1583081995859194,0.2667001473432939,0.03589420668700717,0.21397482917030303,0.3251226172134765
Bulk 217,0.22318777553417107,0.15496119971223482,0.07569659099314828,0.2965611845988505,0.24959324916159523
Bulk 218,0.32093723515898465,0.004847721036679872,0.21653593862513545,0.396765375362622,0.0609137298165779
Bulk 219,0.5699627190025544,0.041208267273739704,0.05127081527417785,0.2003349325318464,0.1372232659176816
Bulk 220,0.5678001496228062,0.13273222058255982,0.010224533581395764,0.14523869463555142,0.14400440157768676
Bulk 221,0.21691458866760474,0.19126846945554782,0.05483014296497015,0.35993009451000607,0.17705670440187118
Bulk 222,0.014012672501741475,0.1813433994231741,0.10502712023736133,0.45051063190413254,0.2491061759335906
Bulk 223,0.1786238491363026,0.1854237527361075,0.1359376061405477,0.2781148537609359,0.2218999382261063
Bulk 224,0.34116223216229224,0.12012215301860005,0.20616756393596344,0.11935541357175962,0.21319263731138474
Bulk 225,0.6266639449218877,0.07019383961284999,0.14888324031760442,0.0,0.15425897514765793
Bulk 226,0.33074045485439163,0.1311352811258491,0.1780035925496002,0.23043847184484675,0.1296821996253124
Bulk 227,0.248708170691331,0.1964742176748904,0.0,0.2659144889171314,0.28890312271664725
Bulk 228,0.15072866195836765,0.29171019009807014,0.0,0.22352209411307392,0.3340390538304883
Bulk 229,0.4555115257258802,0.19614234348553095,0.0,0.1552837352368761,0.1930623955517127
Bulk 230,0.0,0.2596515248816627,0.07123005301352023,0.3245403498197526,0.3445780722850645
Bulk 231,0.5215552834364148,0.14019491967132144,0.0,0.042617085193108625,0.2956327116991551
Bulk 232,0.0,0.14342525430066755,0.05646201510429394,0.5443927104405852,0.25572002015445333
Bulk 233,0.34568375559850484,0.03438878673358106,0.03674083889683591,0.4010644395697279,0.1821221792013503
Bulk 234,0.30853932956062274,0.1499371984200782,0.0,0.27022077343802564,0.2713026985812734
Bulk 235,0.4393077500604902,0.14907076373627975,0.0,0.1882684344866981,0.22335305171653194
Bulk 236,0.0,0.22698729871119558,0.06508603705839397,0.44994359547479906,0.25798306875561133
Bulk 237,0.5094772341501995,0.04750389668715556,0.0,0.24915333031119238,0.19386553885145244
Bulk 238,0.3122371466686445,0.10494835163385886,0.11547273494681388,0.3252131605405922,0.14212860621009055
Bulk 239,0.07283528250454348,0.050901247609467834,0.287617663698186,0.4477650535836785,0.14088075260412417
Bulk 240,0.31939430579656686,0.14918332085856884,0.0641193122895419,0.27932891467217175,0.18797414638315058
Bulk 241,0.14928276192185533,0.1472801741486078,0.05954611134205123,0.44196335035466056,0.20192760223282502
Bulk 242,0.44570713341543766,0.05954596773682968,0.23501969759201113,0.12719767822397948,0.132529523031742
Bulk 243,0.6891009040237119,0.10254932105709606,0.0,0.0,0.20834977491919202
Bulk 244,0.3710842730984314,0.2056789462721786,0.0,0.1609814362143818,0.26225534441500825
Bulk 245,0.6002826066783818,0.07714291915193965,0.1146373282006103,0.19006620815858177,0.017870937810486487
Bulk 246,0.40428947472506543,0.1481627507690746,0.0,0.24760716488542023,0.1999406096204397
Bulk 247,0.29575113314950624,0.1678608690577881,0.16264587999362434,0.12123747758777832,0.252504640211303
Bulk 248,0.4089185919353469,0.22260451121671418,0.040037189918873804,0.02845010540266442,0.2999896015264007
Bulk 249,0.553822574696305,0.15943886520974432,0.0,0.01180302274369143,0.27493553735025933
Bulk 250,0.36920361097219634,0.15473367794863194,0.20503724534651027,0.10569870218296952,0.16532676354969184
Bulk 251,0.19903118532995726,0.19942956099882592,0.08051481990273285,0.26770199248260157,0.2533224412858823
Bulk 252,0.43445438187481755,0.08221324016100705,0.14360869260927528,0.26471852783423694,0.07500515752066315
Bulk 253,0.32367116985865924,0.1743877478233642,0.09395348682189243,0.21706683452991077,0.1909207609661732
Bulk 254,0.3041467348101421,0.14041002982306205,0.12356929599800281,0.07838728811245865,0.35348665125633444
Bulk 255,0.11555494141875618,0.23993395218626018,0.15693651036475942,0.15764571892216414,0.32992887710806
Bulk 256,0.08928622328252231,0.23287293048606345,0.0,0.3943071875925408,0.28353365863887353
Bulk 257,0.16944742470784108,0.2640768101531728,0.09701195629598194,0.2914895913434573,0.17797421749954695
Bulk 258,0.31611005931495595,0.18501577761335808,0.0,0.20484698943000132,0.2940271736416848
Bulk 259,0.35350208660109844,0.19544948379459437,0.0,0.10170680165859773,0.34934162794570944
Bulk 260,0.0,0.2971086569762195,0.06938472920507803,0.27540025839182825,0.35810635542687425
Bulk 261,0.14613248436503137,0.10378804418424546,0.22904830840584553,0.32449509362791124,0.19653606941696636
Bulk 262,0.1554582656173026,0.2428043900460608,0.009498637542369045,0.277048956782428,0.31518975001183946
Bulk 263,0.8041550101025942,0.08165545513163605,0.0,0.009968184687661238,0.10422135007810844
Bulk 264,0.14572336369493163,0.17534785011317414,0.08652599213831272,0.336077409514098,0.25632538453948334
Bulk 265,0.22337517253675954,0.20738722066260087,0.061673298739718926,0.2817738094429435,0.22579049861797704
Bulk 266,0.2163012225628404,0.10207627008603636,0.23402291259118718,0.33913541654638746,0.10846417821354848
Bulk 267,0.20318159390551496,0.15108357169152853,0.09525409342902598,0.4155910139808974,0.13488972699303312
Bulk 268,0.34616568827975713,0.11919035697564731,0.12547176026318604,0.2512468499343346,0.15792534454707507
Bulk 269,0.37128359759691887,0.20830511725703976,0.0,0.06609429302610445,0.35431699211993695
Bulk 270,0.3828558527888914,0.1601031640156257,0.0,0.21812791995293754,0.23891306324254527
Bulk 271,0.135760141902879,0.2565484857584769,0.0,0.34830585977342055,0.2593855125652236
Bulk 272,0.20817547850002907,0.24530189676290462,0.036992052224264195,0.1259191524791137,0.3836114200336883
Bulk 273,0.19436101712821224,0.20996871523605964,0.09448144131227969,0.2966913256956309,0.20449750062781755
Bulk 274,0.3952871497732183,0.2217538559285159,0.0,0.13658674418640163,0.2463722501118642
Bulk 275,0.03985831974539376,0.2470500554214526,0.04650394775619596,0.3101346857742823,0.3564529913026754
Bulk 276,0.41840280786782696,0.11594126593343584,0.0,0.29278481823549657,0.1728711079632406
Bulk 277,0.45613135598356186,0.05199917670407319,0.3465770141276387,0.07797704703958085,0.06731540614514542
Bulk 278,0.1600608007766764,0.27709670207631115,0.0,0.27416088106506004,0.28868161608195236
Bulk 279,0.13888527630151765,0.16558768657541623,0.1275063643121163,0.3747116229129317,0.19330904989801811
Bulk 280,0.5797259039561624,0.057597523682189324,0.0,0.08191133220530412,0.2807652401563443
Bulk 281,0.7789250684051495,0.0948954320929818,0.0,0.07013938957383861,0.05604010992803011
Bulk 282,0.3374590346846076,0.17380659019153147,0.1062661379075714,0.19723167406808922,0.18523656314820028
Bulk 283,0.5292991687488834,0.1817325456508244,0.0,0.0,0.2889682856002922
Bulk 284,0.47829204062324293,0.14520688672235546,0.05770395247718469,0.23182788888251632,0.08696923129470059
Bulk 285,0.33481080720623513,0.06811833408349975,0.13613972370307154,0.2121284590845081,0.24880267592268546
Bulk 286,0.32474753164662584,0.1696508086234763,0.04080965777534182,0.2957123261011302,0.16907967585342587
Bulk 287,0.07730239643668314,0.2419250083253708,0.053088019014655034,0.28065905210283315,0.34702552412045795
Bulk 288,0.5153032530722425,0.10609792191139791,0.1805456635034422,0.04073842739438608,0.15731473411853128
Bulk 289,0.7205282344073697,0.09002701429187085,0.0,0.00830347569869984,0.18114127560205956
Bulk 290,0.3171380105105482,0.25585742485075563,0.0,0.11718441730447571,0.3098201473342204
Bulk 291,0.3150416824657504,0.17283321263298412,0.14474790853266303,0.15768380231723952,0.20969339405136278
Bulk 292,0.34427371375225685,0.18030210517307355,0.0,0.29983320075523284,0.17559098031943665
Bulk 293,0.2656159559814753,0.12446345321831556,0.04887880681995289,0.30642522137463446,0.2546165626056219
Bulk 294,0.3523347687818956,0.23647563997725612,0.020989136652823683,0.06135312265076524,0.32884733193725946
Bulk 295,0.525675326152777,0.1905718513404785,0.0,0.031134520943597116,0.25261830156314735
Bulk 296,0.38878431449709455,0.25348885843943936,0.0,0.14266956928352437,0.21505725777994172
Bulk 297,0.5370002264006233,0.057594817625418016,0.2087018984485054,0.018496814659818363,0.1782062428656349
Bulk 298,0.13008016757948537,0.29738501592398825,0.09912070325747159,0.16165632118131198,0.3117577920577429
Bulk 299,0.47489477628548066,0.12133922525230725,0.15858390664179356,0.11825519072904969,0.12692690109136892
Bulk 300,0.004365695713313899,0.1728264632127954,0.1027267766363952,0.4326765770153236,0.2874044874221719
Bulk 301,0.16354468822754695,0.1577218906890468,0.0,0.39317509885936897,0.2855583222240373
Bulk 302,0.306166875168231,0.16667363691051235,0.0,0.24592627465818412,0.2812332132630725
Bulk 303,0.22226768556434195,0.17193884422600147,0.029337036734306435,0.3145267581782214,0.26192967529712874
Bulk 304,0.390644991273838,0.22716855196132266,0.001840136281871398,0.03186212446641258,0.34848419601655545
Bulk 305,0.6286768936654095,0.14739044972605111,0.0,0.0,0.2239326566085394
Bulk 306,0.27771648962178497,0.2209079168300878,0.17021732823444266,0.07261006378335709,0.2585482015303274
Bulk 307,0.6610962786743007,0.0462409904563572,0.0,0.18977929114594919,0.10288343972339302
Bulk 308,0.21903077672739044,0.171595386472679,0.07281649509063516,0.35403215902727075,0.18252518268202475
Bulk 309,0.3434302800370143,0.1960875271835737,0.1395313937726953,0.07120184189601148,0.24974895711070524
Bulk 310,0.2361084871756805,0.17717341068954498,0.08088926395154089,0.29147119009142686,0.2143576480918069
Bulk 311,0.23073683650794663,0.19291928779379747,0.020087458150386272,0.38102967746203215,0.17522674008583752
Bulk 312,0.6656751152619423,0.04185902491107261,0.0,0.10638394386926373,0.1860819159577212
Bulk 313,0.18645707147320775,0.1801473454889492,0.02294577250078841,0.27905949664083934,0.3313903138962153
Bulk 314,0.580597136657291,0.15389158914474269,0.0,0.029015879839475966,0.23649539435849048
Bulk 315,0.5426697842120203,0.15211428424508858,0.0,0.15843035910765177,0.14678557243523951
Bulk 316,0.2582899030967118,0.11975917914330461,0.07563862817578841,0.24129508337706795,0.30501720620712724
Bulk 317,0.22321414089568042,0.08175377610348095,0.04864437060276076,0.4331933617439272,0.21319435065415082
Bulk 318,0.22333648468442707,0.1308118771995608,0.15244345708405163,0.2688264016973563,0.2245817793346042
Bulk 319,0.21986647142848342,0.17263723563258002,0.1230779073064192,0.37947807923637383,0.10494030639614357
Bulk 320,0.5030732798240067,0.12801066965828134,0.02597518167731603,0.010516399714839359,0.3324244691255567
Bulk 321,0.364607365351716,0.17168432934969524,0.131146748918596,0.19555461303392155,0.13700694334607122
Bulk 322,0.4025936458776662,0.12412550692429172,0.0,0.28595364097767684,0.18732720622036517
Bulk 323,0.5563797199964382,0.22164873962651582,0.029436987525227897,0.0,0.19253455285181806
Bulk 324,0.5542107414986207,0.0,0.3022429014659845,0.06900390226281936,0.07454245477257536
Bulk 325,0.3609916027700281,0.17158441810214148,0.20678080912055724,0.0,0.2606431700072732
Bulk 326,0.0,0.27140797970008534,0.20443405639017054,0.2658313063585515,0.25832665755119266
Bulk 327,0.2282489951987673,0.2257486091635622,0.2209131024853447,0.14732914735655608,0.17776014579576968
Bulk 328,0.25877609144659636,0.18923682349303367,0.25966905908148086,0.1169119065796313,0.1754061193992579
Bulk 329,0.3889593453320427,0.16121416287670298,0.07181697354393156,0.17168617939948655,0.20632333884783624
Bulk 330,0.2872293893789792,0.26037117038410074,0.038817584182907164,0.1294656763669324,0.28411617968708053
Bulk 331,0.333425331830782,0.1522824959844984,0.0,0.3949735970518078,0.11931857513291187
Bulk 332,0.37108616231458086,0.21395749058892072,0.0,0.12987769785407546,0.2850786492424229
Bulk 333,0.49731487172682654,0.1562294949265602,0.20230496560958328,0.05287845889462189,0.09127220884240797
Bulk 334,0.0,0.27924223559910333,0.036843691906427244,0.36627418677367723,0.3176398857207922
Bulk 335,0.5022391865667766,0.178294141974855,0.0,0.11580750626868201,0.2036591651896865
Bulk 336,0.531724979147518,0.14999080136067988,0.0,0.07814622689003822,0.24013799260176386
Bulk 337,0.07844123582833942,0.11266091689492312,0.0,0.49563368033766864,0.31326416693906883
Bulk 338,0.054903191673177365,0.2211026081715373,0.16864627325317266,0.355982653315878,0.1993652735862347
Bulk 339,0.5689792161069894,0.05203196859932443,0.21149344368927456,0.014339951755999641,0.15315541984841177
Bulk 340,0.10765536618319954,0.19142541949017663,0.08223612313499229,0.3814191041337863,0.23726398705784518
Bulk 341,0.3498109869409654,0.05491518047623366,0.24020783038695184,0.17714787355574926,0.17791812864009976
Bulk 342,0.13094946127174548,0.0,0.1777706092882779,0.5700759681785614,0.12120396126141515
Bulk 343,0.34361912687974094,0.20447350501663067,0.010932908414386485,0.1999131731922743,0.2410612864969675
Bulk 344,0.37282879099402105,0.17437833380988416,0.1721040125161732,0.016276108151133825,0.2644127545287877
Bulk 345,0.5868939376673508,0.16932375828794155,0.0,0.0,0.24378230404470755
Bulk 346,0.3732274800743583,0.077658043191964,0.0,0.2703816863556346,0.2787327903780431
Bulk 347,0.33132703717848255,0.19331682340961123,0.0,0.1932371661782392,0.28211897323366697
Bulk 348,0.5044834942072269,0.15068701350671565,0.0,0.05354032296381576,0.2912891693222417
Bulk 349,0.290537732603872,0.23343861280158762,0.0,0.1389370471656197,0.33708660742892066
Bulk 350,0.7118783217359043,0.06693726233053818,0.0,0.0,0.22118441593355756
Bulk 351,0.6361807047008236,0.022156441480224543,0.22063044021479586,0.09347030068255573,0.027562112921600372
Bulk 352,0.14019049697812755,0.21324820215589685,0.09927968074326604,0.34148111350889343,0.20580050661381605
Bulk 353,0.23298128966354584,0.1889043915741124,0.12916203855193964,0.24548397041628675,0.20346830979411534
Bulk 354,0.5728391513635407,0.11198555584710637,0.011383219503974402,0.09281624782448132,0.2109758254608973
Bulk 355,0.28693258248343456,0.24047377595278002,0.029303290980703046,0.23963769650948052,0.2036526540736017
Bulk 356,0.46867939775260015,0.2601615952425801,0.0,0.0,0.2711590070048198
Bulk 357,0.49420258895886715,0.278256352708677,0.0,0.1299149326760219,0.0976261256564339
Bulk 358,0.5906962361947301,0.03939945673715959,0.022183133306240107,0.00811851894839814,0.339602654813472
Bulk 359,0.4489587318191988,0.07753984609429643,0.15517776337877778,0.3183236587077269,0.0
Bulk 360,0.46728157376059054,0.14765639318954205,0.11439505777809102,0.0,0.27066697527177624
Bulk 361,0.34681694649002515,0.17237471122792367,0.0,0.2813338709893261,0.19947447129272503
Bulk 362,0.27167351588980315,0.12707903211072802,0.0,0.3765972788375262,0.22465017316194266
Bulk 363,0.44231037235642734,0.09212571644940472,0.0,0.3043911695424107,0.16117274165175718
Bulk 364,0.2967715776041365,0.23853371232368178,0.0,0.23000508642330392,0.23468962364887777
Bulk 365,0.39264900091894545,0.0969986780496315,0.0,0.27145386403611643,0.2388984569953067
Bulk 366,0.2192921848542188,0.19618520518792124,0.0018585272821252208,0.26784278325158084,0.3148212994241539
Bulk 367,0.5327513665723862,0.10878701014919583,0.005065165839212753,0.20080816059140968,0.1525882968477956
Bulk 368,0.18436294366821385,0.26927581496899844,0.0,0.12341069122786125,0.42295055013492644
Bulk 369,0.11927575782931728,0.1954236381666644,0.13804018933743883,0.34355503073510274,0.2037053839314768
Bulk 370,0.3835110000018537,0.2667729791089031,0.0,0.052901054430943936,0.2968149664582993
Bulk 371,0.4522309413355619,0.2068346228973095,0.0,0.0,0.3409344357671286
Bulk 372,0.04451965406346819,0.220156233223634,0.01595530523669761,0.34035320396070473,0.37901560351549546
Bulk 373,0.45065982369689234,0.0,0.08065330693617265,0.2996565904181428,0.1690302789487922
Bulk 374,0.7483142576385677,0.08204297392522829,0.0,0.0,0.16964276843620396
Bulk 375,0.3079881061453583,0.19382395553941978,0.0,0.28887123310881885,0.20931670520640305
Bulk 376,0.5542843741712326,0.12540613354496322,0.0,0.11115268304392129,0.20915680923988306
Bulk 377,0.328578314321785,0.2498112692048636,0.0,0.1594898172726878,0.2621205992006636
Bulk 378,0.023237749779607696,0.2686415734850669,0.01954774787834512,0.2802723614321928,0.4083005674247875
Bulk 379,0.14202510028640908,0.17560914709343706,0.19691053723761534,0.1984238010220322,0.2870314143605065
Bulk 380,0.5604020083517764,0.11985374623806494,0.0,0.11959803846927874,0.2001462069408798
Bulk 381,0.5951120997641273,0.08526626190999746,0.0,0.0,0.3196216383258753
Bulk 382,0.3932453592308039,0.19831412945755544,0.0,0.11916683979267624,0.28927367151896444
Bulk 383,0.43264824687968056,0.04368535315680099,0.11723942307082597,0.3019229964920378,0.10450398040065456
Bulk 384,0.04320837802695189,0.28370193135802235,0.11782357865949122,0.0689641895988702,0.4863019223566642
Bulk 385,0.07674093911209516,0.06260458128395753,0.03810964969047824,0.5784740888312306,0.24407074108223845
Bulk 386,0.32795434673312035,0.21430953488204096,0.0,0.13917621711140346,0.31855990127343525
Bulk 387,0.24843977224358893,0.2183017243537982,0.04226859229306248,0.27336182852721713,0.21762808258233327
Bulk 388,0.20840981878311438,0.24428917240499856,0.1807832664678323,0.13800068419514652,0.22851705814890821
Bulk 389,0.3140940683688669,0.21141947201774813,0.0,0.14286633172398513,0.33162012788939965
Bulk 390,0.3489421948329481,0.12742750766156943,0.06568874688621429,0.25961360423091967,0.19832794638834858
Bulk 391,0.34051702809116696,0.15498759713167082,0.0,0.33226445604281746,0.1722309187343448
Bulk 392,0.23095736928477367,0.13090743209432915,0.05676891199136974,0.35285614848423547,0.22851013814529206
Bulk 393,0.003023154190076108,0.21944546735207845,0.09677305453030209,0.289949235069624,0.39080908885791943
Bulk 394,0.42574046206143584,0.07500605513774096,0.16209898148632773,0.14229399972550116,0.1948605015889942
Bulk 395,0.13651728273032215,0.2940151829306385,0.08749958947273127,0.18016315162851712,0.30180479323779075
Bulk 396,0.3682305612165233,0.2025240728214534,0.0,0.07718857167271669,0.3520567942893067
Bulk 397,0.8938009753660935,0.0013483308386990395,0.0,0.0,0.10485069379520746
Bulk 398,0.844627098398059,0.0,0.0,0.0,0.15537290160194084
Bulk 399,0.5489649777191801,0.13906565052042588,0.16452810304958562,0.0,0.14744126871080832
Bulk 400,0.47691431788604177,0.08371388793188544,0.0,0.15773458752672823,0.2816372066553445
Bulk 401,0.2852460426994652,0.17333560913166285,0.029966583355126662,0.3043093115173514,0.20714245329639386
Bulk 402,0.14921149913002715,0.258232068099764,0.08073142486577156,0.07783232255068943,0.43399268535374785
Bulk 403,0.410854879747528,0.2178783859239825,0.025797820500644775,0.08706651373880703,0.2584024000890377
