,Ast,End,Mic,Neu,Oli
Bulk 0,0.04884471980406625,0.09915706089163338,0.16503383492473928,0.43237848968193,0.254585894697631
Bulk 1,0.24952226978331835,0.2427216250279488,0.0,0.1833327880662293,0.3244233171225035
Bulk 2,0.25126111983833443,0.18108600476480383,0.06853960227618881,0.380340736899845,0.11877253622082795
Bulk 3,0.0007539939453922507,0.06857891973734237,0.2592475974388617,0.4759118560444942,0.19550763283390957
Bulk 4,0.5806733635992655,0.16649677602419644,0.016973722099507486,0.005687931517885685,0.23016820675914484
Bulk 5,0.1896748850785241,0.21662627715916988,0.048756069665678615,0.37191900684855267,0.1730237612480747
Bulk 6,0.7090986970944785,0.06207441309464255,0.0,0.045016551693922595,0.18381033811695635
Bulk 7,0.4568500807684361,0.09614841190633039,0.0,0.22134227126301784,0.22565923606221575
Bulk 8,0.25275714392515136,0.20747058624973772,0.08425848460750374,0.23733789803824906,0.2181758871793581
Bulk 9,0.22923572804505818,0.18889345537425167,0.002247301869920202,0.23826967345017258,0.34135384126059726
Bulk 10,0.027863868808761415,0.2456799057662215,0.09506979145871726,0.37663151196074424,0.2547549220055556
Bulk 11,0.20757131409520446,0.21038227853221358,0.14164761255353975,0.3415071319419886,0.09889166287705367
Bulk 12,0.40737632881858893,0.148102533398068,0.05511687198594755,0.09499844795231663,0.29440581784507897
Bulk 13,0.0957691206295078,0.27024128146775495,0.010908854863677214,0.28162290416124175,0.34145783887781817
Bulk 14,0.6233087016877122,0.07543472271802304,0.0,0.0,0.30125657559426466
Bulk 15,0.4317968104756421,0.005825203345438373,0.16686667598429464,0.30800257449832424,0.08750873569630066
Bulk 16,0.3850054116578616,0.0,0.0,0.310198403780298,0.3047961845618404
Bulk 17,0.4626082074329722,0.13032416723982118,0.21572949720143036,0.023632927419968433,0.16770520070580797
Bulk 18,0.25769339361899446,0.21797468972311565,0.07286889392490734,0.22271415463281447,0.22874886810016817
Bulk 19,0.045355207747619676,0.18076017432459018,0.27887649062706193,0.31643707202735155,0.17857105527337663
Bulk 20,0.24999305627385535,0.09541751401376801,0.08616959304204672,0.4255688376308048,0.14285099903952522
Bulk 21,0.11859465811284157,0.20516404997263063,0.007127522249165466,0.4168906601644184,0.2522231095009439
Bulk 22,0.0,0.218939702803035,0.07323368395715943,0.5143678683037931,0.19345874493601248
Bulk 23,0.09454993056101452,0.1745827875250914,0.046700736408478896,0.38812009191642505,0.2960464535889901
Bulk 24,0.16729642241018405,0.20795756037993654,0.12269282819247161,0.21267666348905398,0.28937652552835386
Bulk 25,0.14782174133279044,0.2567261771062235,0.010363887754039108,0.26019504658449655,0.32489314722245044
Bulk 26,0.14438290985615326,0.17888083894891957,0.10271021637688177,0.324377819976415,0.2496482148416304
Bulk 27,0.14996475493749453,0.1835845671910175,0.12046889174911968,0.24365129001888322,0.3023304961034851
Bulk 28,0.25005122646211025,0.13528717948399627,0.09177209792471289,0.30793240933351196,0.21495708679566863
Bulk 29,0.4636586252138154,0.05447080808161788,0.0066130580593671195,0.20241649989895513,0.2728410087462445
Bulk 30,0.421311233273516,0.045890037829053376,0.05075923232646078,0.2882664331112558,0.1937730634597139
Bulk 31,0.3621032262204743,0.163036644394645,0.01643962767325511,0.22148903040110365,0.23693147131052184
Bulk 32,0.21288619203021747,0.15120196036487266,0.10992210695046546,0.27938986810001143,0.24659987255443294
Bulk 33,0.03230739509980076,0.22543080798417556,0.03980788872865049,0.3891906068111947,0.3132633013761785
Bulk 34,0.5278550550879424,0.09364220115968307,0.0,0.1403235538684719,0.23817918988390266
Bulk 35,0.508472315585679,0.09013720086976586,0.0,0.13154283095257907,0.26984765259197624
Bulk 36,0.7029791449875955,0.0255890515152005,0.0,0.19083925120045878,0.08059255229674532
Bulk 37,0.29385577372528804,0.20069644667004718,0.0810183553752859,0.22158524673416313,0.2028441774952157
Bulk 38,0.4248229277119444,0.10964752739701941,0.0,0.2568772489259103,0.20865229596512574
Bulk 39,0.1463203006117371,0.17401524104287383,0.12150426890769882,0.36317093291341435,0.194989256524276
Bulk 40,0.08416699166158283,0.1555662324827178,0.05317094531503921,0.4891721815646896,0.21792364897597055
Bulk 41,0.6160843689090681,0.0,0.0,0.125161892305954,0.2587537387849779
Bulk 42,0.14976045358559018,0.2498142751087275,0.007921903067950079,0.27811211822470633,0.314391250013026
Bulk 43,0.0554732243468982,0.16656480291071626,0.1482770838196578,0.3395455458278715,0.2901393430948564
Bulk 44,0.28648204730755655,0.08288054269224251,0.07332876550566537,0.47693695589076696,0.08037168860376862
Bulk 45,0.7160168412356772,0.016611871201836218,0.10418596811537692,0.004685233974830052,0.15850008547227967
Bulk 46,0.63646553276455,0.09326972369616737,0.0,0.11456537224357645,0.15569937129570618
Bulk 47,0.45215852714493476,0.21388813302947554,0.024425871090383636,0.2137302078299975,0.09579726090520843
Bulk 48,0.26789172490254565,0.13311523565476366,0.23582899021500048,0.26746724603104305,0.0956968031966473
Bulk 49,0.03393225975768747,0.2710964503171644,0.06701837816755794,0.3768252220641933,0.2511276896933968
Bulk 50,0.06169023608870532,0.15433982178406389,0.087095958382343,0.4351429054774932,0.26173107826739467
Bulk 51,0.2688929163017327,0.1699441675640993,0.04417393494807848,0.2915083318306177,0.22548064935547193
Bulk 52,0.23577947893299228,0.21618129029509964,0.0,0.19143576705290005,0.35660346371900814
Bulk 53,0.2997327733758077,0.09860688494084874,0.08181360929759664,0.36177466268398084,0.15807206970176593
Bulk 54,0.46032673119582845,0.04042397530711197,0.165627812610056,0.19321500332224087,0.14040647756476266
Bulk 55,0.19642516095891774,0.1960609383285087,0.06228754553679666,0.29937197311995195,0.24585438205582485
Bulk 56,0.31583090470914327,0.17311101842424806,0.0,0.24582016816807606,0.26523790869853264
Bulk 57,0.5328407579086051,0.11107384058265947,0.0,0.06528732235775744,0.290798079150978
Bulk 58,0.309267154841658,0.10385917967570645,0.33221999287057735,0.019203337603270483,0.23545033500878765
Bulk 59,0.1054419402571322,0.16029745278392185,0.05176782043438138,0.40747900662763636,0.2750137798969283
Bulk 60,0.2799771513832389,0.26465341803876324,0.010741216093297281,0.22930551226552637,0.21532270221917427
Bulk 61,0.3570694347140434,0.11767743856528372,0.02081518929765903,0.26943337388484,0.23500456353817376
Bulk 62,0.175875711508848,0.19279668628970767,0.101316477229936,0.4124953363146635,0.11751578865684491
Bulk 63,0.5450731293088175,0.08020828892198846,0.0,0.027856147469339242,0.3468624342998548
Bulk 64,0.05763467087946863,0.1250047597705443,0.1558274809175304,0.4536775980423202,0.2078554903901366
Bulk 65,0.10272867557203601,0.1783266848109396,0.2486717442753423,0.34262965949952173,0.1276432358421604
Bulk 66,0.3798492540473657,0.07440548124257086,0.20292107853957778,0.1807561356283007,0.16206805054218504
Bulk 67,0.2424855000199674,0.18822886813256715,0.027971273910476335,0.24886765364929095,0.29244670428769814
Bulk 68,0.26261350387922555,0.1138765609331473,0.0,0.2937005892525662,0.3298093459350609
Bulk 69,0.0,0.2109064820234321,0.11498341783084919,0.4409742649872171,0.2331358351585016
Bulk 70,0.018847025116378317,0.16145780512514446,0.08236976783552344,0.4470772908463999,0.2902481110765538
Bulk 71,0.20620315203118275,0.0,0.26274475993775037,0.43832787119151323,0.0927242168395536
Bulk 72,0.2930588957259403,0.08642078886243394,0.06290681305658123,0.4516932940960143,0.10592020825903029
Bulk 73,0.39499352880821353,0.0,0.030780739509080536,0.43924608526248166,0.13497964642022434
Bulk 74,0.32231150242333034,0.1346623438039003,0.1825257055052445,0.2165390545905536,0.14396139367697117
Bulk 75,0.2811494610305168,0.12435965048920998,0.2315955265716678,0.20324989093687088,0.1596454709717346
Bulk 76,0.2804944401821799,0.009710988993368905,0.056659610354475684,0.611192256149873,0.04194270432010254
Bulk 77,0.7601976874417914,0.0,0.0,0.14757629161696303,0.09222602094124562
Bulk 78,0.34807164872706686,0.11981982846154168,0.19197215758623895,0.20073880703396452,0.13939755819118804
Bulk 79,0.23025027071627646,0.13072903169742714,0.06789844683841366,0.3532039836428115,0.21791826710507123
Bulk 80,0.44751642200125363,0.18702595586810197,0.0,0.24176357925002573,0.12369404288061861
Bulk 81,0.4103393922884176,0.14951429714865508,0.016992704044148144,0.2001072271788673,0.22304637933991192
Bulk 82,0.6141529157062048,0.05060581631247228,0.12438614019514757,0.005666331116851823,0.20518879666932363
Bulk 83,0.2368400239176315,0.1722313165899131,0.01461868566494135,0.21018001628124786,0.36612995754626615
Bulk 84,0.24172925621103278,0.1183249174904535,0.08376269842839126,0.40803835480165174,0.14814477306847076
Bulk 85,0.0,0.1996272539079452,0.15040313036281663,0.27972251948713933,0.3702470962420987
Bulk 86,0.23436014532346294,0.14093143526076685,0.0,0.3378862791379718,0.28682214027779834
Bulk 87,0.3526262410141391,0.18726904245472792,0.0664883053707942,0.21951859634007193,0.17409781482026682
Bulk 88,0.30332011006541343,0.1773821481070463,0.016635574747269788,0.3258913523825193,0.17677081469775124
Bulk 89,0.39954340513437425,0.07834691856137595,0.04336872849199911,0.3766590862002006,0.10208186161205011
Bulk 90,0.04865489432122085,0.18394964873885364,0.20820408629577689,0.32890166714785146,0.23028970349629718
Bulk 91,0.3916940147549958,0.16795756737409476,0.0,0.1410083444999175,0.29934007337099183
Bulk 92,0.21313887876880525,0.23246332456393135,0.09603689479947164,0.2358702140758037,0.22249068779198802
Bulk 93,0.1760852502477157,0.22660935517169709,0.06429560188283566,0.3290543505976742,0.20395544210007732
Bulk 94,0.45881811732829253,0.07214738557795097,0.03183037649822828,0.34759741715307213,0.08960670344245615
Bulk 95,0.4593651850173808,0.0,0.0821965178037071,0.4345178229560498,0.023920474222862368
Bulk 96,0.896834914513153,0.0,0.0027670203106415657,0.004470658147645036,0.0959274070285604
Bulk 97,0.32549486325759214,0.06099089966495628,0.2961834127134331,0.3173308243640184,0.0
Bulk 98,0.21296226257874645,0.08873892095636589,0.30082612278419046,0.2915919446192219,0.10588074906147524
Bulk 99,0.3362329457319218,0.1324826603464759,0.0,0.2413413827811716,0.28994301114043064
Bulk 100,0.024566365493721567,0.2711521293792738,0.13673847103261794,0.2712099920627278,0.29633304203165894
Bulk 101,0.20009191531033868,0.2149544829691581,0.11941475676734191,0.21374386989132663,0.2517949750618348
Bulk 102,0.07274686000443945,0.20208980303280846,0.059079252643197855,0.34769804779814945,0.3183860365214047
Bulk 103,0.22641858402824902,0.1448087899061566,0.0356741453514521,0.3573190734926274,0.2357794072215147
Bulk 104,0.34709693192716423,0.08456912031354202,0.0,0.3845369562585203,0.1837969915007734
Bulk 105,0.6617811036693416,0.11385609815674967,0.0,0.0,0.2243627981739086
Bulk 106,0.25951409054514313,0.20475353654329945,0.0,0.2098022227827658,0.3259301501287916
Bulk 107,0.23086739899329575,0.1307239742191996,0.11376832366398182,0.3078159503434175,0.2168243527801054
Bulk 108,0.1545649240704609,0.1489076702087062,0.10669752902355377,0.3428062260140344,0.2470236506832449
Bulk 109,0.2141516397774249,0.17351977151375758,0.04220839199828113,0.29496745405718744,0.27515274265334894
Bulk 110,1.0,0.0,0.0,0.0,0.0
Bulk 111,0.38678597415842664,0.2064402657427814,0.0,0.2953776232731572,0.1113961368256346
Bulk 112,0.40931826777440616,0.07756545977194722,0.155540587403732,0.13544747980363325,0.2221282052462814
Bulk 113,0.32920736347857343,0.18601146535494248,0.0,0.2880583393365428,0.19672283182994124
Bulk 114,0.17451315428257902,0.14033222583198937,0.16064462367871926,0.2868482803865741,0.23766171582013815
Bulk 115,0.26570727006039685,0.22429485293689605,0.05957343345233739,0.12643708290574504,0.3239873606446247
Bulk 116,0.406079373884585,0.11956036711458548,0.0,0.2943239957768548,0.18003626322397479
Bulk 117,0.1507478763724472,0.17425890066452454,0.020155462878920175,0.3706234695210846,0.2842142905630234
Bulk 118,0.35406969994764154,0.13345385349463898,0.0,0.17500734481866848,0.337469101739051
Bulk 119,0.23005404180796843,0.07910013648428434,0.055836163067169715,0.4008125154418309,0.23419714319874665
Bulk 120,0.33399269737440346,0.11366163295567934,0.026870418252090543,0.4120169388506752,0.11345831256715135
Bulk 121,0.14047726546681943,0.1832588041225973,0.1605785909434353,0.3141938288479405,0.2014915106192075
Bulk 122,0.7173770343360449,0.07056836677510318,0.0,0.05704481020122314,0.1550097886876287
Bulk 123,0.6731099555570738,0.0,0.09381024161998121,0.23307980282294508,0.0
Bulk 124,0.4467143212343214,0.05741025628128804,0.16802967255353032,0.32784574993086024,0.0
Bulk 125,0.21899058824099338,0.1709983765161918,0.20956173742761178,0.2373155292759342,0.16313376853926884
Bulk 126,0.39499345356327636,0.0,0.10814520249564498,0.49686134394107867,0.0
Bulk 127,0.2265376952350982,0.2720518102129251,0.018329205269884526,0.12699894849532536,0.3560823407867667
Bulk 128,0.31264358601000347,0.09830277504238948,0.09183250352490824,0.238337727087716,0.25888340833498286
Bulk 129,0.35774700598423537,0.217142225526309,0.0,0.19798991912830163,0.22712084936115398
Bulk 130,0.4330379933463314,0.08024716836626299,0.06125030912225426,0.20410038583081003,0.22136414333434118
Bulk 131,0.3775647820875005,0.09010997969086833,0.05725644093271475,0.3038746994753863,0.1711940978135299
Bulk 132,0.8097996518696867,0.0,0.0,0.0,0.19020034813031333
Bulk 133,0.8128108436562965,0.008354559845222037,0.0,0.0,0.1788345964984815
Bulk 134,0.34708242202840467,0.07962210305457457,0.1433963085860064,0.38529132255876425,0.04460784377225011
Bulk 135,0.404613432553733,0.0882105011495768,0.0,0.34921527255593077,0.15796079374075933
Bulk 136,0.3273582842046261,0.20071653766712735,0.08166599414825967,0.20131177581760273,0.18894740816238426
Bulk 137,0.5110183425597077,0.07549433269346997,0.0,0.19097200916443735,0.22251531558238496
Bulk 138,0.3136925822276515,0.18737678613638883,0.058892517654750065,0.1890538084198687,0.2509843055613409
Bulk 139,0.5247471250645263,0.10934595457677769,0.0957051860775051,0.12655302245100172,0.14364871183018937
Bulk 140,0.36406472049349303,0.09043433073536246,0.0,0.36649575909416426,0.17900518967698026
Bulk 141,0.0971121275900743,0.19606705697414364,0.06135868800345051,0.3841384132925171,0.26132371413981437
Bulk 142,0.7319661731648379,0.0,0.180162244414437,0.0,0.08787158242072499
Bulk 143,0.7362441485966957,0.02694694167394886,0.0,0.13268122225356588,0.10412768747578945
Bulk 144,0.3828507955205047,0.12088062742989909,0.05231150561697934,0.24087139854542322,0.20308567288719379
Bulk 145,0.6680220801071232,0.020381927807550725,0.0,0.07435560680507683,0.23724038528024918
Bulk 146,0.2024939922201209,0.006138439261636946,0.20584740222936618,0.5515918211275355,0.033928345161340585
Bulk 147,0.07190426404589337,0.15788178173560835,0.21732933310035796,0.3225295286011257,0.23035509251701464
Bulk 148,0.3964383206627529,0.07946795161641607,0.0389302121161089,0.3059827295118902,0.1791807860928318
Bulk 149,0.052407151207031134,0.10928587418605708,0.10989167618603449,0.5642420495994527,0.16417324882142467
Bulk 150,0.24749369888981265,0.0,0.21896157006313882,0.5075954407018549,0.025949290345193436
Bulk 151,0.2715852752560642,0.1768367365725436,0.06916161233791593,0.2244669770018333,0.2579493988316429
Bulk 152,0.4823289182931236,0.14124518101164835,0.003035415282701031,0.24767191211561745,0.12571857329690966
Bulk 153,0.5448895542390768,0.13849436242172455,0.0,0.053987829828762525,0.2626282535104362
Bulk 154,0.23126350569551427,0.1980925132685633,0.11968113414804214,0.07486871655202791,0.37609413033585243
Bulk 155,0.17069987566294365,0.11071317829658546,0.2142033914075895,0.32746543192401534,0.1769181227088659
Bulk 156,0.4832297309429095,0.059953275568719676,0.1432994258761933,0.22259305457530892,0.09092451303686842
Bulk 157,0.17921439149639093,0.16768539985960962,0.13670651889169183,0.2908045454345094,0.22558914431779828
Bulk 158,0.1672058161995866,0.11064184700334431,0.09150131686118429,0.4218176152220496,0.20883340471383513
Bulk 159,0.24127866585597954,0.19750678232933372,0.09598244786434644,0.25237569324864145,0.21285641070169875
Bulk 160,0.3892208684256825,0.12438574240802397,0.0,0.2423701961383922,0.24402319302790138
Bulk 161,0.41903388441363254,0.18316671007757016,0.0,0.05545701257198828,0.3423423929368089
Bulk 162,0.3274449194209818,0.06058353721043129,0.1742564882388859,0.17828153692087695,0.2594335182088241
Bulk 163,0.2884109667491081,0.05328805969383439,0.24723663601506263,0.2596037660002546,0.1514605715417403
Bulk 164,0.4397393353082918,0.14584530151786013,0.0,0.1853721234337802,0.22904323974006777
Bulk 165,0.38288243277243295,0.12331192749908734,0.0,0.15757388772970848,0.33623175199877137
Bulk 166,0.9078319504559379,0.0,0.0,0.0,0.09216804954406209
Bulk 167,0.5509751165451217,0.12659439728559158,0.1442969900428526,0.12915457205863667,0.04897892406779765
Bulk 168,0.0,0.06505877960281277,0.23672616542075467,0.43166665809904736,0.26654839687738524
Bulk 169,0.6631047332230809,0.0616361974319399,0.0,0.1013752700139722,0.17388379933100703
Bulk 170,0.35606962047820306,0.19381192490759888,0.03358307604974595,0.09418414293657523,0.3223512356278767
Bulk 171,0.1550753466343368,0.18257250598191324,0.041212606230178764,0.4255382198130958,0.19560132134047548
Bulk 172,0.2527183151401215,0.13738234426164422,0.17726318880115283,0.1677097732418836,0.2649263785551978
Bulk 173,0.4249550889933128,0.1385126317142347,0.0,0.21273137683119636,0.22380090246125603
Bulk 174,0.8108997173238593,0.03708801684848504,0.0,0.034625779006571024,0.11738648682108464
Bulk 175,0.31719977805469296,0.07067035623270368,0.1888580336937534,0.2840362645069663,0.13923556751188362
Bulk 176,0.3174857137994,0.01000129001579449,0.06657140194424134,0.42697188585114876,0.17896970838941534
Bulk 177,0.025986649142208263,0.21991561805686408,0.16833395070171572,0.3217302849769327,0.26403349712227925
Bulk 178,0.4069818154951978,0.10205358145161723,0.07774943021288269,0.30954819779931503,0.10366697504098726
Bulk 179,0.30460782114583806,0.048002018943485596,0.11683313510332909,0.43691494128171793,0.09364208352562928
Bulk 180,0.0,0.20910688216330217,0.09461218487255413,0.4309144206912785,0.2653665122728652
Bulk 181,0.1869864934590883,0.15995399383772071,0.10368685244600588,0.27778396027964486,0.2715886999775403
Bulk 182,0.09694625806375015,0.17958623048553943,0.05795560116916811,0.4576563313296665,0.20785557895187587
Bulk 183,0.3521987212418302,0.05874261477449947,0.16734260361838174,0.1634081077241785,0.25830795264110995
Bulk 184,0.16442934376755175,0.22068525706943679,0.012114597298558055,0.32113525115776714,0.28163555070668644
Bulk 185,0.3363811695096426,0.1621138064935678,0.11919897686889895,0.19306702556473676,0.18923902156315373
Bulk 186,0.43487742128717327,0.07316635868952635,0.08813137044108577,0.09327687508289577,0.31054797449931887
Bulk 187,0.2622649322859579,0.1238174842637216,0.05055734706535368,0.4200611985833415,0.1432990378016255
Bulk 188,0.35654825897298764,0.11072204025235068,0.08312957750688718,0.3132573973207089,0.13634272594706562
Bulk 189,0.3278185528561981,0.16330853742391668,0.13337522637229443,0.17773032208762804,0.1977673612599627
Bulk 190,0.5022799781081988,0.02196687559419929,0.0,0.312637337749227,0.16311580854837485
Bulk 191,0.21248802210318937,0.145890354509832,0.2024668581564368,0.29371221048111984,0.1454425547494219
Bulk 192,0.5180872815701635,0.15839878199404905,0.04145927002354105,0.03043628041629777,0.25161838599594866
Bulk 193,0.8009141830540921,0.07890696023800389,0.0,0.0,0.12017885670790406
Bulk 194,0.634784361025527,0.06980031090998118,0.0,0.09047273042457091,0.2049425976399209
Bulk 195,0.20906291968617027,0.18425373040744208,0.060740581721749634,0.3022124799818767,0.24373028820276113
Bulk 196,0.5162400220735315,0.1015079536944568,0.0,0.12854106412198876,0.25371096011002287
Bulk 197,0.197263747844974,0.2400031715583829,0.10833753301625296,0.26638838610200455,0.18800716147838553
Bulk 198,0.6480559324970762,0.11852522369658582,0.04856139582647588,0.0,0.1848574479798622
Bulk 199,0.32881835990473257,0.07168636503352831,0.24046728899806846,0.24346225288316736,0.11556573318050328
Bulk 200,0.1334669650014062,0.06315045638673131,0.32154650143237845,0.45983323027294176,0.022002846906542344
Bulk 201,0.29519974076963557,0.07063104992860071,0.00581795977275398,0.4486263310459279,0.17972491848308184
Bulk 202,0.3453480610532893,0.1670238668230463,0.03148754255588701,0.1560733168012094,0.300067212766568
Bulk 203,0.6161127136433339,0.13216096216542403,0.0017921429971464804,0.0,0.24993418119409566
Bulk 204,0.5721702125636315,0.1278450782058817,0.0,0.0,0.29998470923048676
Bulk 205,0.7120096478206595,0.06569259695865194,0.0,0.0,0.2222977552206886
Bulk 206,0.239861737346137,0.09846354311338416,0.20591719908443956,0.395399718228164,0.06035780222787534
Bulk 207,0.2937659300149115,0.19904000234898747,0.044533120472611515,0.19861203649944376,0.2640489106640459
Bulk 208,0.11252895161624775,0.2725492139513155,0.0,0.2804022964546544,0.3345195379777823
Bulk 209,0.5034068215831905,0.10884042496637292,0.0,0.1739806501418696,0.21377210330856694
Bulk 210,0.7638285080774585,0.0,0.0,0.0,0.23617149192254158
Bulk 211,0.1397667261522458,0.22502257292929678,0.17420006327200907,0.27124323431499975,0.1897674033314485
Bulk 212,0.7272205965518407,0.0675914322481559,0.0,0.0023326221343937963,0.20285534906560945
Bulk 213,0.30587397009869927,0.08997574472091716,0.2956676168512945,0.2593570103589465,0.04912565797014252
Bulk 214,0.2007983002480712,0.23526300048787002,0.19266757145605182,0.23993204516402966,0.13133908264397737
Bulk 215,0.31667984180915076,0.23337472098296405,0.004638538865368,0.23246297111052228,0.2128439272319949
Bulk 216,0.2650497361219597,0.25568567373827594,0.0,0.15094783665640343,0.32831675348336087
Bulk 217,0.24969839140802644,0.23329132081061765,0.059708063318652624,0.2258715177412075,0.23143070672149582
Bulk 218,0.2900709328357181,0.11083992373139082,0.14084843915749334,0.2900462280714231,0.16819447620397474
Bulk 219,0.4943239973756467,0.04009949169064317,0.08136358161883299,0.21001740315275114,0.17419552616212614
Bulk 220,0.26675031959952356,0.21907516913452896,0.08204082510053597,0.18331566601472357,0.24881802015068807
Bulk 221,0.15644429156324688,0.24127852826858243,0.1916689435143715,0.15898824101777057,0.25161999563602855
Bulk 222,0.19488990502447673,0.15756467330691168,0.0,0.3882806568817331,0.2592647647868785
Bulk 223,0.16484130525871488,0.21744609316292043,0.0952422692812023,0.34875805803145526,0.17371227426570718
Bulk 224,0.3682909443569884,0.13239268271576982,0.13295774537831095,0.1318962476979846,0.2344623798509462
Bulk 225,0.7255887373849716,0.03611261866517701,0.0,0.0,0.23829864394985148
Bulk 226,0.4080900756678214,0.16154825192886565,0.0626746946418242,0.22420010021281192,0.1434868775486767
Bulk 227,0.10311859185024859,0.25606515845598515,0.09737876873761853,0.24436201035826913,0.29907547059787865
Bulk 228,0.3172125335689079,0.23129202279392921,0.0,0.12491911026008416,0.3265763333770787
Bulk 229,0.26960554386287144,0.22071727216240714,0.0,0.21589244157342558,0.29378474240129576
Bulk 230,0.10931826077713815,0.23538389851559235,0.057315528525310855,0.3729065230100994,0.22507578917185933
Bulk 231,0.7730946348077152,0.043978808346331444,0.0,0.1829265568459534,0.0
Bulk 232,0.0,0.1154465392604755,0.11154761381924422,0.43261384502016836,0.340392001900112
Bulk 233,0.08885981064769828,0.19986478272512295,0.09854549332188257,0.3161649419598917,0.29656497134540444
Bulk 234,0.4463737762468744,0.13347348754078336,0.0,0.13023332876999918,0.2899194074423429
Bulk 235,0.1892778454507496,0.16902558115519986,0.1716025631915949,0.2408328582716555,0.22926115193080016
Bulk 236,0.0,0.23639478856882334,0.08529596003880024,0.41652974114547786,0.26177951024689855
Bulk 237,0.5705478114290179,0.03850986418644973,0.0,0.14766032733988527,0.2432819970446472
Bulk 238,0.4719843966251152,0.12243593732839443,0.0,0.09724436519621778,0.30833530085027255
Bulk 239,0.1353548924890353,0.023205764444518797,0.17819960226269838,0.6406639992233788,0.022575741580368916
Bulk 240,0.6556068469832653,0.09993463399275217,0.0,0.0,0.24445851902398252
Bulk 241,0.19205718869432176,0.12429435246318896,0.0,0.46798590817943586,0.21566255066305348
Bulk 242,0.6249491923310379,0.11408634092788185,0.0,0.07663806269255821,0.18432640404852205
Bulk 243,0.42604163506950915,0.10212317833196777,0.09653659908764067,0.16145665177873678,0.2138419357321457
Bulk 244,0.3766188022257476,0.24300097226825654,0.03184559008184971,0.04609634127696384,0.30243829414718215
Bulk 245,0.8386959097368673,0.0,0.0,0.0,0.16130409026313275
Bulk 246,0.09673307229017007,0.2602329298980344,0.04095076883348419,0.2460627348849727,0.35602049409333875
Bulk 247,0.4950638446506121,0.10948502435131753,0.0,0.0652111128235438,0.33024001817452664
Bulk 248,0.3024778588010834,0.13922030482723466,0.19478645125857852,0.217096846786303,0.14641853832680043
Bulk 249,0.7116447602627562,0.021304465652016127,0.11613206866244585,0.0,0.1509187054227817
Bulk 250,0.6315640070698559,0.1368151421520111,0.0,0.050319907278462056,0.18130094349967096
Bulk 251,0.39157928499572175,0.14131990187478338,0.0,0.29181813912415483,0.17528267400534
Bulk 252,0.3514485415410903,0.14005775151737143,0.06820785286418585,0.13102976552827572,0.3092560885490767
Bulk 253,0.35681980307456407,0.162005904237383,0.0,0.20514061748889706,0.27603367519915584
Bulk 254,0.6772012593526296,0.07935934538963817,0.0,0.0,0.24343939525773217
Bulk 255,0.25035811396589713,0.09301260378452504,0.19961039484095536,0.276856669832645,0.18016221757597742
Bulk 256,0.1795597157940637,0.14535786367800715,0.1399300207662753,0.26199963385933406,0.27315276590231985
Bulk 257,0.0,0.2891345790912019,0.08166008967022645,0.36924677965956404,0.2599585515790077
Bulk 258,0.34606365392333965,0.0756025261465685,0.07331824029030924,0.2878378933432666,0.21717768629651588
Bulk 259,0.5243349634735287,0.13952992353829466,0.10414906543026185,0.14641685378731054,0.08556919377060423
Bulk 260,0.07383785090285058,0.13063885545677148,0.11880422438807853,0.4910259796640667,0.1856930895882327
Bulk 261,0.0,0.19541898919523934,0.21195400084292657,0.23621535675241623,0.3564116532094178
Bulk 262,0.16428796336462362,0.12654326337590305,0.05498681446354844,0.2952968939468589,0.35888506484906607
Bulk 263,0.17355730418384313,0.16501500514325854,0.24530417575129385,0.2247661263175648,0.19135738860403967
Bulk 264,0.18607442459845128,0.2515172367144053,0.14411166843623063,0.18325662820654065,0.23504004204437196
Bulk 265,0.21695150576381264,0.08894402051348116,0.16829138557680265,0.35864362282316004,0.16716946532274354
Bulk 266,0.2610564383411865,0.14033045655510398,0.05423588076292755,0.3772241840272677,0.16715304031351413
Bulk 267,0.11651454976872645,0.23787429537718127,0.06863298454137609,0.32173897659103556,0.25523919372168064
Bulk 268,0.21665596455237462,0.2057135275241085,0.10937120370380524,0.24951738868970402,0.21874191553000763
Bulk 269,0.41168692024863585,0.12120461124835694,0.0,0.17951962618229836,0.28758884232070886
Bulk 270,0.42570487864912865,0.174750833754394,0.0,0.0990709971645702,0.3004732904319071
Bulk 271,0.11656992365121527,0.11903226911244039,0.08474664873556043,0.4528099857388543,0.22684117276192955
Bulk 272,0.21471546227114285,0.19367830619216314,0.17478414362184053,0.21597566972354013,0.20084641819131324
Bulk 273,0.3382531484574258,0.15238641155693192,0.08134249867683474,0.26173193648824805,0.1662860048205597
Bulk 274,0.2800725799598547,0.20407133852794734,0.0,0.21096710797292387,0.3048889735392741
Bulk 275,0.041550022295579706,0.13016739176611405,0.15751881445133903,0.3743925087758001,0.2963712627111671
Bulk 276,0.6980500233668394,0.0,0.0,0.1947833060971892,0.10716667053597133
Bulk 277,0.8139841063978774,0.010491362732913992,0.0,0.13163530459517683,0.043889226274031856
Bulk 278,0.18646488973845737,0.1983280792000193,0.0,0.372187516780365,0.24301951428115826
Bulk 279,0.0784442825696754,0.14792085696950225,0.2663003722989971,0.34659677983917214,0.16073770832265305
Bulk 280,0.49005273145985784,0.05779749966941129,0.16580971043658627,0.15066270202610127,0.1356773564080433
Bulk 281,0.7826330053618709,0.0,0.0,0.0,0.21736699463812909
Bulk 282,0.35726842750539123,0.1595517157803692,0.1514005429853048,0.18402878020499602,0.1477505335239387
Bulk 283,0.4655228569256741,0.15105564844793307,0.08401479405812604,0.038929885567489095,0.26047681500077785
Bulk 284,0.6185843534140532,0.044516856811393654,0.14581983410515298,0.0,0.19107895566940022
Bulk 285,0.26236197106221365,0.2915466317713511,0.00016573045375693228,0.0682600132493847,0.3776656534632936
Bulk 286,0.07048401580832998,0.26283173304237406,0.2143185507045664,0.2170455778731311,0.2353201225715985
Bulk 287,0.22641688878128585,0.02892760122264539,0.03544498291444546,0.5443070690222327,0.16490345805939063
Bulk 288,0.3700824715301346,0.17874290201628262,0.14824491542714321,0.13013902704854757,0.17279068397789207
Bulk 289,0.39386542196244345,0.14907349427265074,0.15611555293711576,0.11110649950249377,0.18983903132529642
Bulk 290,0.1382522494875654,0.25526200710093516,0.05717310949371365,0.2782886185723844,0.27102401534540116
Bulk 291,0.4172353212477016,0.2094489698091681,0.07079971716400821,0.06320790125861013,0.23930809052051194
Bulk 292,0.2500884056653692,0.21855261380054175,0.2001263966423421,0.06154783987793308,0.26968474401381376
Bulk 293,0.6462429308697377,0.04518067784224261,0.0,0.2194961720565936,0.089080219231426
Bulk 294,0.26423024310316623,0.22777618549228013,0.0,0.17506895556673716,0.3329246158378165
Bulk 295,0.5839676288547497,0.12522479830015004,0.0,0.06262820389236749,0.22817936895273255
Bulk 296,0.5893578734644639,0.12277897602994035,0.0,0.07631452320878203,0.21154862729681365
Bulk 297,0.7216439045079144,0.08269868929695655,0.0,0.0,0.19565740619512897
Bulk 298,0.0,0.2003200879963004,0.18884494815349126,0.4510938093246394,0.15974115452556903
Bulk 299,0.4395462634061435,0.21287790957467803,0.06121012004671144,0.03560207854436368,0.2507636284281034
Bulk 300,0.2800800256388927,0.14704333880565207,0.09028107076772156,0.2840490900486201,0.19854647473911352
Bulk 301,0.17198900924998453,0.3165194914203214,0.0,0.13031225614210495,0.3811792431875891
Bulk 302,0.14644021850853955,0.21690006397798087,0.020164921869801827,0.37354469809249524,0.24295009755118252
Bulk 303,0.11727069155414187,0.22948745604323373,0.10019028002292234,0.2405948144021287,0.31245675797757333
Bulk 304,0.33088205509373664,0.11263993907495266,0.1623505173081695,0.2814410174611668,0.11268647106197444
Bulk 305,0.6128785122317617,0.1091465341103946,0.0,0.0,0.2779749536578437
Bulk 306,0.5762116360902203,0.1227835062832139,0.0,0.0,0.30100485762656587
Bulk 307,0.5086989260583736,0.10039133007114871,0.0,0.13059221970563978,0.2603175241648377
Bulk 308,0.35076374924491627,0.21071184617748281,0.013984881296425212,0.11016246565128791,0.31437705762988793
Bulk 309,0.6822475785217273,0.05940916811092632,0.0,0.0,0.25834325336734637
Bulk 310,0.2558643726886568,0.25423320459759197,0.0,0.20369362038109037,0.286208802332661
Bulk 311,0.202398331028696,0.19464728701386344,0.1766012994072635,0.19166779811307488,0.23468528443710202
Bulk 312,0.49125873877021503,0.14624879849709907,0.0,0.0,0.36249246273268587
Bulk 313,0.23864054286819178,0.1635185748098394,0.05451214605871239,0.27348653644928356,0.2698421998139729
Bulk 314,0.5092424787111381,0.14841406469267662,0.0,0.12863161102253595,0.21371184557364922
Bulk 315,0.3479106097170955,0.21107886585124816,0.0,0.1472588928279766,0.2937516316036797
Bulk 316,0.2404269992936916,0.26051363007870565,0.005970707270940603,0.19689050049603657,0.29619816286062545
Bulk 317,0.23085709920923253,0.2829296420283811,0.0013335925141549844,0.19664095374651208,0.2882387125017193
Bulk 318,0.23523349970227292,0.1824184644896011,0.09827205340524871,0.23426846291076092,0.24980751949211624
Bulk 319,0.12106154699769262,0.25878086853997984,0.01940713661693499,0.3130779108710819,0.2876725369743107
Bulk 320,0.5422840157636734,0.13940654645633416,0.0,0.08571291699519969,0.2325965207847928
Bulk 321,0.28121651812828374,0.301134906705697,0.0,0.08420524595933457,0.3334433292066846
Bulk 322,0.397755978317692,0.17544780041376945,0.0,0.16444139489844725,0.2623548263700912
Bulk 323,0.40764285488661073,0.2206080396784459,0.0331584284114458,0.056378329750371374,0.2822123472731262
Bulk 324,0.41517674875495875,0.12449406685664122,0.10579067898670128,0.2166623452982033,0.13787616010349557
Bulk 325,0.13530571708796102,0.16710631101932158,0.3325328602198798,0.16664895852803593,0.19840615314480153
Bulk 326,0.11157473321476744,0.17998380999050814,0.25911524978744727,0.26156380963513626,0.18776239737214084
Bulk 327,0.24139371180161137,0.23487742437104164,0.08412511397382023,0.1025770238981591,0.3370267259553677
Bulk 328,0.16388914868894586,0.18734464588607502,0.20590420198548312,0.2339564013665093,0.20890560207298664
Bulk 329,0.6008098778718464,0.05938294242353299,0.0,0.2856021909904022,0.054204988714218486
Bulk 330,0.45733630362632416,0.05417645426145904,0.0,0.31712713118639657,0.1713601109258203
Bulk 331,0.20444420049944365,0.2367130789126958,0.13130518158802038,0.22090165831515965,0.2066358806846804
Bulk 332,0.26785922726183564,0.2775711507888951,0.013904267751174863,0.1880185434849936,0.2526468107131007
Bulk 333,0.2645705870712616,0.19185794849328636,0.3408768362808577,0.03250933129747003,0.1701852968571245
Bulk 334,0.07281968376826885,0.0,0.004134168820104157,0.8719243043997029,0.05112184301192406
Bulk 335,0.5536448550027054,0.19551733873188964,0.0,0.0,0.2508378062654049
Bulk 336,0.2507787010565626,0.23971152264511073,0.15697333686539006,0.11632209220935036,0.23621434722358628
Bulk 337,0.0374765030639669,0.11381824188488374,0.13360580710032105,0.5223828853831911,0.19271656256763717
Bulk 338,0.17889722824545792,0.2606416953940207,0.03360365410580629,0.30140884793828626,0.2254485743164289
Bulk 339,0.8038228039955169,0.02849888065782043,0.0,0.0,0.1676783153466627
Bulk 340,0.3604222951387976,0.0,0.11949511747488148,0.4334361739162104,0.08664641347011044
Bulk 341,0.30095642156433344,0.16484070637738923,0.19890050663306263,0.19044686108601305,0.14485550433920158
Bulk 342,0.0,0.1635186893942211,0.12854098785529747,0.40593718647867316,0.30200313627180836
Bulk 343,0.32852042935622294,0.16004656919852772,0.05348173878415674,0.15477280001459448,0.3031784626464982
Bulk 344,0.49179616412675586,0.0,0.0,0.21043245424846316,0.297771381624781
Bulk 345,0.4085774643738369,0.19034069315810562,0.10764980785969712,0.09289587278512035,0.20053616182324005
Bulk 346,0.4991928471913811,0.10387511756723651,0.0,0.16430076722971995,0.23263126801166256
Bulk 347,0.33027458004866744,0.12837362187442056,0.0,0.405641460152061,0.135710337924851
Bulk 348,0.3103059532499694,0.07199876484850692,0.3378287080021781,0.09243140931250877,0.1874351645868367
Bulk 349,0.23015155864773307,0.2053445215198644,0.057643304108016574,0.2208437889497425,0.2860168267746436
Bulk 350,0.49165987581892545,0.021229107314010835,0.2266342098483446,0.014579449507526964,0.2458973575111921
Bulk 351,0.9791958985920682,0.0,0.0,0.0,0.02080410140793167
Bulk 352,0.16248178922544892,0.2219998744810928,0.06225507911721402,0.3381160156674832,0.21514724150876108
Bulk 353,0.2975285219253821,0.20187319194477854,0.1607745901242083,0.17620365000806867,0.1636200459975626
Bulk 354,0.5484678223865768,0.069444173886391,0.348347445019871,0.03374055870716122,0.0
Bulk 355,0.09677382794903547,0.18677425009173015,0.23350822864875695,0.2643144722256399,0.2186292210848374
Bulk 356,0.27864367952465585,0.24126871081527201,0.0,0.14975664488045767,0.3303309647796145
Bulk 357,0.32662949537340336,0.20844265164926246,0.0,0.15920191125172498,0.3057259417256093
Bulk 358,0.4984748227256744,0.1758696573794228,0.0,0.061651272367011525,0.26400424752789137
Bulk 359,0.5604241637567476,0.12494001656397681,0.31463581967927556,0.0,0.0
Bulk 360,0.30650445569084533,0.21828465437069547,0.0,0.1290599311709804,0.34615095876747887
Bulk 361,0.4034671310612012,0.21219117633348075,0.0,0.18853353607938478,0.1958081565259333
Bulk 362,0.05464416143425886,0.2508865901201586,0.01254234494943603,0.340589527657837,0.3413373758383094
Bulk 363,0.14609586819640843,0.25571333997057455,0.153933656743899,0.232500614810048,0.21175652027907002
Bulk 364,0.2263706274052656,0.08876289392624152,0.12363991038007889,0.34820559539370155,0.21302097289471245
Bulk 365,0.3285036421643642,0.16177039458115877,0.0,0.33146163370893494,0.17826432954554194
Bulk 366,0.21452583324922667,0.16267484127537798,0.034316574887165815,0.28298601225636216,0.3054967383318673
Bulk 367,0.2355122988212559,0.2077951047620176,0.13985832846007595,0.30603249880749767,0.1108017691491528
Bulk 368,0.07515240026247576,0.25278927652273786,0.0875944754515486,0.19493369084061105,0.38953015692262666
Bulk 369,0.2555207123620156,0.12658058612024237,0.20726136640920653,0.27525226959416016,0.13538506551437537
Bulk 370,0.20869532132804133,0.21627596211164435,0.18256459343045833,0.16523757982632006,0.22722654330353587
Bulk 371,0.37076569769680756,0.2103103418984161,0.07465062398474315,0.06057223396906926,0.28370110245096397
Bulk 372,0.13425821670960195,0.3337165953551398,0.08530875313146159,0.07403128692213498,0.3726851478816617
Bulk 373,0.2122558595267685,0.22986786957909058,0.043810005178037965,0.19525580228532038,0.31881046343078256
Bulk 374,0.862752523247643,0.0,0.0,0.0,0.1372474767523571
Bulk 375,0.0,0.2260280941634976,0.12503862914921873,0.27828011528842783,0.37065316139885573
Bulk 376,0.4079616253738881,0.1468578739536765,0.11745921327165137,0.1428208155163331,0.1849004718844509
Bulk 377,0.32932252310047,0.10122672571008288,0.37832336364966007,0.19112738753978706,0.0
Bulk 378,0.40404491817319593,0.19456602621050026,0.06882224187396871,0.0,0.33256681374233504
Bulk 379,0.12909765381966867,0.3165461614084646,0.0,0.2781071192761741,0.27624906549569267
Bulk 380,0.4586745563825113,0.11474448471554308,0.02591557652014933,0.14471101556010074,0.25595436682169553
Bulk 381,0.5349154679289555,0.08662367013000238,0.12810885903218347,0.05119439210429366,0.199157610804565
Bulk 382,0.5809610652400572,0.04622871000850221,0.023119963935243393,0.1494337270151513,0.20025653380104588
Bulk 383,0.6585921373707115,0.029574227463091417,0.0,0.11125198754408616,0.2005816476221108
Bulk 384,0.0,0.310853060333894,0.01568557845274172,0.25795050647578566,0.41551085473757865
Bulk 385,0.12228774575898846,0.12683221146686496,0.09688190124226251,0.3658803969046586,0.28811774462722556
Bulk 386,0.20404526821733987,0.20865913855117454,0.139746256865779,0.20009340251153873,0.24745593385416784
Bulk 387,0.616990063906661,0.13057568314144913,0.0,0.03396177936461494,0.21847247358727498
Bulk 388,0.29861232434530527,0.30862183391118114,0.0,0.016443231995325006,0.37632260974818854
Bulk 389,0.9462481035791416,0.0,0.0,0.03805480697227024,0.015697089448588237
Bulk 390,0.31524929372157745,0.16826035034720432,0.12636301180780932,0.13176448867193188,0.2583628554514769
Bulk 391,0.26234444966366727,0.19634388290948462,0.0,0.36854176997428373,0.1727698974525644
Bulk 392,0.24047791635301846,0.15986845533654342,0.07446769977656471,0.19947914588571378,0.3257067826481596
Bulk 393,0.03865302101270936,0.2342759763338035,0.09953626555481358,0.32300655609492984,0.3045281810037437
Bulk 394,0.36981783034903315,0.10379470321786023,0.09090416639362146,0.2258379894583483,0.20964531058113695
Bulk 395,0.6557474190840217,0.04292603804765273,0.04993772976747819,0.05067767887330368,0.2007111342275437
Bulk 396,0.45677131688251305,0.08351555830908201,0.0,0.24608887739107044,0.21362424741733452
Bulk 397,0.41383851365411084,0.2009945043083702,0.1340492171131895,0.021000731284085514,0.23011703364024405
Bulk 398,0.5639707380122592,0.0790624340313643,0.180969615906497,0.0025450163730624197,0.173452195676817
Bulk 399,0.5800415636886619,0.12726203665158173,0.0,0.06175316402846839,0.23094323563128807
Bulk 400,0.567199240544636,0.11591303083307662,0.0,0.03231959156456883,0.2845681370577184
Bulk 401,0.4512809086955798,0.19848598847996668,0.008971547911436721,0.13870664290618198,0.202554912006835
Bulk 402,0.1448402054448603,0.26557807685573115,0.0,0.19604232412111136,0.3935393935782971
