,Ast,End,Mic,Neu,Oli
Bulk 0,0.19453942741754365,0.2573013935419147,0.09285748900351867,0.27006677825186715,0.1852349117851558
Bulk 1,0.5550909865303555,0.01747328594517625,0.0,0.284422475018783,0.14301325250568508
Bulk 2,0.09160228263202784,0.1700379582219214,0.1272788931894269,0.4351827099489631,0.17589815600766084
Bulk 3,0.09236612767776083,0.1934466805659257,0.1274074678005916,0.35402323112365136,0.23275649283207053
Bulk 4,0.5005347503301808,0.19621785992566285,0.0,0.0,0.3032473897441564
Bulk 5,0.09830231526490465,0.22651975787160342,0.12696916036547037,0.34282701201075844,0.205381754487263
Bulk 6,0.4585270404728942,0.12285058995142736,0.09303395463005,0.09942152744020798,0.2261668875054204
Bulk 7,0.36772394390483204,0.07661247781991126,0.0,0.3808005871703805,0.17486299110487605
Bulk 8,0.04152914922238404,0.18679282821783996,0.09926556293155006,0.40626245939967015,0.26615000022855584
Bulk 9,0.29491708483685547,0.22880534879658201,0.017417836060326642,0.25745650167635054,0.2014032286298853
Bulk 10,0.3370287954238035,0.12233313723596348,0.004304759050239609,0.39191466963433697,0.14441863865565663
Bulk 11,0.06300625518812669,0.164934400551551,0.09917502001041148,0.3813126890874323,0.29157163516247847
Bulk 12,0.44071573532145164,0.05765993221168715,0.0,0.24071976435778425,0.2609045681090769
Bulk 13,0.2945833799535841,0.0,0.15149174940805082,0.5340828106389091,0.019842059999456076
Bulk 14,0.6065894399622435,0.09991841352705645,0.08606324009736281,0.0699147553297174,0.13751415108361967
Bulk 15,0.40670242397979117,0.13175696610251106,0.0,0.17729795184717753,0.28424265807052024
Bulk 16,0.2767244277463788,0.12478795420610769,0.12196370721361884,0.3427655549722239,0.13375835586167076
Bulk 17,0.5574784104388674,0.13425133778969353,0.05941777192467659,0.1913717986384887,0.05748068120827384
Bulk 18,0.29086234685230156,0.24841194138906292,0.0,0.17012743547515305,0.29059827628348234
Bulk 19,0.26211567899216126,0.07284864795852034,0.08862259561761977,0.456693481827073,0.11971959560462572
Bulk 20,0.10178821195097032,0.16001788570216413,0.04969363105225997,0.44191308550175384,0.24658718579285177
Bulk 21,0.35345474432575763,0.04957347815954961,0.04074870607094124,0.33529559221548066,0.2209274792282708
Bulk 22,0.15682558822244216,0.08453962272579522,0.06281111596289211,0.4864905291384557,0.20933314395041486
Bulk 23,0.12731985641038368,0.15022469386093368,0.008530134706322683,0.49377634018886846,0.22014897483349144
Bulk 24,0.1904963613864748,0.2116300377037559,0.13553161691025287,0.22790867261463035,0.2344333113848862
Bulk 25,0.1060501152804751,0.24863045439162793,0.0,0.3555994460494569,0.28971998427843987
Bulk 26,0.36737378923670405,0.1337989152238567,0.0,0.19634363462210552,0.30248366091733375
Bulk 27,0.11040748830661011,0.15860980616291867,0.28049778165468425,0.24313285016460662,0.20735207371118033
Bulk 28,0.1452772001745041,0.19465355305066334,0.11532399285230613,0.34511946589261283,0.1996257880299136
Bulk 29,0.3875490142836962,0.1938453201068349,0.03621091864477889,0.1803298796049663,0.20206486735972373
Bulk 30,0.35883913549970314,0.13694146245486893,0.16186139492479915,0.23883163835491394,0.10352636876571478
Bulk 31,0.6681142238514575,0.05543054758598768,0.0,0.0,0.27645522856255494
Bulk 32,0.232504311695677,0.061326721813515346,0.11907394706889987,0.3712652668060523,0.21582975261585546
Bulk 33,0.18166219364480146,0.17635803707186623,0.09442991491169267,0.35671190913123413,0.1908379452404054
Bulk 34,0.5136153513596174,0.06489775365207999,0.0,0.2668007984106731,0.15468609657762947
Bulk 35,0.363882455799254,0.1525981112065523,0.08689216415213681,0.18086028431843343,0.2157669845236234
Bulk 36,0.6395587334753652,0.08678383050061972,0.0,0.05651463117643333,0.21714280484758178
Bulk 37,0.3892611082652533,0.14496467813104377,0.0,0.21922199712134913,0.2465522164823538
Bulk 38,0.21416760091701384,0.2062906858536537,0.055971321349660375,0.22409896591907724,0.29947142596059473
Bulk 39,0.03534971839828142,0.3138225370706496,0.06655221388483752,0.27581739808582517,0.3084581325604063
Bulk 40,0.6677469845333999,0.0,0.0,0.2721224072540879,0.060130608212512364
Bulk 41,0.3590687558198616,0.1785491968843336,0.04149168016140059,0.17093868949383487,0.24995167764056941
Bulk 42,0.3876175763042599,0.056013536711535306,0.0,0.3933694380273088,0.16299944895689591
Bulk 43,0.0,0.23164263731166473,0.06113725316818237,0.416833852567411,0.2903862569527419
Bulk 44,0.2437798909461053,0.13299498209851027,0.140641735923342,0.31259000734193665,0.16999338369010578
Bulk 45,0.49744518014571404,0.12954768637152084,0.0839210350032528,0.11500092781970211,0.17408517065981022
Bulk 46,0.3352276582742511,0.09110135290778494,0.18437774640823026,0.24791567077832127,0.1413775716314124
Bulk 47,0.2545345713931304,0.20200806442596614,0.01867657461145213,0.20061226305394125,0.3241685265155101
Bulk 48,0.24454496287620417,0.11585749834744992,0.20139190603993778,0.3661576665167838,0.07204796621962418
Bulk 49,0.0,0.2831288331840665,0.04404328036530879,0.2999959713522465,0.3728319150983782
Bulk 50,0.24198093431496995,0.12053867144686368,0.13392589776932115,0.3134585153912392,0.19009598107760586
Bulk 51,0.5082637313448986,0.0004124507706702588,0.0,0.2956983662273191,0.195625451657112
Bulk 52,0.06612471191831468,0.2835459380471705,0.02724696041114349,0.270212658439118,0.3528697311842534
Bulk 53,0.026429209330023854,0.25241141767044556,0.24076291758738497,0.32912092042321345,0.151275534988932
Bulk 54,0.28861803172273864,0.12983385302167819,0.10047751893428254,0.2630029739450582,0.21806762237624244
Bulk 55,0.2763306238519176,0.0777782503352901,0.0,0.35259107951496604,0.29330004629782624
Bulk 56,0.4031783610901809,0.12834233329123043,0.0,0.23549896725028568,0.23298033836830298
Bulk 57,0.2964735768394076,0.12967767673949934,0.20792126651125462,0.12891573007509075,0.2370117498347476
Bulk 58,0.6854611802472702,0.0033298781970092462,0.0,0.11807884671020728,0.1931300948455131
Bulk 59,0.12495805903935703,0.17165039416056532,0.12252623970453581,0.2716804709639376,0.3091848361316043
Bulk 60,0.43150319936416376,0.03816172950172211,0.0,0.5145305904491256,0.015804480684988697
Bulk 61,0.17788312071449966,0.2080929196052383,0.030154738067603947,0.36852432500172977,0.2153448966109285
Bulk 62,0.17617718060419107,0.144777375615112,0.12615293981756462,0.38925208022409663,0.16364042373903562
Bulk 63,0.4067848610360209,0.07486604511950846,0.09970027447350921,0.2646227802663099,0.15402603910465157
Bulk 64,0.07832028297709931,0.17479654644081363,0.17480528550765073,0.3763209200149651,0.19575696505947127
Bulk 65,0.38420634673837806,0.23476282220795444,0.0,0.05708492682741708,0.3239459042262504
Bulk 66,0.31144805012899346,0.20699949043449048,0.0,0.23876513978738512,0.24278731964913094
Bulk 67,0.34072304221964944,0.149740757715116,0.0,0.2203878962185196,0.2891483038467151
Bulk 68,0.30962204536565563,0.19856361613399293,0.0,0.22515670295380716,0.26665763554654437
Bulk 69,0.16899343493478458,0.032260035576315606,0.16202500969322398,0.4495832644845435,0.18713825531113235
Bulk 70,0.05945815646571651,0.1833210607777014,0.05164114627054871,0.3934402911183586,0.3121393453676746
Bulk 71,0.22212498228166005,0.14728139317401842,0.1051766258698437,0.3594984028489073,0.16591859582557048
Bulk 72,0.1689210823343018,0.19368369724096818,0.0,0.40822741046259214,0.22916780996213773
Bulk 73,0.2306692813575917,0.19809446725757426,0.0,0.3232262400709307,0.2480100113139032
Bulk 74,0.47521355169426255,0.035358956153051305,0.07068029285437999,0.3208783138421121,0.09786888545619403
Bulk 75,0.5521652998105967,0.09992437759634719,0.0,0.09513161936045413,0.252778703232602
Bulk 76,0.18784319823555767,0.15744883720352032,0.07868921927914856,0.43849382695793515,0.1375249183238383
Bulk 77,0.6713572913341054,0.05142478321475781,0.0,0.0,0.27721792545113677
Bulk 78,0.1358110480408986,0.19808237435592999,0.08095448719533165,0.35618837222268734,0.22896371818515238
Bulk 79,0.2009046124887244,0.11480359301916603,0.013047847243376712,0.4374083047467575,0.2338356425019754
Bulk 80,0.31018411403176016,0.19323927904402885,0.04745270281308071,0.1475035677568013,0.30162033635432894
Bulk 81,0.17779956011795744,0.22287799029762484,0.046279002068028874,0.26314879959525006,0.28989464792113867
Bulk 82,0.7220133044185785,0.06248549689636484,0.0,0.10248666137290705,0.11301453731214965
Bulk 83,0.3003826903970261,0.21881876009219076,0.0,0.21951497325812555,0.26128357625265763
Bulk 84,0.1545372620840913,0.05562208775948221,0.08854118358952773,0.5616349690211209,0.13966449754577787
Bulk 85,0.08160142255302355,0.21119722776414573,0.10060626015563828,0.3818668011585165,0.22472828836867595
Bulk 86,0.08723568345665982,0.2722197409179379,0.01769190023171989,0.2945357648616257,0.32831691053205675
Bulk 87,0.4364346816649208,0.17481182008110835,0.03576987204723399,0.11514918973621373,0.23783443647052321
Bulk 88,0.07422983078306748,0.20371502932853644,0.08599685808933936,0.3877319844382162,0.2483262973608405
Bulk 89,0.3043710555323805,0.132830363765739,0.03165766438302495,0.3101723502318601,0.2209685660869955
Bulk 90,0.27293185770827044,0.034507188250665524,0.1919934009667137,0.47901398044322907,0.0215535726311214
Bulk 91,0.3068663346702938,0.12503842871253426,0.03126256115582097,0.23346578382938435,0.3033668916319667
Bulk 92,0.4316500256116681,0.12279267937997713,0.0,0.2011445463721154,0.2444127486362394
Bulk 93,0.14896582413237966,0.17635716450113775,0.135375848387736,0.3438817017125352,0.1954194612662114
Bulk 94,0.30243185905449593,0.020559477779974075,0.10661304206783762,0.4786980143808885,0.09169760671680383
Bulk 95,0.17862871134580025,0.14935753255259096,0.028344912192065374,0.3894428794981943,0.2542259644113492
Bulk 96,0.8920729694845776,0.0,0.07797272387847871,0.0,0.029954306636943557
Bulk 97,0.920386957587488,0.0,0.0,0.0,0.07961304241251188
Bulk 98,0.5528591949334462,0.0,0.2562774667359552,0.1908633383305986,0.0
Bulk 99,0.19095086099304936,0.16909379865213364,0.09646863201493805,0.3108310439210738,0.23265566441880503
Bulk 100,0.18938971968371213,0.17127324208360903,0.20694308700617878,0.29571586664105826,0.13667808458544187
Bulk 101,0.4485082537857952,0.12857482674523962,0.013773158627914622,0.17893975188522726,0.23020400895582316
Bulk 102,0.006020134836449764,0.14661956312008564,0.15185237343420777,0.4211847421666748,0.2743231864425821
Bulk 103,0.06919517928928835,0.09970639584823406,0.18560947289583984,0.5314711439949429,0.11401780797169483
Bulk 104,0.21257828184004623,0.12746784267010447,0.0,0.36604455704228944,0.2939093184475598
Bulk 105,0.3186955260729674,0.1310300812856666,0.2414627121457946,0.20338138655192642,0.10543029394364499
Bulk 106,0.050663688588278036,0.2713498568679526,0.12282437233511141,0.2938160895453992,0.26134599266325875
Bulk 107,0.13961855838402384,0.3190055251882383,0.0014678989051718336,0.1793091798700356,0.3605988376525303
Bulk 108,0.021609820593610482,0.21217873298258805,0.07674127646828835,0.36964086171966976,0.31982930823584327
Bulk 109,0.1063732254453244,0.21027685675706143,0.14769506480869465,0.30922767676314955,0.22642717622576988
Bulk 110,0.8767896899022151,0.0,0.013774148828309908,0.0,0.10943616126947488
Bulk 111,0.5019423656774655,0.1755048633005652,0.11296757382384448,0.1399879109482564,0.06959728624986847
Bulk 112,0.175982301395032,0.23788115429468973,0.023403370945373227,0.28986946222817445,0.2728637111367305
Bulk 113,0.2785157933673595,0.1608150119897662,0.045644200694156575,0.33224842694488843,0.1827765670038293
Bulk 114,0.2921894013157816,0.1992690769968079,0.16266235366818865,0.18460800470802502,0.16127116331119687
Bulk 115,0.378696424478446,0.10968596335965117,0.11530585596965376,0.24036653342351696,0.15594522276873204
Bulk 116,0.46598086921840737,0.10857103980257046,0.056842633129619756,0.32605736849436073,0.042548089355041514
Bulk 117,0.1007910647184892,0.1762876133528515,0.04950688332572515,0.36759523183934784,0.3058192067635865
Bulk 118,0.5383781386048083,0.012095369533008384,0.0,0.3099732923317367,0.13955319953044654
Bulk 119,0.21952718302786683,0.14079965331573607,0.0,0.3715195188604989,0.2681536447958981
Bulk 120,0.5859923207464421,0.07128974041389056,0.07592711612923059,0.22754888617474164,0.0392419365356949
Bulk 121,0.3014309006046697,0.1781570801408503,0.0008363734931361549,0.2790530732008777,0.2405225725604661
Bulk 122,0.6079631185178254,0.0657389564309102,0.2227633351461527,0.007462637706515776,0.09607195219859592
Bulk 123,0.3277057086672035,0.14884633680879047,0.08635604540142353,0.2769913337553667,0.16010057536721584
Bulk 124,0.5082411899406631,0.0,0.1735897076097464,0.23577334570786965,0.08239575674172081
Bulk 125,0.39018139714980166,0.09118907196209687,0.11550023193660394,0.2199840559224432,0.18314524302905438
Bulk 126,0.0,0.21113341036555108,0.09090820649144059,0.46156096571085,0.23639741743215828
Bulk 127,0.3551321408065738,0.16159233601012185,0.0,0.21375534852862285,0.2695201746546815
Bulk 128,0.21482371032738848,0.1303030040078265,0.19193071656371627,0.16261048488465296,0.3003320842164158
Bulk 129,0.4417527621652236,0.17171281806566155,0.0,0.11371543141673203,0.27281898835238283
Bulk 130,0.39531509908899276,0.07755849104937726,0.1497712647487786,0.18342811270911927,0.1939270324037323
Bulk 131,0.45874923243225424,0.10620562212423078,0.0,0.22996340153866676,0.20508174390484837
Bulk 132,0.7831816929170197,0.01992273333047259,0.0,0.0,0.19689557375250777
Bulk 133,0.5847845070425244,0.04302089053108968,0.12161427241969279,0.12714491565883004,0.12343541434786313
Bulk 134,0.29182424926340506,0.1516939190608855,0.1054924339564633,0.25817724965843913,0.192812148060807
Bulk 135,0.5278407593413279,0.0,0.037326154443088386,0.3434705559962584,0.09136253021932536
Bulk 136,0.28238390742329716,0.18258705711004405,0.0,0.2416114653131238,0.29341757015353515
Bulk 137,0.3966727313578078,0.10411676519462154,0.1459457992427897,0.09340783861939721,0.2598568655853838
Bulk 138,0.21728827526613081,0.09554597086202034,0.0,0.43773654184698063,0.24942921202486829
Bulk 139,0.7511460751264605,0.04646948583879837,0.0,0.05885471922943518,0.14352971980530602
Bulk 140,0.167866120991216,0.16008941802973073,0.15704502551543134,0.23380761149818735,0.28119182396543446
Bulk 141,0.13455281476721534,0.08801434251317262,0.139291482971885,0.411682235206334,0.22645912454139297
Bulk 142,0.29840687789177134,0.08538566188233063,0.35204444437936244,0.13762207959767514,0.12654093624886056
Bulk 143,0.2328332499010403,0.14967564882741555,0.2361837568583989,0.18734666326117616,0.19396068115196907
Bulk 144,0.23895072700263556,0.24019345952193358,0.0,0.2344177884924312,0.2864380249829997
Bulk 145,0.4381793703553174,0.12618809751193605,0.10611734998853234,0.025035542422345083,0.3044796397218691
Bulk 146,0.2619347826762764,0.13652886975834738,0.0,0.3505561593570621,0.25098018820831414
Bulk 147,0.1201780170007966,0.23221149075215258,0.11807901364655538,0.34394006212473616,0.1855914164757593
Bulk 148,0.25408275785223255,0.15039713848983866,0.09499135639645273,0.35028069035845333,0.15024805690302276
Bulk 149,0.22158852229227416,0.12495996106284839,0.0,0.41106603082664445,0.24238548581823294
Bulk 150,0.0,0.18135634097115433,0.1989886379462185,0.34363884715313636,0.2760161739294908
Bulk 151,0.2935768653778101,0.18957152705864513,0.0,0.2542031896738697,0.2626484178896752
Bulk 152,0.6204174567817978,0.14328564842180339,0.0,0.05982754691115193,0.17646934788524674
Bulk 153,0.4657296415988293,0.04085641935698991,0.13648076751697502,0.3263986737934387,0.030534497733766982
Bulk 154,0.19178897629392178,0.2217892163236445,0.0,0.2653983610435231,0.3210234463389106
Bulk 155,0.11427028537629606,0.1063748988032611,0.2578721090891257,0.33971463248162775,0.18176807424968938
Bulk 156,0.6171308913106611,0.10871840016414665,0.0,0.06669026586091788,0.20746044266427438
Bulk 157,0.10864322951738854,0.2159192848792216,0.13923124532072828,0.2852276581288499,0.2509785821538117
Bulk 158,0.3247005133034424,0.1660254298273157,0.0,0.2653576292556572,0.24391642761358476
Bulk 159,0.461443040177114,0.08221435627548129,0.06694193673358012,0.18129536031066815,0.20810530650315642
Bulk 160,0.43152484847157657,0.16747591683393975,0.0,0.20586423207423885,0.19513500262024486
Bulk 161,0.42936678369282333,0.15962478392399243,0.0,0.09642314355198897,0.3145852888311952
Bulk 162,0.23895729825484982,0.1808739756756985,0.03717447433095162,0.399403853683758,0.14359039805474205
Bulk 163,0.4874650429123651,0.06661792438869418,0.04411345081518704,0.25831705119086684,0.14348653069288686
Bulk 164,0.38321361746467886,0.20777091849770857,0.011394459684166847,0.08727158020181623,0.31034942415162964
Bulk 165,0.1561142397579988,0.20924577404235672,0.05451568137715054,0.3391809247775915,0.24094338004490243
Bulk 166,0.7573861389288922,0.0685919999701382,0.0,0.0,0.17402186110096954
Bulk 167,0.5772103263125786,0.13533906546052524,0.0,0.07182822217102429,0.21562238605587167
Bulk 168,0.1091492255113507,0.14436160429326603,0.10177162339977795,0.43657155391444696,0.20814599288115845
Bulk 169,0.4832503314174841,0.12005471922643317,0.276004026646456,0.09856297074546987,0.022127951964156775
Bulk 170,0.15180040133264613,0.24814076898314472,0.10884485897823437,0.11257692322223344,0.3786370474837414
Bulk 171,0.08343841893071141,0.17473944949601006,0.06829861539231168,0.3290653664626407,0.3444581497183262
Bulk 172,0.193450079294346,0.16454087636042203,0.031767817284782736,0.4146567012195021,0.19558452584094715
Bulk 173,0.45455627936730947,0.22441735533127433,0.0,0.0,0.32102636530141604
Bulk 174,0.43544550137760085,0.17219019387036552,0.06742572916505833,0.07262452832472609,0.25231404726224915
Bulk 175,0.18336984235289858,0.08448094445301381,0.22952309463998757,0.3291655688150344,0.17346054973906558
Bulk 176,0.12525799848713987,0.17065537744583092,0.06332677478983838,0.4869286145034576,0.15383123477373328
Bulk 177,0.028526599707939325,0.22711301170667608,0.11267020644341307,0.345310193171638,0.28637998897033345
Bulk 178,0.30242442590891183,0.1678807480732433,0.0,0.23954409760345474,0.29015072841439016
Bulk 179,0.27454164833523337,0.1842415194887318,0.0,0.2717904312322435,0.2694264009437914
Bulk 180,0.023470667163091083,0.2321121723473812,0.1028759645102381,0.38271410392691496,0.25882709205237475
Bulk 181,0.7625727363841178,0.0,0.0,0.13813599969640036,0.09929126391948184
Bulk 182,0.07125564188114038,0.2890848572549079,0.0,0.25982104367732556,0.37983845718662623
Bulk 183,0.32233793187672966,0.1872123759354301,0.04770889986517154,0.158956615228218,0.28378417709445064
Bulk 184,0.1428575720169443,0.27945855091061156,0.0,0.22234018292723942,0.35534369414520467
Bulk 185,0.2010922975209344,0.13821904597965678,0.19053178335233464,0.2701406376675453,0.20001623547952876
Bulk 186,0.2876075240727685,0.19132876776584945,0.0866993419186854,0.1759422452704845,0.25842212097221223
Bulk 187,0.31744718705802744,0.08514907043672605,0.09615540500679531,0.3155621600547495,0.18568617744370164
Bulk 188,0.21851684101340638,0.12802476737520804,0.04754572791157477,0.36426022721494417,0.2416524364848667
Bulk 189,0.3031513427010131,0.22872288058365542,0.05786192058578168,0.16880440549845743,0.24145945063109228
Bulk 190,0.4192595523535575,0.19046155630999995,0.10345683006639067,0.08149321125417423,0.20532885001587767
Bulk 191,0.31630596704129194,0.2017458289533984,0.0,0.23791877697787184,0.24402942702743774
Bulk 192,0.558055013582718,0.14440977689813264,0.1572096161702806,0.0,0.14032559334886868
Bulk 193,0.929006767352435,0.0,0.0,0.0,0.0709932326475649
Bulk 194,0.48238723513164816,0.06544003805041855,0.09565034259303924,0.13177981803248093,0.22474256619241315
Bulk 195,0.1654250042873579,0.1940200216443652,0.0943680865320204,0.20439223370725507,0.3417946538290015
Bulk 196,0.19547067624178194,0.2488089880724314,0.0,0.19662792450791453,0.359092411177872
Bulk 197,0.47728861708609777,0.11711378049229622,0.11707228233012966,0.22328376644309683,0.06524155364837961
Bulk 198,0.7814104969957018,0.07158836176071633,0.04432081142776396,0.0,0.10268032981581802
Bulk 199,0.48620136251360485,0.15602359505392938,0.0,0.15741271108312535,0.20036233134934042
Bulk 200,0.045748140204378604,0.17615733141376197,0.15056319526728695,0.3913763822494984,0.23615495086507413
Bulk 201,0.35362870112102734,0.14493423832495936,0.0,0.3029566836276369,0.1984803769263764
Bulk 202,0.290206663296284,0.12875726061397696,0.0,0.379730136343276,0.2013059397464631
Bulk 203,0.36395146054491834,0.1869379887663451,0.0,0.22739096415831045,0.22171958653042612
Bulk 204,0.3705949318452789,0.09232499486282261,0.27970363963308226,0.11204116385773143,0.1453352698010848
Bulk 205,0.44348959670095484,0.1258134847447516,0.0,0.18625019503880455,0.24444672351548907
Bulk 206,0.22567817114917404,0.16367929944428367,0.2779795018190511,0.17053720683296722,0.1621258207545239
Bulk 207,0.14794774992989895,0.13434247605869382,0.13465359870725777,0.4072259006736652,0.17583027463048423
Bulk 208,0.2479595864292988,0.13270634301714174,0.0,0.3150069390462008,0.30432713150735874
Bulk 209,0.8352445872898301,0.0,0.0,0.011642494059358797,0.15311291865081122
Bulk 210,0.5226189599437718,0.0840762345436254,0.02506114940231412,0.053249643354151874,0.3149940127561368
Bulk 211,0.0,0.23718325852692304,0.06948601624292555,0.38806108686798835,0.3052696383621631
Bulk 212,0.45230905106882624,0.14451061631753742,0.0,0.14308495418666697,0.2600953784269695
Bulk 213,0.5820315633937152,0.0,0.0,0.24019816329987925,0.17777027330640555
Bulk 214,0.58452495016855,0.1897736463845871,0.00796452050602312,0.04871591472884185,0.16902096821199802
Bulk 215,0.32067152605043997,0.21366536370925396,0.0,0.14106394559900468,0.32459916464130145
Bulk 216,0.21445368833408288,0.19169443282344795,0.0,0.23811030850393552,0.3557415703385336
Bulk 217,0.4001252429493639,0.106612884732297,0.12182730120480251,0.3001926464624294,0.07124192465110721
Bulk 218,0.40528425991669037,0.05979547926355741,0.22526421510583838,0.2412680013793181,0.0683880443345956
Bulk 219,0.524295893883563,0.08515707836811032,0.07027372404159933,0.15581687720157844,0.16445642650514886
Bulk 220,0.39156190925496703,0.15909016275454851,0.06430054108074891,0.1468203103968605,0.2382270765128751
Bulk 221,0.32640327718762885,0.1725862700640351,0.07063259943367586,0.23173259972837115,0.19864525358628896
Bulk 222,0.06460851893524257,0.174778516308587,0.16026367074560527,0.3673736764348186,0.23297561757574645
Bulk 223,0.23564665259514705,0.26289118167167025,0.06080776446840012,0.23357840448994155,0.20707599677484104
Bulk 224,0.5771432092357496,0.09689562111671801,0.0,0.203951760620392,0.12200940902714034
Bulk 225,0.6114854829720144,0.16225554227953745,0.0,0.0,0.22625897474844817
Bulk 226,0.4018679093636839,0.19319328275328052,0.0,0.21222414718789806,0.1927146606951376
Bulk 227,0.0,0.27506911257044936,0.11674321243224911,0.27575972804551896,0.33242794695178246
Bulk 228,0.48946384257950193,0.10550470230945198,0.28234682156085805,0.026025896761835827,0.09665873678835235
Bulk 229,0.5594014476170885,0.13726076998966957,0.0,0.30333778239324183,0.0
Bulk 230,0.10692175512907656,0.0,0.2243458023562546,0.6068957730199652,0.061836669494703525
Bulk 231,0.47106998187502863,0.23313523155076746,0.02983866877948164,0.06524954036010934,0.20070657743461287
Bulk 232,0.06233426937262923,0.12698126518217434,0.08854371690256137,0.4149237029112215,0.3072170456314135
Bulk 233,0.3618687266992286,0.04496584851768169,0.07881663954635122,0.3358760140498545,0.17847277118688396
Bulk 234,0.29799570101924283,0.24319314300329242,0.0,0.10159793238687231,0.3572132235905926
Bulk 235,0.586446118684358,0.0,0.015266080839383899,0.2683242037315998,0.12996359674465838
Bulk 236,0.013334634119015903,0.20792690826037574,0.04846021609681692,0.4054024963101343,0.3248757452136572
Bulk 237,0.25703205366055853,0.19303538956321883,0.16149131557890706,0.18155301920956285,0.2068882219877528
Bulk 238,0.30947478148200686,0.08201437952671517,0.22150695185098015,0.13365703901830864,0.2533468481219892
Bulk 239,0.022521379788494,0.23288307572828507,0.10034827163773483,0.39062960108358286,0.25361767176190325
Bulk 240,0.2873864153252501,0.10047195603903415,0.10741047948931821,0.38987146615765345,0.11485968298874395
Bulk 241,0.301096526546988,0.13580848728543934,0.0,0.4032088245457932,0.15988616162177943
Bulk 242,0.5308923598040927,0.07102985034023611,0.2234142857773988,0.004260829752382096,0.17040267432589024
Bulk 243,0.18986244924390158,0.1926703271822285,0.17608257825512158,0.23190184511956566,0.20948280019918267
Bulk 244,0.31976106292563056,0.18627334125194925,0.13226613327884348,0.10721534356850033,0.25448411897507656
Bulk 245,0.3864526950761556,0.0992338409384918,0.39502069917579535,0.018329569939209023,0.1009631948703483
Bulk 246,0.1760844654905357,0.12616048930858123,0.05370417567079516,0.3408337364060629,0.3032171331240251
Bulk 247,0.6638441899519866,0.04941643385573136,0.0,0.0,0.286739376192282
Bulk 248,0.35178068891550013,0.061008287500130313,0.13596107628494966,0.3243251561321118,0.12692479116730818
Bulk 249,0.9348248102537825,0.0,0.0,0.0,0.06517518974621749
Bulk 250,0.457261511248551,0.208924690954865,0.14799012300511,0.1521014322849161,0.03372224250655791
Bulk 251,0.27428760053713885,0.15568916020521403,0.09064689487305051,0.36967738913946535,0.1096989552451312
Bulk 252,0.16019550054674087,0.23311810388405027,0.11803353795452684,0.27643548570557835,0.21221737190910359
Bulk 253,0.23763835170925587,0.21300714131119142,0.07134352391256231,0.21414340802269247,0.2638675750442979
Bulk 254,0.4786404445445845,0.06585923424146535,0.13564283236289082,0.12462369545964541,0.1952337933914139
Bulk 255,0.22090701080658032,0.23631149601445187,0.0,0.1856169276292156,0.3571645655497522
Bulk 256,0.13188408359435463,0.19811601132551188,0.03449757584064169,0.3378546706969569,0.2976476585425349
Bulk 257,0.09249485393641063,0.26336130922973106,0.05083426111386173,0.27032928650670646,0.32298028921329003
Bulk 258,0.5885612342523405,0.08997081508288943,0.0,0.09643716591309924,0.2250307847516707
Bulk 259,0.4967306582756535,0.12340639001542496,0.0,0.18854327420318784,0.19131967750573373
Bulk 260,0.13171886415805298,0.19108935142523112,0.08528618137207923,0.3538909743401107,0.2380146287045259
Bulk 261,0.1545135102163733,0.163827139680524,0.12715456701561464,0.3087498160325593,0.24575496705492872
Bulk 262,0.3492197962105839,0.29277757527011505,0.010726133777571718,0.011705142776453226,0.3355713519652762
Bulk 263,0.2439443776869856,0.147036642822179,0.2272257011430524,0.22988669833324066,0.15190658001454238
Bulk 264,0.06462726764417161,0.2016311629329596,0.06382089921162516,0.3498346192071008,0.32008605100414284
Bulk 265,0.24180447310819317,0.15018508755057222,0.10008663865422443,0.4812317909402997,0.026692009746710488
Bulk 266,0.11797863589770237,0.22409679612552522,0.10717957187404636,0.3242519272213015,0.22649306888142465
Bulk 267,0.39280038614841045,0.04390521451943272,0.03475048269345816,0.3339891708302249,0.1945547458084738
Bulk 268,0.3231496232184892,0.1629934043949906,0.03551585286454775,0.18846875512495573,0.28987236439701664
Bulk 269,0.5207397458379963,0.16718610580067508,0.0791048637585389,0.0,0.23296928460278954
Bulk 270,0.42171230454903397,0.19399866904472488,0.0,0.02692951411875527,0.35735951228748586
Bulk 271,0.119258031414263,0.12326426062961507,0.11239463560584805,0.44287851492292823,0.2022045574273457
Bulk 272,0.20565014536631346,0.2103572156289166,0.07653953438606574,0.22166068362819347,0.28579242099051083
Bulk 273,0.29156968856232535,0.21422202135269477,0.04933153162220284,0.21574013622486335,0.2291366222379136
Bulk 274,0.3328298355968845,0.1479591110501209,0.019175220827171022,0.2957831672957464,0.20425266523007704
Bulk 275,0.1941269716242157,0.17789774854802456,0.15542236441016316,0.26702429979638687,0.20552861562120972
Bulk 276,0.3354978879848819,0.08955085203172271,0.028659032130323735,0.31048236293095155,0.23580986492212003
Bulk 277,0.23907664453142768,0.17511671801421233,0.2667879219559549,0.12279741986380903,0.19622129563459606
Bulk 278,0.17226403585479944,0.1585172663426499,0.07121468671849286,0.3981950210749877,0.19980899000907015
Bulk 279,0.21507823143384758,0.18669794731454004,0.04256635632352524,0.3922823832573998,0.16337508167068723
Bulk 280,0.4374424332214975,0.13453105848673202,0.12421275049581541,0.0998759707516833,0.2039377870442718
Bulk 281,0.580145228609161,0.10157677522357708,0.17250618999287512,0.04943130206481329,0.09634050410957348
Bulk 282,0.19926014623888616,0.10369170226371897,0.20552880957054429,0.3687983912255716,0.12272095070127897
Bulk 283,0.34155499871217754,0.1594546566999946,0.17489971189443673,0.07864718043350301,0.2454434522598882
Bulk 284,0.49226552415836455,0.09241139429882121,0.2647738437782221,0.005232667675675215,0.14531657008891696
Bulk 285,0.13904917363272173,0.19875610216841927,0.09802420460961661,0.3292904213456241,0.23488009824361814
Bulk 286,0.2109386786214751,0.23395295909289107,0.36288471481428736,0.018227587824585303,0.17399605964676113
Bulk 287,0.2794676516382661,0.18795900759977968,0.12298666440732572,0.24897252528002248,0.16061415107460594
Bulk 288,0.399774561630822,0.1289058060080213,0.0,0.20504317040690526,0.26627646195425136
Bulk 289,0.7312304116973845,0.08073548753966493,0.0,0.10522519716983497,0.08280890359311567
Bulk 290,0.32358202135518843,0.18326093738131266,0.043991351926670544,0.25756902752892014,0.1915966618079082
Bulk 291,0.5135226112576678,0.1891463779096442,0.0,0.0,0.2973310108326879
Bulk 292,0.40641398124450406,0.17051140639590165,0.025596485857679582,0.16825413661842464,0.22922398988349024
Bulk 293,0.32318130087892816,0.19029630397692762,0.0,0.20741765582071425,0.2791047393234299
Bulk 294,0.4370599047212743,0.17655761081792215,0.19360856171320448,0.03162563559915708,0.1611482871484419
Bulk 295,0.4759795616283741,0.1797081180262443,0.0076206056816312245,0.06627917971825187,0.2704125349454985
Bulk 296,0.80673990495054,0.02366059231718332,0.0,0.0,0.16959950273227653
Bulk 297,0.7995530721536428,0.0,0.021236471146396572,0.0,0.1792104566999606
Bulk 298,0.3598903457208331,0.21096826772562782,0.0,0.14731940453794992,0.28182198201558917
Bulk 299,0.721978340181304,0.07934891477305311,0.0,0.0,0.1986727450456428
Bulk 300,0.3756987210500332,0.013226361683525208,0.11437019139598716,0.49670472587045433,0.0
Bulk 301,0.13274546035287366,0.28268935363446906,0.0,0.20547984477491768,0.3790853412377396
Bulk 302,0.16165569187892123,0.2138477927260221,0.0,0.3616441975052541,0.26285231788980257
Bulk 303,0.4720383522047904,0.04186811329079035,0.0,0.33861830973871515,0.14747522476570407
Bulk 304,0.18419507899062343,0.14620260649020447,0.1872651233620317,0.2959007517659937,0.1864364393911468
Bulk 305,0.5336085119875915,0.1698218041426925,0.003464662061794737,0.0,0.2931050218079213
Bulk 306,0.3368801784570219,0.21231847500996498,0.07107684613075008,0.15944964676935,0.22027485363291302
Bulk 307,0.5867802839128269,0.04257328039157315,0.0,0.06084176156275297,0.309804674132847
Bulk 308,0.5492573270967916,0.09626257777982337,0.0,0.15883457092566636,0.19564552419771866
Bulk 309,0.5556755888056735,0.1358582361695145,0.0,0.0,0.308466175024812
Bulk 310,0.4069762731761885,0.22863026330704014,0.16438932087119973,0.0343580732246484,0.1656460694209234
Bulk 311,0.25392080754710733,0.21465522510748186,0.03855156875530438,0.33974137260464343,0.15313102598546294
Bulk 312,0.2577710878399578,0.19544077560981807,0.06099663895307493,0.21799001366129758,0.2678014839358516
Bulk 313,0.3732814321781167,0.15761102090552295,0.06292164619397389,0.16361389229905962,0.24257200842332685
Bulk 314,0.197115311520337,0.18460441785615433,0.3177373448085698,0.3005429258149388,0.0
Bulk 315,0.33594176203333587,0.1110564999185911,0.0,0.35236121762008593,0.20064052042798705
Bulk 316,0.18827303530239456,0.24066029573393355,0.00876571596538529,0.1897105694017498,0.3725903835965369
Bulk 317,0.22394922188859281,0.1596586085081001,0.055880989940515234,0.284811564692063,0.2756996149707289
Bulk 318,0.2704769971533786,0.23363337414206328,0.1058943592821809,0.14700880248956005,0.24298646693281728
Bulk 319,0.32489282939231173,0.21370466848159106,0.0,0.22060590280096656,0.24079659932513073
Bulk 320,0.41025945282619675,0.1709037248548245,0.0,0.21517934221335555,0.2036574801056232
Bulk 321,0.1825307678719861,0.18856450949594333,0.1658565378206864,0.24839858774464488,0.21464959706673917
Bulk 322,0.23046094096991465,0.1906506490508201,0.06746838285527303,0.26181297125853265,0.2496070558654595
Bulk 323,0.6713663869325659,0.018574513106289454,0.0,0.0,0.3100590999611447
Bulk 324,0.5124568142159232,0.1051026850941559,0.0,0.10289742797963784,0.27954307271028306
Bulk 325,0.4182600861650371,0.12986912931217223,0.28464155352179843,0.0,0.16722923100099213
Bulk 326,0.0,0.31945130854434406,0.18948006485223984,0.11467724863392025,0.37639137796949584
Bulk 327,0.22448508361374545,0.2600872111645267,0.017518334218066565,0.21385931529207486,0.2840500557115864
Bulk 328,0.6197480434672334,0.15955304312977014,0.0,0.06351353739619127,0.15718537600680527
Bulk 329,0.5365965100060679,0.12126455612972487,0.0,0.11750702921129605,0.22463190465291116
Bulk 330,0.3818424527104087,0.19390514560487546,0.15679805551576168,0.09986068515123835,0.16759366101771586
Bulk 331,0.45446550624921,0.22778465116703567,0.0,0.13328989797745855,0.18445994460629572
Bulk 332,0.2172695792784157,0.3021668883797333,0.09985248200143165,0.1800437116166356,0.20066733872378376
Bulk 333,0.26176011716986614,0.1805924938510418,0.18035010830970577,0.16717776349663466,0.21011951717275154
Bulk 334,0.04486233898682562,0.11906521726906476,0.0,0.646643996471023,0.1894284472730866
Bulk 335,0.27891889906655726,0.143121964795494,0.1864809387620956,0.30687167208854016,0.08460652528731305
Bulk 336,0.40314968421173675,0.139948362501031,0.01519542463284195,0.25175324704742674,0.18995328160696356
Bulk 337,0.11065768796189686,0.11974948248465127,0.07584779086810303,0.41534722961278814,0.27839780907256056
Bulk 338,0.27865304622676046,0.1573971571215847,0.06908542942694826,0.3521298632535499,0.1427345039711566
Bulk 339,0.8493732511014339,0.0,0.0,0.0,0.1506267488985662
Bulk 340,0.18857662610085918,0.16017832599188628,0.10494912044543314,0.3050150649036499,0.2412808625581716
Bulk 341,0.246973722821304,0.22247195986603904,0.11412588202346667,0.16426830292456068,0.25216013236462975
Bulk 342,0.10795592157725326,0.21732676637871792,0.07912395571680883,0.359201521265182,0.236391835062038
Bulk 343,0.11824758758314609,0.23925969515322731,0.12645120053302278,0.2442845782110657,0.2717569385195381
Bulk 344,0.6998425684168762,0.04319843728457097,0.0,0.0,0.25695899429855285
Bulk 345,0.6807343681087905,0.07271458930750702,0.0,0.042434107380866906,0.2041169352028355
Bulk 346,0.3386610153803526,0.1391522348496226,0.0,0.27129041433791334,0.2508963354321115
Bulk 347,0.24614929681282596,0.20222676992202915,0.147576569917976,0.26545435276198537,0.1385930105851835
Bulk 348,0.35544355486304896,0.22999630970426646,0.0,0.06563260231695005,0.34892753311573454
Bulk 349,0.2324456027762993,0.23976583231915163,0.06594244066645735,0.19356017484143737,0.2682859493966543
Bulk 350,0.2771147068744286,0.25219303767813167,0.09021675212883737,0.0,0.3804755033186024
Bulk 351,0.880508602595627,0.0,0.11270835722443542,0.0,0.006783040179937569
Bulk 352,0.04972579683731588,0.23216092094407514,0.07048941303840613,0.4042712494612534,0.24335261971894945
Bulk 353,0.28550240406790905,0.28468780531758514,0.0,0.09149398254067077,0.338315808073835
Bulk 354,0.5494799049947051,0.17078862836058745,0.0,0.0,0.2797314666447075
Bulk 355,0.19429254275348973,0.12581759420857885,0.0184775580077026,0.2945207814759196,0.3668915235543093
Bulk 356,0.4214078444650351,0.0957053290482987,0.16448888071352707,0.12870556006261996,0.18969238571051913
Bulk 357,0.3443253936553583,0.28907315926694915,0.03533537147176281,0.029892519674574545,0.3013735559313551
Bulk 358,0.39484147568874284,0.14282912885577545,0.05980578657287138,0.17121243742947723,0.23131117145313312
Bulk 359,0.06733540313208776,0.23020402067538004,0.21293055951103967,0.27484321098342845,0.21468680569806403
Bulk 360,0.23017494447606263,0.15805942168112516,0.2333588543083525,0.09476130346072086,0.2836454760737389
Bulk 361,0.6003350683213354,0.12244064101618407,0.0,0.045452930047043635,0.23177136061543685
Bulk 362,0.0,0.2977380989971372,0.06479194383007296,0.3095729333303479,0.32789702384244174
Bulk 363,0.2696643557556446,0.19607928723214854,0.08061065691954367,0.3239673997455807,0.12967830034708253
Bulk 364,0.2659992184339575,0.24926631130453522,0.0,0.09860433485693945,0.3861301354045678
Bulk 365,0.3131577664587815,0.15249888168701092,0.08400759140402493,0.27263499511826156,0.17770076533192106
Bulk 366,0.7348665989242789,0.0,0.0,0.2651334010757212,0.0
Bulk 367,0.5861789065177573,0.09081803726064622,0.0615631484839247,0.2216463409023999,0.03979356683527175
Bulk 368,0.24597406462809168,0.23943970484424748,0.05838062892152045,0.2070470221863893,0.24915857941975125
Bulk 369,0.19598192794803826,0.20514141897008387,0.008757300155646467,0.44935522972390685,0.14076412320232454
Bulk 370,0.41938443332393144,0.13805183383646286,0.0,0.1587081805217658,0.2838555523178399
Bulk 371,0.14076853496940878,0.33694226526871923,0.31811434086302265,0.014664314412044918,0.1895105444868045
Bulk 372,0.09387180134649692,0.22981128910079548,0.10808033611987145,0.18474832211143807,0.3834882513213981
Bulk 373,0.040324945514849136,0.2136575168172546,0.11248464596644102,0.3041852314382139,0.3293476602632413
Bulk 374,0.4819978823461393,0.1353934842610271,0.08503457961151865,0.10195547067465388,0.19561858310666097
Bulk 375,0.3217676347018848,0.05533813594975139,0.07061442068157855,0.35575395922985037,0.19652584943693488
Bulk 376,0.6814671314532974,0.08412934483824455,0.0,0.10233892481398187,0.132064598894476
Bulk 377,0.27351630163439755,0.21341644248564914,0.12038348351354539,0.12276804976841935,0.26991572259798857
Bulk 378,0.26376236163304934,0.21408780509472278,0.09170944855867136,0.22248537332935067,0.20795501138420594
Bulk 379,0.3017528382406304,0.19194722107914902,0.0,0.24253017884967848,0.263769761830542
Bulk 380,0.5553774758698187,0.07803086280402037,0.0,0.09367669899039668,0.2729149623357642
Bulk 381,0.7861434540296058,0.0,0.0,0.0,0.21385654597039416
Bulk 382,0.45544223761065206,0.1458574306106067,0.0,0.11306823153233189,0.28563210024640934
Bulk 383,0.2998173723873691,0.13361051547113087,0.2317149397301445,0.22014426015911676,0.11471291225223877
Bulk 384,0.2423643646127078,0.22222459718485688,0.01960291780982228,0.20183523559737196,0.313972884795241
Bulk 385,0.18489273821356839,0.21227578801021665,0.028976875819602028,0.30134553497247313,0.27250906298413985
Bulk 386,0.3322360994967732,0.23788271143593084,0.0,0.22509546975024733,0.20478571931704861
Bulk 387,0.24551588216970788,0.20184674584649234,0.15574622298423116,0.18558208589368133,0.21130906310588726
Bulk 388,0.5436308621089168,0.24178345520087907,0.0,0.004488534829358258,0.2100971478608458
Bulk 389,0.31474362997050886,0.2492987067926528,0.0,0.1497969469692185,0.2861607162676199
Bulk 390,0.45954340619962103,0.16102732375197434,0.0,0.1552434366988537,0.2241858333495509
Bulk 391,0.6784952039583275,0.0,0.13559107455758446,0.1151878801131206,0.07072584137096749
Bulk 392,0.26938334607031167,0.14678351469880438,0.13019036425708166,0.22947855365005373,0.2241642213237486
Bulk 393,0.14409468774256856,0.2946669121438145,0.0,0.27989823528007063,0.2813401648335464
Bulk 394,0.06651189847160427,0.12905460948581207,0.30776630461367704,0.3420683324579596,0.15459885497094697
Bulk 395,0.404882064808505,0.2156135805857954,0.0,0.11457912887367686,0.2649252257320227
Bulk 396,0.2446937867410916,0.1609453266781495,0.22573392969336173,0.2576576307432991,0.11096932614409803
Bulk 397,0.4912572159005632,0.1438400710535074,0.053249210336585674,0.010262057942317894,0.3013914447670258
Bulk 398,0.7611161196044565,0.03707437422012354,0.0,0.0,0.20180950617542007
Bulk 399,0.5666326575332938,0.11771608985383179,0.0,0.18356693705222288,0.13208431556065142
Bulk 400,0.5221950856738157,0.09761148583854248,0.03088901866282663,0.13047702196637143,0.21882738785844377
Bulk 401,0.5476538985435702,0.09680148671457887,0.0,0.35554461474185106,0.0
