,Ast,End,Mic,Neu,Oli
Bulk 0,0.17285270047548326,0.21999703838303444,0.09081118146313048,0.3217479230330292,0.19459115664532264
Bulk 1,0.5657464834774969,0.04206462692540791,0.0,0.16484774017041678,0.2273411494266784
Bulk 2,0.23516721207119656,0.14188187065387042,0.11686833679762927,0.3772419130243712,0.12884066745293257
Bulk 3,0.1801526637265733,0.07795273923973672,0.21160072168028754,0.40138531417115675,0.12890856118224572
Bulk 4,0.45158090358914044,0.11150009730452877,0.09613206202081476,0.14156302978939742,0.19922390729611852
Bulk 5,0.09793837931816236,0.1659874475411197,0.0,0.494758745152611,0.2413154279881071
Bulk 6,0.5547856697978973,0.03142834338905448,0.09161001241728493,0.14617308499040024,0.176002889405363
Bulk 7,0.3129149609808668,0.06859753529835483,0.2356028139635027,0.2680158898983601,0.11486879985891559
Bulk 8,0.17263151311913622,0.06455126866779287,0.25994517738351236,0.34998384849983905,0.15288819232971948
Bulk 9,0.21991298423224184,0.21982309487546595,0.15081430148212469,0.08128663451901745,0.32816298489115003
Bulk 10,0.1280051562453426,0.1285491232390814,0.0,0.5476632289779425,0.19578249153763355
Bulk 11,0.15476592197075129,0.17259419391344982,0.13230179292906757,0.24974042876769045,0.29059766241904084
Bulk 12,0.662564140646144,0.0,0.0,0.11591525149353143,0.2215206078603246
Bulk 13,0.17333119080864406,0.1260159345712153,0.04399682688261872,0.37743874578307895,0.279217301954443
Bulk 14,0.6507664620804796,0.12389478500866413,0.0,0.15535386774939472,0.06998488516146151
Bulk 15,0.35429258946159425,0.15588545148255817,0.1055102625962387,0.1612803160353456,0.22303138042426335
Bulk 16,0.5963701477489998,0.07991461952961178,0.042672281086606714,0.23890993551212203,0.04213301612265977
Bulk 17,0.6590634762251346,0.0,0.07214702181598195,0.26878950195888335,0.0
Bulk 18,0.27114364649979994,0.2040484651730292,0.0,0.2134354402589414,0.3113724480682295
Bulk 19,0.15384751952299705,0.2436700397492166,0.0,0.30044498184422497,0.3020374588835613
Bulk 20,0.0,0.2862016583753267,0.06510335238454108,0.31114846241451516,0.3375465268256171
Bulk 21,0.21470098647268107,0.21212825920000702,0.02321928364090172,0.2802899905013476,0.2696614801850627
Bulk 22,0.0,0.22541164118799759,0.07311610804976931,0.41681564937879156,0.28465660138344157
Bulk 23,0.20354562293499265,0.1095389254834844,0.1217238407076791,0.3693435523827526,0.19584805849109121
Bulk 24,0.6268710870047356,0.0,0.0,0.3468320229426458,0.026296890052618663
Bulk 25,0.30859003049853545,0.18309197064920196,0.022371164371867036,0.28969351098704593,0.19625332349334973
Bulk 26,0.09359322780247388,0.18604936222232044,0.07618557995076702,0.34385364294745663,0.300318187076982
Bulk 27,0.2760803183578282,0.16096362698550595,0.06906531803364464,0.26678330637233616,0.22710743025068503
Bulk 28,0.12701289961128182,0.20213918858251118,0.15429033164822523,0.2691436597936996,0.24741392036428217
Bulk 29,0.6368407371228785,0.026403797822917015,0.01822658113413434,0.1997424206996977,0.11878646322037247
Bulk 30,0.18593651692954904,0.17944161148683205,0.18323179912814785,0.22820249022228942,0.2231875822331817
Bulk 31,0.31081322143927664,0.15000705405080395,0.09685579877315602,0.22572325350887432,0.21660067222788906
Bulk 32,0.15773934886970734,0.1643165416166323,0.0850935999439599,0.32178521880716887,0.27106529076253155
Bulk 33,0.12809512104559354,0.0,0.1936312699778942,0.6360453293773319,0.04222827959918021
Bulk 34,0.36771940508588097,0.07115058808723146,0.0,0.395513924119548,0.16561608270733955
Bulk 35,0.5661446937997189,0.1369793798014414,0.0,0.03407225076478901,0.26280367563405077
Bulk 36,0.4785032031734537,0.1164367506865301,0.09268865393232915,0.21297877788027983,0.0993926143274071
Bulk 37,0.31721282779667914,0.18107352706291294,0.006973042578213293,0.2684053403701092,0.2263352621920855
Bulk 38,0.09786309044341396,0.2550464851614111,0.05752069399907428,0.2788002800299664,0.31076945036613424
Bulk 39,0.191245879401643,0.1435784895658129,0.10783318889737589,0.40029289771078985,0.1570495444243783
Bulk 40,0.07772468322507052,0.19369716795055447,0.069435520867547,0.4042101908881971,0.25493243706863095
Bulk 41,0.46379169669796405,0.07726772454813004,0.0,0.21897004525924993,0.23997053349465614
Bulk 42,0.3513793743051672,0.15237323930188673,0.011979269295716941,0.1906270895167655,0.2936410275804636
Bulk 43,0.13094591248093948,0.1459147735752608,0.10366223425646544,0.3173988517130302,0.30207822797430406
Bulk 44,0.1772641552767784,0.13030310411262597,0.12242677760827748,0.4372689503780671,0.13273701262425117
Bulk 45,0.7247662167459944,0.05737459570915134,0.0,0.0,0.21785918754485425
Bulk 46,0.2947857124939006,0.12327450554119382,0.3303673685480937,0.22872586422305569,0.02284654919375628
Bulk 47,0.3685727040691623,0.1202173549489911,0.0,0.31253418023325724,0.19867576074858945
Bulk 48,0.7514215227149577,0.0,0.0,0.0023764340205285886,0.24620204326451384
Bulk 49,0.07641991332300978,0.1082053118190728,0.19036901937288642,0.4709941220195124,0.15401163346551863
Bulk 50,0.17769116117009176,0.17472050281778934,0.086260042069109,0.32133498888393935,0.23999330505907068
Bulk 51,0.22817672480021367,0.17820022462805007,0.14252339703104547,0.3357531939218718,0.11534645961881898
Bulk 52,0.05688085793444921,0.20412106987336187,0.04410596986296361,0.2637228629771095,0.4311692393521159
Bulk 53,0.5715008395606,0.0014752542871638303,0.11723277259196019,0.24513649708516297,0.06465463647511288
Bulk 54,0.2739247662434724,0.09505000618719628,0.2447913057530669,0.21948408627838625,0.16674983553787828
Bulk 55,0.47179593843309103,0.0,0.263786542587014,0.1598995540126727,0.10451796496722239
Bulk 56,0.183981101266881,0.19949010679525878,0.09641939732514378,0.29887817315223597,0.22123122146048038
Bulk 57,0.4377852356149473,0.17814389833973376,0.014093266170885615,0.06569125474872504,0.30428634512570835
Bulk 58,0.6139005995559367,0.11025753390341055,0.0,0.03782650625318562,0.23801536028746706
Bulk 59,0.33795593944724134,0.011209082280436157,0.05532714108464221,0.5658079240715502,0.029699913116129895
Bulk 60,0.13029271790835595,0.19320398759956006,0.09614742769086172,0.35924172503464924,0.22111414176657299
Bulk 61,0.4397369009878119,0.09207332988829015,0.0,0.20377041572729546,0.26441935339660255
Bulk 62,0.28178981006570314,0.12252629110981635,0.08289099416482398,0.3251921700713454,0.1876007345883111
Bulk 63,0.29221656356485337,0.13381853535130023,0.2887113822433082,0.22628111253870503,0.058972406301833216
Bulk 64,0.11618620213452305,0.09919045377163517,0.1700280109851422,0.5473296136784005,0.06726571943029908
Bulk 65,0.6789739616767442,0.10256844925604047,0.0,0.0,0.21845758906721535
Bulk 66,0.4125602993873179,0.15876297393635685,0.0,0.18645379139949825,0.24222293527682698
Bulk 67,0.26031435790014096,0.1652545063283852,0.0,0.24947140295413822,0.32495973281733553
Bulk 68,0.28240572291044963,0.14144833163130238,0.0,0.378770032592241,0.19737591286600692
Bulk 69,0.12047383391959171,0.1493099299764523,0.04841808574240798,0.3991938783973197,0.2826042719642283
Bulk 70,0.017551614711651946,0.1829133881308655,0.11307709120285014,0.3950812821436606,0.29137662381097174
Bulk 71,0.2958747638431072,0.11943046015391524,0.09306159596981223,0.2525654013835268,0.23906777864963868
Bulk 72,0.18377581553927366,0.061937782673753876,0.16798292318272964,0.4585622248648155,0.12774125373942727
Bulk 73,0.31564065498038135,0.23003477603841446,0.0,0.18945533206035814,0.264869236920846
Bulk 74,0.2653212280296253,0.18783664135370218,0.0,0.32099478121193914,0.2258473494047332
Bulk 75,0.2963947798677161,0.10697548513790757,0.2119685829041201,0.25195982687081403,0.1327013252194421
Bulk 76,0.12065861837738164,0.10817584857544185,0.0,0.5019534612554561,0.26921207179172024
Bulk 77,0.570624667357227,0.11379096324012351,0.03882045941346981,0.07758608984831271,0.1991778201408669
Bulk 78,0.34717220101781043,0.222215135267135,0.0,0.1585058619581094,0.2721068017569451
Bulk 79,0.40714859676839676,0.13990418570762778,0.14755054220810973,0.30539667531586573,0.0
Bulk 80,0.4011316384003322,0.14865105148033209,0.0,0.23629574012468493,0.21392156999465078
Bulk 81,0.5876421838710734,0.11371901463838652,0.0,0.0,0.2986388014905402
Bulk 82,0.6738096651503,0.05472183663870026,0.0,0.0,0.27146849821099966
Bulk 83,0.7358906003626374,0.0,0.0,0.15697033280667375,0.10713906683068876
Bulk 84,0.1545127186881983,0.11824581505951626,0.11977026435470232,0.48072140392273516,0.12674979797484806
Bulk 85,0.3244954982211954,0.0,0.1547647341120573,0.5207397676667473,0.0
Bulk 86,0.28874268250773144,0.26062393563256,0.0,0.23349918316851292,0.21713419869119568
Bulk 87,0.12289342133128298,0.2905125628265504,0.04526299817767734,0.3889870861114637,0.15234393155302553
Bulk 88,0.1445251321500065,0.21276845090800112,0.0,0.3804191186061161,0.2622872983358763
Bulk 89,0.15725013860790227,0.22835177156866393,0.0,0.33631842868037826,0.2780796611430554
Bulk 90,0.06995878706540301,0.21622107693405904,0.10943537073178855,0.3561587248592757,0.2482260404094738
Bulk 91,0.33072405403633165,0.16422312837692363,0.0,0.24978146105788718,0.2552713565288575
Bulk 92,0.167758795165193,0.07340697235032145,0.3935574349078198,0.3652767975766658,0.0
Bulk 93,0.2441497344181833,0.27786608317310313,0.1239744607797882,0.24007932645365107,0.11393039517527426
Bulk 94,0.6118243172446954,0.0,0.0,0.3881756827553047,0.0
Bulk 95,0.4431311261913256,0.017345158614162127,0.0536114387865872,0.449314135197165,0.03659814121076002
Bulk 96,0.34498244219935964,0.16826987965403659,0.16386771371817194,0.3009818958699686,0.02189806855846322
Bulk 97,0.35049950556138404,0.1684782653660088,0.05310617515490739,0.2334293092913935,0.19448674462630638
Bulk 98,0.30708121266867117,0.09166715825349818,0.25202991213892134,0.23227666984147238,0.11694504709743701
Bulk 99,0.24331354678682293,0.18897133237808025,0.12409790800073467,0.2592160004726276,0.18440121236173454
Bulk 100,0.3223295391044594,0.03863722073500974,0.10295633061060872,0.47141944764694854,0.0646574619029736
Bulk 101,0.3063145259538564,0.15661828295689761,0.003190475917047503,0.3291576656860353,0.20471904948616326
Bulk 102,0.1851028333753897,0.14781423122564216,0.07833147684740573,0.5259838820460329,0.06276757650552958
Bulk 103,0.07418657736596512,0.12203483076548195,0.1674741577097791,0.40810299876486755,0.2282014353939063
Bulk 104,0.20641945904980574,0.0573984431173998,0.12289989509277582,0.4412124345105691,0.17206976822944972
Bulk 105,0.5012066680683772,0.05405019837519729,0.0,0.18286809489225,0.26187503866417544
Bulk 106,0.3664224335858522,0.17380796782146102,0.026721844254168566,0.2338264396671115,0.19922131467140664
Bulk 107,0.24350504264669595,0.13232477448109572,0.13694225817914094,0.23250186594448954,0.25472605874857773
Bulk 108,0.37445722874397014,0.14661393863841826,0.11192728522389842,0.25488308680695754,0.11211846058675569
Bulk 109,0.34213330300699196,0.09770253481099975,0.22477572485099204,0.26938494955770687,0.06600348777330933
Bulk 110,0.9632605632353977,0.0,0.001335358089361409,0.035404078675240945,0.0
Bulk 111,0.7809229935411973,0.10832720757438895,0.0,0.010785557435529237,0.09996424144888444
Bulk 112,0.5672441208080634,0.047035843137743415,0.0,0.2550852678390678,0.13063476821512537
Bulk 113,0.31505403536039467,0.16468567260429093,0.12305074753907037,0.2547835983523899,0.14242594614385418
Bulk 114,0.2899221074040264,0.18384594439080337,0.021336678496740213,0.26197379274103494,0.24292147696739508
Bulk 115,0.39866164098765744,0.1780807726048436,0.09894380072272314,0.09200714765464373,0.23230663803013207
Bulk 116,0.4002973069824407,0.1180521331356996,0.0,0.27727125695803906,0.20437930292382056
Bulk 117,0.5527655709821329,0.04359314954048589,0.045246466476109054,0.28744723611117023,0.07094757689010198
Bulk 118,0.2863117339820541,0.12539899602964052,0.0,0.48425794744262235,0.10403132254568295
Bulk 119,0.3375953205206189,0.10427914724263576,0.0,0.28875571921854126,0.2693698130182042
Bulk 120,0.2298909232321443,0.18267783169810287,0.16284750362378858,0.2147867635773922,0.20979697786857204
Bulk 121,0.33969737233074193,0.15302048060120169,0.06415850272369795,0.23490161923280065,0.2082220251115578
Bulk 122,0.3488276043963685,0.20826703975840782,0.16149684635405043,0.22728756875265135,0.054120940738521736
Bulk 123,0.3835640636379142,0.10897204108586868,0.0,0.2901863061783478,0.21727758909786926
Bulk 124,0.13686432849797905,0.26555896675113944,0.02720583206030746,0.22427805873122747,0.34609281395934666
Bulk 125,0.6713054244349125,0.07281355786267867,0.0,0.09788496213718495,0.15799605556522386
Bulk 126,0.2453131517005693,0.139704071280698,0.23446533197435004,0.3592145418792692,0.02130290316511342
Bulk 127,0.23630635476088543,0.14869900775298964,0.061093304920534074,0.21216433788654782,0.341736994679043
Bulk 128,0.21314809850354166,0.16714472974025443,0.08459666056984197,0.25546859348488576,0.2796419177014762
Bulk 129,0.13259091939083073,0.19168253649608397,0.2820486464348735,0.1507297603028485,0.24294813737536336
Bulk 130,0.5850111141465226,0.0,0.0,0.3669421044257809,0.048046781427696604
Bulk 131,0.07398395605040388,0.20728001993805684,0.17627479667456644,0.33640084661634434,0.20606038072062846
Bulk 132,0.8389590528812659,0.0,0.0,0.0,0.16104094711873396
Bulk 133,0.8021253169226918,0.0,0.0,0.0,0.1978746830773081
Bulk 134,0.22357884915059614,0.12058559804373564,0.04972073370281386,0.34899865882295134,0.25711616027990297
Bulk 135,0.16315190224373805,0.11244648012370138,0.14070089910664757,0.4017641538076062,0.18193656471830674
Bulk 136,0.22387971510583507,0.22917671918764557,0.04833379262716087,0.20837402274049271,0.2902357503388657
Bulk 137,0.2885924195758247,0.19975948638544416,0.14004959620955643,0.15667290606423842,0.2149255917649363
Bulk 138,0.39859900102129725,0.15834182303560973,0.0,0.14788635460960176,0.2951728213334914
Bulk 139,0.38204439588786,0.10355738813071383,0.20512325710429033,0.19305387101670599,0.11622108786042983
Bulk 140,0.39598668810882304,0.21737208090480897,0.0,0.1848158150805954,0.2018254159057724
Bulk 141,0.04976591739165043,0.14991959105112307,0.2093238459967353,0.3578895185438651,0.233101127016626
Bulk 142,0.5455695614555479,0.019720157816714642,0.22305487604056592,0.04255355014970935,0.16910185453746218
Bulk 143,0.2786151118164054,0.14819877086515965,0.2270104310473373,0.2502489243574833,0.0959267619136143
Bulk 144,0.400314418712648,0.06960749443054047,0.10858966037738732,0.16021874522319657,0.26126968125622774
Bulk 145,0.5080826408574195,0.1724695295303714,0.003931673655884635,0.06907112999278091,0.2464450259635437
Bulk 146,0.1917894772614395,0.11180272414140202,0.16174371753700112,0.38931035345614046,0.14535372760401702
Bulk 147,0.1850468842203713,0.1231333395059565,0.13308251238708826,0.3582146834820547,0.20052258040452928
Bulk 148,0.4433584891777796,0.14661423757720157,0.0,0.227559307657038,0.1824679655879808
Bulk 149,0.21954912167664078,0.033206929464909926,0.0,0.5189782451038918,0.2282657037545575
Bulk 150,0.05437724913828089,0.2316025398810034,0.12590817095328902,0.31433038042023836,0.27378165960718825
Bulk 151,0.36006839441712346,0.18107323344560614,0.004976416094267033,0.23740578299289564,0.21647617305010775
Bulk 152,0.2613428081206127,0.16253369076578322,0.22334866117307883,0.09855063993582243,0.2542242000047028
Bulk 153,0.31628732835368456,0.17058195984451918,0.0,0.2435581092759301,0.269572602525866
Bulk 154,0.5110850675949267,0.017217558054564933,0.2703599018293309,0.15962515551586814,0.04171231700530947
Bulk 155,0.23822916767648794,0.09598360146203995,0.14129845619845915,0.33162257458065975,0.19286620008235303
Bulk 156,0.4569996482182496,0.12697201380893905,0.11009316054702352,0.14466822227335813,0.16126695515242967
Bulk 157,0.21665031596079917,0.13950994440893627,0.15101492888466028,0.35005654307556583,0.14276826767003847
Bulk 158,0.2750911054080401,0.14481158670655658,0.03216915691416999,0.349841400997191,0.1980867499740424
Bulk 159,0.23811208581063406,0.15187687962209517,0.23989162942604797,0.2190755603448649,0.15104384479635796
Bulk 160,0.388800769494607,0.2504828938082736,0.0,0.16622095919011182,0.19449537750700754
Bulk 161,0.34184538227022176,0.21473000062163847,0.04543395150623798,0.02847820781639443,0.36951245778550745
Bulk 162,0.2995406393409087,0.07428552182087414,0.07741280643313951,0.41987531509164244,0.12888571731343518
Bulk 163,0.12336750271061896,0.1976259862546273,0.1332249671867165,0.29155285928647684,0.2542286845615604
Bulk 164,0.2460229236709763,0.268372103473094,0.0,0.09141381802382416,0.3941911548321057
Bulk 165,0.11495061796237761,0.21692468186793698,0.07140666592187317,0.3188858888347834,0.27783214541302875
Bulk 166,0.6738267291130018,0.05607695439021325,0.0,0.15483836104756887,0.11525795544921598
Bulk 167,0.5341373165617676,0.14457208006334293,0.0,0.15035133355101032,0.1709392698238792
Bulk 168,0.2277416755558828,0.029245661061179196,0.14982940302887499,0.43505728156483786,0.15812597878922507
Bulk 169,0.6328185264084039,0.1577422829139469,0.0,0.004448278396923765,0.20499091228072552
Bulk 170,0.15448398795512833,0.2317299500758944,0.1327703364949712,0.23718187446286218,0.24383385101114394
Bulk 171,0.3166350233855148,0.11483796299947654,0.0815966703131498,0.30996162725255066,0.17696871604930828
Bulk 172,0.3231352070510591,0.07426836159866826,0.08779268718445393,0.3325451608767054,0.18225858328911343
Bulk 173,0.34138668450551174,0.2153390223764351,0.09852794238036655,0.15098434169996613,0.1937620090377205
Bulk 174,0.5196035246182924,0.12082965075522274,0.15754143410815089,0.031103290637538143,0.17092209988079582
Bulk 175,0.6780095073220843,0.028445691170854794,0.0,0.05848399305185164,0.23506080845520932
Bulk 176,0.12731836380384698,0.16044610555185043,0.044672665610574265,0.418714016407115,0.24884884862661324
Bulk 177,0.0,0.22741592065746527,0.1350443649393911,0.37027187274349915,0.2672678416596444
Bulk 178,0.30250591262931936,0.2749846080139831,0.0,0.15986041568583634,0.26264906367086116
Bulk 179,0.2754539613961341,0.271106002018006,0.007845322070895324,0.20928097438656615,0.2363137401283985
Bulk 180,0.23492352887299808,0.14195106373169455,0.0,0.3523791595101215,0.2707462478851859
Bulk 181,0.37067766927752066,0.09266281402382451,0.06303916641456521,0.2066111983608067,0.26700915192328284
Bulk 182,0.3793994888445774,0.0,0.0,0.40704878465316363,0.213551726502259
Bulk 183,0.3359979000869022,0.1431394211304367,0.03130685721068985,0.11733327434854234,0.3722225472234289
Bulk 184,0.5346921517065183,0.0,0.026485336961286344,0.25069761878060665,0.1881248925515888
Bulk 185,0.4329466027645652,0.10105330030596588,0.006006636620517304,0.2821865501683562,0.17780691014059538
Bulk 186,0.2692910688719513,0.1274760422060111,0.18816626565721314,0.22163326927931834,0.19343335398550607
Bulk 187,0.3296235651639369,0.1459857202806599,0.0,0.15554142963444884,0.36884928492095437
Bulk 188,0.4908308581027809,0.0,0.24686369305722883,0.26230544883999035,0.0
Bulk 189,0.36116772160678057,0.0923509538522901,0.19894071248990527,0.172226669884541,0.17531394216648305
Bulk 190,0.5642687198853468,0.048585214838658075,0.13325956154101923,0.18291950318741806,0.0709670005475578
Bulk 191,0.3389540584827132,0.16061875876835754,0.0,0.22024406188928108,0.280183120859648
Bulk 192,0.2708723738143469,0.1755965030802984,0.11632315583464643,0.26018314444089474,0.17702482282981338
Bulk 193,0.8248931630542734,0.0,0.0,0.0,0.1751068369457267
Bulk 194,0.3216303840255723,0.1516890915042463,0.10941776140417545,0.189072011695421,0.22819075137058498
Bulk 195,0.07198098096385681,0.24003510543675521,0.0507165151199842,0.2799910431878066,0.3572763552915973
Bulk 196,0.33738832966823096,0.18721931355473767,0.0,0.15828782667199578,0.3171045301050355
Bulk 197,0.5548505751625523,0.10268184776535079,0.0,0.17564126880394385,0.1668263082681531
Bulk 198,0.7022987848427179,0.10926400123610022,0.0,0.0,0.18843721392118196
Bulk 199,0.15527643513814818,0.124523996176639,0.2659960752159815,0.33475340161001343,0.11945009185921786
Bulk 200,0.1331356215949745,0.16568145343405835,0.19205084869909642,0.2983215858135401,0.21081049045833047
Bulk 201,0.06469586609000892,0.2472981668300521,0.06544662413672163,0.3574503237323451,0.2651090192108723
Bulk 202,0.29587979746922716,0.1916687217510426,0.021715992680258752,0.11227205335389458,0.3784634347455768
Bulk 203,0.4860574438092325,0.09600229792180816,0.0,0.2479756327037307,0.1699646255652288
Bulk 204,0.5033461427415534,0.21665782627546212,0.0,0.055675478136113433,0.22432055284687108
Bulk 205,0.43134008366257526,0.2348579655749793,0.0,0.0020623549265064763,0.331739595835939
Bulk 206,0.5235273397633714,0.05487749088033216,0.2212365506864499,0.09034386073019568,0.11001475793965093
Bulk 207,0.17565160080909953,0.15400194795506852,0.15968663402567676,0.2529569304486674,0.2577028867614876
Bulk 208,0.18071647122984102,0.2037435192740824,0.05972595273205487,0.2654575959354915,0.29035646082853017
Bulk 209,0.506131560108534,0.06788751866418814,0.11422685852384115,0.14895889083511657,0.16279517186832004
Bulk 210,0.3934437183089029,0.17237968565802947,0.0,0.1489177240698046,0.285258871963263
Bulk 211,0.018909961699706584,0.21511175742274743,0.08609848664219313,0.34208758948636153,0.33779220474899146
Bulk 212,0.43905816748462906,0.18654980863378412,0.0,0.10978954208929768,0.2646024817922891
Bulk 213,0.21082085581489798,0.2395423720915132,0.0,0.17337811495931726,0.3762586571342716
Bulk 214,0.594418953452478,0.018786493008246443,0.07526881065814123,0.12771223553557093,0.1838135073455634
Bulk 215,0.4159391154256355,0.006912966360932845,0.0,0.350423190795024,0.22672472741840763
Bulk 216,0.21823403585723578,0.1056215498285431,0.011134849751935984,0.43551516419265485,0.22949440036963015
Bulk 217,0.5318275975871172,0.09545340407851931,0.0,0.11267991545609864,0.26003908287826494
Bulk 218,0.1664511622389046,0.1405277991042988,0.0457643207550138,0.4120569731443255,0.23519974475745742
Bulk 219,0.5095410656679132,0.15200588373580554,0.0,0.0,0.3384530505962812
Bulk 220,0.24584413903451885,0.18503011948984147,0.047495344754269954,0.3063224280431943,0.2153079686781754
Bulk 221,0.2490334352890962,0.18201882669157068,0.06532593364237217,0.28771362800817274,0.21590817636878826
Bulk 222,0.23596946356141063,0.15072942623266353,0.07532587638929579,0.33297768630021674,0.2049975475164134
Bulk 223,0.0834591382427314,0.21929593908561537,0.03420240039931434,0.352409460404945,0.3106330618673938
Bulk 224,0.3985113014209727,0.14550650315731828,0.07342185753082613,0.2145517133799801,0.1680086245109029
Bulk 225,0.3437651792924956,0.16824272342212393,0.25299730793721587,0.11662772038055927,0.11836706896760514
Bulk 226,0.6290149912337079,0.07831257887612439,0.010998844236820121,0.10394759681935754,0.17772598883399005
Bulk 227,0.2076026497111604,0.12585927640277444,0.088693906217454,0.18363395470472738,0.3942102129638838
Bulk 228,0.28724295791514304,0.16760464638579642,0.052692339905387305,0.15342985902351824,0.33903019677015495
Bulk 229,0.37968584594383153,0.1938261391047535,0.004627726559441476,0.16926520876530393,0.25259507962666955
Bulk 230,0.09200205535462828,0.2114822752722711,0.17904039440568198,0.4870833718856038,0.03039190308181478
Bulk 231,0.4111295351487677,0.19657296193147014,0.0,0.144798285500844,0.24749921741891814
Bulk 232,0.0,0.29260011192951035,0.06156922818651582,0.3591028819251274,0.2867277779588464
Bulk 233,0.2689611011903866,0.1348829079525269,0.0,0.21893371499856626,0.37722227585852036
Bulk 234,0.2149267938603549,0.2000517686403981,0.11001124621658753,0.21664190765522048,0.2583682836274389
Bulk 235,0.3908146917827374,0.14901777626626517,0.14158214401645114,0.068596621677848,0.2499887662566983
Bulk 236,0.042930051712684915,0.18033384568662683,0.07526559427228839,0.4110202811394002,0.2904502271889996
Bulk 237,0.1910832875838028,0.20027242408532034,0.20270315956899188,0.24382579848879365,0.1621153302730913
Bulk 238,0.34000508110961597,0.23179373601013598,0.0,0.16316089486249996,0.26504028801774804
Bulk 239,0.04631945359551367,0.0,0.281351750498194,0.5969133097957157,0.07541548611057675
Bulk 240,0.31854485863822013,0.18477354367816942,0.03655080120610008,0.28160717253066675,0.17852362394684365
Bulk 241,0.18950125305930296,0.11939694896270145,0.117188416754338,0.3991621036047755,0.17475127761888204
Bulk 242,0.6484732406246319,0.0827319981495797,0.02690213935984103,0.0,0.24189262186594737
Bulk 243,0.6986588208252221,0.028551963349047756,0.0,0.11958139276565977,0.15320782306007025
Bulk 244,0.4681890873932983,0.14970287294032533,0.02365694578680604,0.1695712575193003,0.18887983636027006
Bulk 245,0.5430663197872607,0.10796591765342622,0.13066085481224712,0.0,0.21830690774706593
Bulk 246,0.32617418215063015,0.24184164767621322,0.0,0.21000867258923323,0.2219754975839234
Bulk 247,0.5994758655540618,0.057157809632911956,0.0,0.005936683615061645,0.3374296411979646
Bulk 248,0.4238890460795291,0.16332989987770088,0.0,0.1913869620233019,0.22139409201946791
Bulk 249,0.7390682863911675,0.06860471621328187,0.0,0.0,0.19232699739555056
Bulk 250,0.6992224066998978,0.11537391274815259,0.0,0.05074943775875309,0.13465424279319654
Bulk 251,0.24326733972899103,0.1441108542510625,0.06765732685669498,0.2707500772435087,0.2742144019197428
Bulk 252,0.2602359955984177,0.23156104571492814,0.015859473972748426,0.2162787771884441,0.2760647075254618
Bulk 253,0.1980463536677322,0.19654478316188123,0.15386884682304947,0.2766135927877455,0.17492642355959145
Bulk 254,0.4708749815193642,0.1486362003062412,0.015571996840948217,0.16856152313775677,0.1963552981956897
Bulk 255,0.6193954668189153,0.03159718789820714,0.07792549024268325,0.1858498801717679,0.0852319748684264
Bulk 256,0.1502460714317551,0.24373740976292427,0.0,0.3496902264949357,0.2563262923103848
Bulk 257,0.2117422781421607,0.2743313545544714,0.02910326158617809,0.25189548252900484,0.232927623188185
Bulk 258,0.32323160981469756,0.20428187933808387,0.0,0.09525621966502189,0.3772302911821968
Bulk 259,0.6596057024839596,0.1325117858487289,0.008313225692174134,0.03861744515634344,0.16095184081879402
Bulk 260,0.0,0.19919468378415034,0.09135975760871134,0.36786523142248173,0.3415803271846566
Bulk 261,0.11236749521587068,0.1707115339463479,0.06730051364101994,0.39126934543828523,0.25835111175847625
Bulk 262,0.1620741074942153,0.25951235776243836,0.036393216183846555,0.2345658145704485,0.30745450398905133
Bulk 263,0.3313957291446542,0.1529158847757117,0.04739468584113993,0.2340552449027053,0.23423845533578883
Bulk 264,0.12123403545958024,0.2049689307097106,0.0,0.35013004500953054,0.32366698882117867
Bulk 265,0.0279786090143793,0.22767176404258668,0.15923390056379397,0.3276852692446387,0.2574304571346015
Bulk 266,0.1533179531557226,0.20173618442343563,0.15617039996247623,0.26819377761354185,0.22058168484482368
Bulk 267,0.25466140323882236,0.15625873969791693,0.11204562396741227,0.27241862127519595,0.20461561182065252
Bulk 268,0.3224029619209612,0.13016632882150672,0.18985211612006875,0.1789719126182642,0.17860668051919903
Bulk 269,0.3454476405145469,0.11740113833016802,0.04929460857030334,0.13113833120850615,0.3567182813764756
Bulk 270,0.4918972312154447,0.12287861123908816,0.0015490141764597132,0.19182749582074973,0.1918476475482577
Bulk 271,0.056555150797443894,0.2181454773620233,0.03920133269566044,0.3980522799822056,0.2880457591626667
Bulk 272,0.38840729366231214,0.18064822709106693,0.0,0.1799840836099034,0.2509603956367176
Bulk 273,0.923147924889625,0.0,0.0,0.0768520751103749,0.0
Bulk 274,0.14659605053767877,0.22969399677779215,0.0,0.3647286757031153,0.2589812769814139
Bulk 275,0.20290051120278327,0.10825029703912827,0.18902872073505125,0.32583931678841277,0.17398115423462449
Bulk 276,0.35801597777303734,0.13677513402910513,0.0,0.2135793634287782,0.2916295247690794
Bulk 277,0.5905181212463722,0.0902516909005702,0.0,0.09304972973725378,0.2261804581158039
Bulk 278,0.400892599022955,0.17146005651439686,0.0,0.18059006757504453,0.24705727688760373
Bulk 279,0.008343390495528489,0.22362563341143354,0.2912730832017188,0.2563924830769322,0.22036540981438685
Bulk 280,0.46653214685963923,0.16732161393246003,0.0,0.22987019647512344,0.13627604273277727
Bulk 281,0.5929565580685457,0.13750717128919068,0.08407019122627485,0.006236820974130981,0.17922925844185772
Bulk 282,0.3108806683471396,0.07409391659769946,0.12521798249032143,0.4343686307944218,0.05543880177041773
Bulk 283,0.4541512235573008,0.17180412878832146,0.0,0.12218263850276458,0.25186200915161305
Bulk 284,0.5252898345918335,0.07386577530393067,0.18530936418346722,0.1218400860991381,0.0936949398216304
Bulk 285,0.12771772828620565,0.25439660378152074,0.2095777434701777,0.18520353306940213,0.22310439139269392
Bulk 286,0.08612641375092148,0.26498803519555,0.1713916967194389,0.1845982694196486,0.29289558491444107
Bulk 287,0.002379605699332623,0.12222858431111298,0.15644090163957255,0.4731276948058129,0.24582321354416892
Bulk 288,0.22165372482955234,0.14817536068695963,0.06825244358903172,0.35521542959725644,0.2067030412971998
Bulk 289,0.591964420637554,0.06777184417015879,0.09448680471004829,0.17498716701330944,0.07078976346892954
Bulk 290,0.3373492546632018,0.19853056132618377,0.0,0.377117058598649,0.08700312541196535
Bulk 291,0.26108035554534276,0.2313041936574958,0.14936684224623833,0.10335259667423524,0.25489601187668787
Bulk 292,0.44066278882713217,0.13012233183201563,0.0,0.21724787083203775,0.21196700850881434
Bulk 293,0.396718029555347,0.13420353097686205,0.0,0.17431090743749644,0.29476753203029443
Bulk 294,0.2956360183841631,0.2147290881586557,0.17687190630659008,0.15125156038040477,0.1615114267701865
Bulk 295,0.4911758834932692,0.12617075813409678,0.11930757678459426,0.08686354861886184,0.17648223296917795
Bulk 296,0.7498858970258063,0.06459009012771814,0.0,0.0,0.1855240128464755
Bulk 297,0.7236121509236667,0.054682737279386086,0.0,0.06449923285335496,0.15720587894359228
Bulk 298,0.02191205950292137,0.2305867605027499,0.20717430137512385,0.3444217423678748,0.19590513625133005
Bulk 299,0.6069961708526478,0.11787431910631274,0.0,0.0,0.27512951004103947
Bulk 300,0.1234007376835541,0.1935348098831428,0.12012561955127979,0.3594415506982745,0.2034972821837489
Bulk 301,0.192535857003737,0.228206893075671,0.015679219506383207,0.13531357104202701,0.42826445937218177
Bulk 302,0.15465480842562626,0.14060680750447138,0.0,0.5000897375460431,0.20464864652385928
Bulk 303,0.5131402612709688,0.11068758521373215,0.0,0.10315558766839182,0.27301656584690714
Bulk 304,0.39542803537260274,0.06425813902176454,0.1560478537528283,0.18456335344398697,0.19970261840881737
Bulk 305,0.5447700495597879,0.12878635471892316,0.0,0.018594925059939246,0.30784867066134974
Bulk 306,0.2761795569114728,0.19348735049438026,0.2518598752004578,0.0013290804148533108,0.2771441369788359
Bulk 307,0.7306855409307641,0.04546938051854986,0.0,0.0,0.22384507855068617
Bulk 308,0.22462028090038022,0.20319771238686882,0.04380819698913246,0.1577182613864999,0.37065554833711856
Bulk 309,0.24073325704778264,0.24058443769854151,0.07590471340272024,0.08578640712108856,0.3569911847298672
Bulk 310,0.4823220155260173,0.1797706006316032,0.008797966843597255,0.016886542724678977,0.3122228742741032
Bulk 311,0.2689375171094998,0.22170745087821928,0.08510986679296235,0.161456069230509,0.2627890959888096
Bulk 312,0.4036538885576474,0.13728993128962544,0.09659105250203867,0.1442693169157338,0.21819581073495467
Bulk 313,0.23672444394294292,0.22689169388760577,0.0,0.19187716015436532,0.3445067020150859
Bulk 314,0.5788378939006653,0.13511124959200285,0.0,0.0,0.28605085650733175
Bulk 315,0.42805897102307194,0.22654674443959166,0.05569418407182564,0.0,0.28970010046551065
Bulk 316,0.3285386978054157,0.19188601785074208,0.0,0.17510175455857352,0.30447352978526854
Bulk 317,0.14935370548532031,0.2364364200418688,0.22969314045151168,0.20568692591713852,0.17882980810416071
Bulk 318,0.6834750759899735,0.14996259744555557,0.0,0.0,0.16656232656447095
Bulk 319,0.2165452385706932,0.27904487574280873,0.0005574003442452237,0.19078331169534585,0.31306917364690695
Bulk 320,0.23867867040231325,0.2139428902457946,0.15442504392232034,0.05853475142466133,0.33441864400491045
Bulk 321,0.5649875215687993,0.0535000166911701,0.0,0.11326745801249723,0.26824500372753346
Bulk 322,0.29548106412162245,0.15911487895610363,0.12581531411571006,0.25153088114450434,0.1680578616620594
Bulk 323,0.16508373453548905,0.22841843146620577,0.017004642332777185,0.26088249568261923,0.3286106959829089
Bulk 324,0.6522847093995259,0.10766290349670739,0.016898358802247507,0.0988622682495053,0.12429176005201402
Bulk 325,0.22444615074395685,0.1399355818321761,0.3059096793289492,0.17515056659275785,0.1545580215021599
Bulk 326,0.06256432328100278,0.1552176928842321,0.2686710381939471,0.30730387081888627,0.20624307482193174
Bulk 327,0.44105811742375184,0.2230068093224864,0.0,0.023956119127126682,0.31197895412663507
Bulk 328,0.29780179422023945,0.131058845614481,0.051151484317687415,0.38194986484549037,0.1380380110021019
Bulk 329,0.8027826643697137,0.0,0.0,0.018528507918060256,0.17868882771222605
Bulk 330,0.05586630392169795,0.26357659695876073,0.09653394663819094,0.251722506852467,0.33230064562888334
Bulk 331,0.22735519811583527,0.17326284392226177,0.0,0.2791395379873209,0.320242419974582
Bulk 332,0.35927799265468197,0.22966753376424015,0.07363468165333947,0.08149415462214014,0.25592563730559836
Bulk 333,0.6083239335958063,0.10456458736667162,0.03698305515869444,0.0,0.25012842387882767
Bulk 334,0.14610531620553044,0.0,0.03679730034959904,0.8170973834448705,0.0
Bulk 335,0.5272006353387638,0.1756147549142323,0.0,0.06070059931491082,0.236484010432093
Bulk 336,0.4525432040797668,0.20950354798039778,0.0,0.0,0.33795324793983544
Bulk 337,0.0,0.10429694386010269,0.1262149073837824,0.49464487007063607,0.2748432786854789
Bulk 338,0.2666309453585979,0.0912767778240703,0.03275652731412144,0.38020372194383023,0.22913202755938014
Bulk 339,0.6551467275819334,0.05071828096975472,0.16589916357110654,0.11206896505882613,0.01616686281837918
Bulk 340,0.3172473299755722,0.15828872743073535,0.06554325011452038,0.32657960381945306,0.13234108865971905
Bulk 341,0.5037844110824773,0.058717522179145325,0.39829361493169824,0.013432386416662697,0.02577206539001645
Bulk 342,0.04388554609480146,0.09697829728801828,0.19872336332510018,0.522721102043091,0.13769169124898897
Bulk 343,0.5625272115909512,0.016507517157162036,0.0,0.07449175626453523,0.3464735149873516
Bulk 344,0.31415848652090494,0.14569515575073616,0.03343227950557047,0.11953967879687731,0.3871743994259111
Bulk 345,0.7569884637142732,0.10409120075638184,0.0,0.0,0.13892033552934505
Bulk 346,0.35246416946545644,0.09352057768664947,0.008654017368035432,0.3783169045203639,0.1670443309594946
Bulk 347,0.22473386381412533,0.19978018878200446,0.09049006197014935,0.20163844182539806,0.2833574436083229
Bulk 348,0.3686658183226329,0.14936569462306168,0.06552451676134706,0.16629592320343897,0.2501480470895193
Bulk 349,0.10520595745837827,0.26582224658420744,0.032905104662098006,0.27408109477293446,0.32198559652238173
Bulk 350,0.4850309744044905,0.27260679286355105,0.0,0.042599483968341914,0.1997627487636165
Bulk 351,0.2906354272811428,0.09801682453866671,0.42748084087860433,0.18386690730158622,0.0
Bulk 352,0.0,0.3026582103291545,0.061899937263154896,0.3500722032016956,0.285369649205995
Bulk 353,0.46003579908651193,0.16145320641383606,0.03924798677279833,0.1905111259773744,0.14875188174947912
Bulk 354,0.6557615809368698,0.09370619901527938,0.0,0.04322115484905832,0.20731106519879264
Bulk 355,0.2023348683510701,0.2042811024135672,0.08443724494397008,0.24675376554257403,0.2621930187488186
Bulk 356,0.47445817101286014,0.1487405196265009,0.0,0.1808494829411916,0.19595182641944742
Bulk 357,0.30580808065361315,0.20946050727954854,0.13030169331679972,0.21424265769683284,0.14018706105320583
Bulk 358,0.5635661519111393,0.11226657594632268,0.0,0.13332269666127208,0.1908445754812658
Bulk 359,0.14578265262578594,0.2679699891032508,0.0954900965547728,0.24447311542549977,0.2462841462906906
Bulk 360,0.20334558656486995,0.19179908598799822,0.07345935957861593,0.28824007031207016,0.24315589755644573
Bulk 361,0.39773294488773964,0.24007671052079838,0.0,0.15564140965173195,0.2065489349397299
Bulk 362,0.07123664974587542,0.2359652747711307,0.13281975179510283,0.3554265932393706,0.20455173044852037
Bulk 363,0.17736794128444422,0.24892039607506186,0.0,0.2233934760050729,0.35031818663542114
Bulk 364,0.2009924649697797,0.2552765217925814,0.000935649328035404,0.1558968097952571,0.38689855411434637
Bulk 365,0.23507891220981073,0.22660120028434574,0.014788943490292392,0.2243726278959865,0.29915831611956467
Bulk 366,0.13139974422502068,0.15103050383810224,0.07406495645851952,0.38612364227807006,0.2573811532002877
Bulk 367,0.38192738342703847,0.162194051819869,0.0,0.134994669859699,0.32088389489339364
Bulk 368,0.316999447651069,0.28089914048333536,0.025712710851114214,0.08546143008215727,0.2909272709323241
Bulk 369,0.43969310563599295,0.0,0.1405800019896978,0.18585283571848524,0.23387405665582406
Bulk 370,0.45486510378232836,0.15931326049901898,0.0,0.10987721806658576,0.27594441765206695
Bulk 371,0.7186658860928681,0.13552228366531072,0.0,0.004409440777795528,0.14140238946402564
Bulk 372,0.3508160848984041,0.20467942072842812,0.05309436160876851,0.14476102722240905,0.24664910554199035
Bulk 373,0.5370379426972828,0.09385079855825046,0.04788559922708765,0.23971535877440017,0.08151030074297888
Bulk 374,0.40174682687789626,0.1489935080340419,0.1282601269710826,0.07716413331881428,0.24383540479816485
Bulk 375,0.3188966042420966,0.048375689154285334,0.08689896170284801,0.35738321263844924,0.18844553226232075
Bulk 376,0.2793178584514932,0.10722204381900152,0.2675645476409744,0.22586476881863973,0.1200307812698911
Bulk 377,0.2025559278248312,0.23172420153161896,0.0,0.19254745017802746,0.37317242046552235
Bulk 378,0.05088096609152712,0.32730300182890854,0.06306578660532483,0.19301678935099995,0.3657334561232396
Bulk 379,0.2784369397046678,0.19591868907963414,0.0,0.1944778834268641,0.33116648778883395
Bulk 380,0.5934797016804182,0.11280417642630174,0.014442610857033624,0.054819860213819536,0.2244536508224269
Bulk 381,0.3012478453004753,0.17488678256618345,0.06462363807658768,0.3654097421774067,0.09383199187934695
Bulk 382,0.2221037166522701,0.25724973967877435,0.0,0.34155726170372147,0.17908928196523405
Bulk 383,0.34259206714982243,0.15281229068189472,0.0913481282308328,0.20719378880076186,0.2060537251366882
Bulk 384,0.08035848852656949,0.1833086233837531,0.12358230930384412,0.363331990194937,0.24941858859089627
Bulk 385,0.40610799803006015,0.09751809609148952,0.0,0.2661278164524667,0.23024608942598362
Bulk 386,0.25259372904840866,0.2100968124947802,0.04110624374491056,0.19701735894566372,0.2991858557662369
Bulk 387,0.7288036540548943,0.08636020413422921,0.0,0.050458947600094596,0.13437719421078193
Bulk 388,0.2940100234818499,0.2628456684985968,0.11258107978523116,0.17364784571637518,0.15691538251794712
Bulk 389,0.6184348406572315,0.17303615425213903,0.014807582956764443,0.04706934529206996,0.146652076841795
Bulk 390,0.5000957675160952,0.18999137047552636,0.0,0.1370489108839973,0.17286395112438122
Bulk 391,0.23871015578314358,0.17729994536399443,0.0,0.33084181578662253,0.2531480830662395
Bulk 392,0.2394012238451474,0.07755910071575332,0.14302080443657234,0.3689229304541341,0.1710959405483927
Bulk 393,0.20890114455440068,0.2817844045098843,0.10674835108847971,0.004616611909793784,0.39794948793744156
Bulk 394,0.6161451666981833,0.06015167657199301,0.0,0.17579864554524083,0.14790451118458284
Bulk 395,0.26412535362992917,0.18049109389422238,0.21007316579078672,0.03022580456626387,0.31508458211879786
Bulk 396,0.368343199302156,0.18116794995425328,0.13943194850706003,0.16853227642743324,0.14252462580909753
Bulk 397,0.4729816157668464,0.20233349312055193,0.06975225567906819,0.03895939667030554,0.21597323876322788
Bulk 398,0.7091286038769753,0.02095293567360772,0.0,0.0,0.269918460449417
Bulk 399,0.6727367583432686,0.10138166010875686,0.0,0.03349329833989392,0.19238828320808068
Bulk 400,0.756529986397882,0.05545974629768177,0.0,0.0,0.18801026730443626
Bulk 401,0.5599991667539446,0.12872164165773314,0.0,0.07460279570281035,0.23667639588551206
