,Ast,End,Mic,Neu,Oli
Bulk 0,0.16947137242214808,0.15631508380597023,0.1237777800220955,0.3999283774467265,0.15050738630305963
Bulk 1,0.3364204482367728,0.16018333990545916,0.0,0.34082562738921085,0.1625705844685572
Bulk 2,0.16420255175861062,0.0,0.2749467857885606,0.4002088284239293,0.16064183402889948
Bulk 3,0.011382142591715752,0.2875437454199019,0.09799744096971731,0.2921661442096722,0.31091052680899284
Bulk 4,0.705772391722511,0.014997570281691209,0.0,0.0,0.27923003799579776
Bulk 5,0.3638024011291773,0.0,0.1333515590744503,0.5028460397963724,0.0
Bulk 6,0.5290621066080068,0.09739622814987271,0.0,0.09945473368023879,0.27408693156188163
Bulk 7,0.25224809199158005,0.20506621388285917,0.06773426824098498,0.25771646664944853,0.21723495923512737
Bulk 8,0.14409104353549781,0.19731533041033114,0.07264573830718217,0.2532090604868333,0.33273882726015575
Bulk 9,0.5588209660576637,0.04532951156090846,0.0,0.13189581755245017,0.2639537048289776
Bulk 10,0.12020481969626447,0.21475168222603389,0.036218080775445534,0.43933425208917104,0.18949116521308515
Bulk 11,0.5908817972572122,0.002895853390661995,0.0,0.1604424700973345,0.24577987925479128
Bulk 12,0.3138635422099571,0.18326508153059962,0.018903829948920134,0.2643325433190142,0.21963500299150895
Bulk 13,0.25253270179214377,0.07098525509791329,0.045788480623345625,0.5121975639258793,0.11849599856071799
Bulk 14,0.5894554106758251,0.05091716489898642,0.09679174995287265,0.13285044507419977,0.12998522939811608
Bulk 15,0.5280176345756158,0.0,0.0,0.3224089403004537,0.14957342512393054
Bulk 16,0.36905492406033297,0.11070580925832563,0.23403053937772048,0.1306050412675225,0.1556036860360984
Bulk 17,0.5937948210628946,0.07880385455576136,0.0,0.19156457566083912,0.135836748720505
Bulk 18,0.2518921759321911,0.15929639271292123,0.0037798322430320605,0.32259250730420913,0.2624390918076464
Bulk 19,0.28417746564058677,0.08800957551121667,0.1625971380065687,0.40521728196835094,0.059998538873276885
Bulk 20,0.0068218579450133356,0.10662040545942535,0.08053763383993316,0.5890470477118067,0.21697305504382144
Bulk 21,0.2986657512177704,0.08199325332121514,0.15549404321464494,0.3534623768960763,0.11038457535029324
Bulk 22,0.029396568900260663,0.06731663981531288,0.11805658111660641,0.6320250710769658,0.15320513909085418
Bulk 23,0.05821622998580562,0.2818039360230501,0.05009216079097088,0.26745347326088686,0.3424341999392865
Bulk 24,0.392981148935587,0.08989589160881357,0.049450234186867975,0.36827832564806207,0.09939439962066937
Bulk 25,0.034869955990115074,0.22843071911341734,0.0973314267508204,0.34161548271942804,0.29775241542621916
Bulk 26,0.3016350122716943,0.2106491245036041,0.0,0.14126472213290098,0.34645114109180064
Bulk 27,0.39823033924577655,0.143626920983053,0.0,0.2102161937476589,0.2479265460235115
Bulk 28,0.18740047626460793,0.20010550032964847,0.1601010571194542,0.22694470998230334,0.22544825630398616
Bulk 29,0.3704553118481915,0.18837385769026155,0.0,0.13548636944519313,0.3056844610163539
Bulk 30,0.17107478370067955,0.10892706231057836,0.004498862324917784,0.4588379138927907,0.25666137777103365
Bulk 31,0.37477305142168843,0.15544704635547454,0.09166741610875714,0.19822724262919772,0.17988524348488208
Bulk 32,0.31678324305045186,0.13490651075319796,0.09479780996003861,0.238297444764867,0.21521499147144457
Bulk 33,0.0,0.20939994577177484,0.061152646337218695,0.4477351604750532,0.2817122474159533
Bulk 34,0.2599847256065371,0.2007912683082859,0.0,0.315221650508057,0.22400235557712
Bulk 35,0.571267481895984,0.12326681893952963,0.0,0.0,0.30546569916448635
Bulk 36,0.5102901130605401,0.05102687422651176,0.07387823878082152,0.2475366011946338,0.11726817273749285
Bulk 37,0.3291417522534502,0.13817339686228058,0.005146429095477178,0.24470665323205446,0.28283176855673753
Bulk 38,0.15046256596616334,0.21028603942912763,0.03738878418689679,0.25588060682350366,0.34598200359430853
Bulk 39,0.27460584636329793,0.0,0.19080829007969174,0.5345858635570103,0.0
Bulk 40,0.17451169897498342,0.2024265467420064,0.0,0.3074388046519339,0.31562294963107623
Bulk 41,0.39743631722971995,0.09369045341831762,0.050284781066924265,0.24827759998298327,0.2103108483020549
Bulk 42,0.30234708108874375,0.06664661649774943,0.21056336308657328,0.2564869329857247,0.1639560063412089
Bulk 43,0.024393876978941638,0.19097249720686987,0.10319679774406226,0.35261631318292147,0.3288205148872047
Bulk 44,0.12532442962445636,0.18114970031231312,0.05018929834734777,0.4175366010618413,0.22579997065404142
Bulk 45,0.6399117658298245,0.09839196505978377,0.0,0.09035258707950884,0.17134368203088285
Bulk 46,0.5801302675879279,0.0696134594631168,0.12891536079218002,0.136988067031742,0.08435284512503338
Bulk 47,0.24881500257235808,0.12937100467370027,0.012722283364088104,0.2643965613647242,0.34469514802512946
Bulk 48,0.5193683133264966,0.011736554876911338,0.0,0.29320087988686705,0.17569425190972493
Bulk 49,0.10197281393924014,0.16177567953310049,0.0942817168138449,0.4252354758967043,0.21673431381711022
Bulk 50,0.3972017475325396,0.1372547212655674,0.0,0.11028113726318176,0.35526239393871134
Bulk 51,0.2668182466079059,0.10457149576278825,0.0878892224111222,0.3501283817666959,0.1905926534514877
Bulk 52,0.12920821860270834,0.1868487443395706,0.08498079594285932,0.31711785953353094,0.2818443815813308
Bulk 53,0.31656461211869114,0.13831751643371515,0.0,0.31373671035873224,0.23138116108886145
Bulk 54,0.37536936798590353,0.021674108897777496,0.07143978693797143,0.2583612100140253,0.2731555261643222
Bulk 55,0.22271705643409168,0.11693587448352884,0.15266842043161077,0.2544986473415878,0.25318000130918084
Bulk 56,0.17596506446916402,0.17182801628093425,0.21904069244448096,0.30886693435702245,0.12429929244839832
Bulk 57,0.5491358427071552,0.09538467698242108,0.03580607065469961,0.1118967260360601,0.20777668361966403
Bulk 58,0.42721343675923246,0.09982126051033922,0.15974415317852791,0.14135224181808392,0.17186890773381658
Bulk 59,0.34651159024169953,0.16008642250431604,0.0,0.21452497612006535,0.2788770111339191
Bulk 60,0.24915731794519408,0.1822035051463236,0.10784708962663273,0.333652411495339,0.12713967578651042
Bulk 61,0.020937107804208533,0.25443754492654136,0.07646875457393386,0.37641309195345124,0.27174350074186504
Bulk 62,0.6391300502747609,0.019470651861700806,0.06393344009414084,0.07009802555162507,0.20736783221777247
Bulk 63,0.6486726731813792,0.06331036270781129,0.0,0.24636093698110656,0.04165602712970282
Bulk 64,0.07012452802514092,0.0,0.2475172468193604,0.5591237123856727,0.12323451276982599
Bulk 65,0.5107565918639255,0.16498196514085364,0.0,0.037542631578936204,0.28671881141628447
Bulk 66,0.4090091611569949,0.12473702226083956,0.0,0.2997432482345698,0.1665105683475957
Bulk 67,0.17808242307837385,0.047717803536192066,0.1697169083380136,0.3421033868779858,0.2623794781694347
Bulk 68,0.4638112959683494,0.15443024958273546,0.0,0.2287084203207095,0.15305003412820564
Bulk 69,0.006075277289949832,0.25470262729461063,0.011879250114112488,0.4008864166331882,0.32645642866813884
Bulk 70,0.07876754301105217,0.21368946802749839,0.10806996378744774,0.38581653800321003,0.21365648717079172
Bulk 71,0.28202641375889814,0.08979502465499102,0.11067916656529331,0.3264005804512496,0.19109881456956798
Bulk 72,0.0,0.23273316616227147,0.1073766551015904,0.39955820580711277,0.2603319729290254
Bulk 73,0.4462883583734331,0.10937694865482356,0.0,0.2014538512791323,0.24288084169261107
Bulk 74,0.2570521547373705,0.16516482844468738,0.12734492039047288,0.1960856564659614,0.2543524399615079
Bulk 75,0.7415373699714229,0.034146751865273564,0.0,0.0013000038270809587,0.22301587433622247
Bulk 76,0.014999286687702883,0.2228370849239589,0.02821307896529116,0.39293550050244264,0.34101504892060436
Bulk 77,0.5332267231173801,0.09630474526183518,0.0,0.28320256155078466,0.0872659700700001
Bulk 78,0.35879787407692226,0.07613538125184827,0.10715857375593733,0.22831212176443275,0.22959604915085938
Bulk 79,0.32698548564777546,0.12438780746092637,0.0,0.34728350774547273,0.20134319914582557
Bulk 80,0.2662922716411181,0.15584174393234917,0.04107296248632218,0.3364985729977195,0.2002944489424909
Bulk 81,0.48019375167283096,0.0691285685517589,0.0066437014530205726,0.34180375422800463,0.10223022409438498
Bulk 82,0.580227702200674,0.1226523721685305,0.06045726981374112,0.02747877092763701,0.2091838848894173
Bulk 83,0.1650846733141646,0.23798692803654037,0.0,0.21487214347626188,0.38205625517303315
Bulk 84,0.03566897604648072,0.0982306282597383,0.09253343808575852,0.5658988913475314,0.20766806626049109
Bulk 85,0.04525427009913834,0.27692319416040306,0.0984610260891053,0.3552738266597048,0.2240876829916485
Bulk 86,0.14999639521598881,0.28036018960858555,0.008335799159056549,0.2674058229486556,0.2939017930677133
Bulk 87,0.6616922307216618,0.05302719737690584,0.0,0.09813943549962496,0.18714113640180732
Bulk 88,0.16552063309371895,0.1646571213291558,0.07467823478067023,0.4454577764314473,0.1496862343650079
Bulk 89,0.21512354736682235,0.22487656884901697,0.0,0.33260647332678545,0.2273934104573752
Bulk 90,0.12483323828294679,0.02160082226230213,0.23237101142442476,0.4474542788339757,0.17374064919635057
Bulk 91,0.118182688364719,0.12578420531137566,0.2616159132255627,0.2996135130308415,0.1948036800675011
Bulk 92,0.23587219997848144,0.18255289219173446,0.07473735616869161,0.3417069505362489,0.16513060112484365
Bulk 93,0.20072712179327698,0.1668221519926246,0.09115606096037732,0.4386908387785411,0.10260382647518004
Bulk 94,0.11849226600709237,0.21252129516271792,0.13530331167750298,0.26181082737953054,0.27187229977315625
Bulk 95,0.4150305791212594,0.0,0.0,0.5849694208787407,0.0
Bulk 96,0.698391522572754,0.04908922856810109,0.0,0.0,0.25251924885914495
Bulk 97,0.7502304308794189,0.0,0.0,0.0213407560475433,0.2284288130730378
Bulk 98,0.34890224576059925,0.0,0.27797310503131933,0.37312464920808136,0.0
Bulk 99,0.28727630052952485,0.1865565915254586,0.04773812662032247,0.3145296556732602,0.16389932565143384
Bulk 100,0.10150981877812666,0.1417968165597037,0.21228552034282933,0.3443214009848696,0.2000864433344708
Bulk 101,0.5253735068924221,0.15225121191429863,0.0,0.14167345552701968,0.18070182566625956
Bulk 102,0.03233190005048073,0.21537117306584697,0.07948757006984285,0.34418123129068884,0.3286281255231406
Bulk 103,0.09067783179841914,0.19747866715833096,0.14094439880543178,0.36853276345589625,0.2023663387819219
Bulk 104,0.18345768543041535,0.10026583786455258,0.13661893552817306,0.4422930829126306,0.1373644582642285
Bulk 105,0.626548200891556,0.0712557191289221,0.0,0.1324139905680011,0.16978208941152081
Bulk 106,0.4696217438806708,0.11366539476155811,0.0,0.277629628484006,0.139083232873765
Bulk 107,0.19479981125843754,0.2271836386391003,0.05703473902433657,0.2488251399480324,0.2721566711300933
Bulk 108,0.006512685805056879,0.15256115975700046,0.1748573913265492,0.40172848144895784,0.26434028166243567
Bulk 109,0.322954818868042,0.08866193413304456,0.17873462241557822,0.37980282350857736,0.029845801074757736
Bulk 110,0.4705049802579221,0.03235539211961596,0.420397356629934,0.07674227099252788,0.0
Bulk 111,0.7805416357447232,0.08626719072770057,0.0,0.0,0.13319117352757626
Bulk 112,0.6058582328067139,0.015210951934878572,0.06195023654500361,0.10966262497994626,0.20731795373345777
Bulk 113,0.5100123176435676,0.1238927286276496,0.0,0.13213592248550854,0.23395903124327425
Bulk 114,0.12894825526876538,0.15527134609913956,0.18193142272200122,0.27700546559726863,0.25684351031282526
Bulk 115,0.39872989342239823,0.1388112458200198,0.0,0.15380171939226314,0.30865714136531874
Bulk 116,0.5079471861877303,0.08881260472147395,0.0,0.23662552145551205,0.16661468763528375
Bulk 117,0.0,0.20318984484047747,0.09134020881611951,0.4162734549008359,0.2891964914425672
Bulk 118,0.16604638794355905,0.20811141555587293,0.08063780284695604,0.26451089238320796,0.28069350127040404
Bulk 119,0.42519964139755156,0.0951397253764585,0.0,0.2983251581248482,0.1813354751011416
Bulk 120,0.3438400947976623,0.25476660120299083,0.0,0.12237763799997066,0.2790156659993761
Bulk 121,0.485018363228958,0.0940620275342686,0.022975489264698345,0.20732677714702247,0.19061734282505263
Bulk 122,0.6260039996300599,0.0487103199890459,0.14921329592451305,0.05444231594789638,0.1216300685084847
Bulk 123,0.47582389048042306,0.0036117159137471593,0.024706643669241107,0.4288349548805075,0.0670227950560812
Bulk 124,0.07199643281121923,0.24409219443583566,0.26867762279350454,0.3440705339743398,0.07116321598510075
Bulk 125,0.5194454285604866,0.09888730303763,0.0,0.08380958154336322,0.29785768685852015
Bulk 126,0.0,0.2548519599550116,0.14663448394626857,0.2692215507844317,0.32929200531428815
Bulk 127,0.16087457603219832,0.28263636467619796,0.003979265657076278,0.27267041361409927,0.279839380020428
Bulk 128,0.22948110676978206,0.07217339927680068,0.25862441299104355,0.17092068967440208,0.2688003912879716
Bulk 129,0.37415209348648065,0.24192845479369812,0.0,0.05964392683459178,0.3242755248852294
Bulk 130,0.37410042579659536,0.13237690557339077,0.10234920666199039,0.17559994597827427,0.2155735159897491
Bulk 131,0.45253988434612147,0.061430848567907724,0.0,0.36478600996369803,0.12124325712227275
Bulk 132,0.799884247272774,0.00048150788952204364,0.0,0.060243161520971644,0.1393910833167323
Bulk 133,0.8115104413314335,0.0,0.0,0.0,0.18848955866856648
Bulk 134,0.4897948892959571,0.12843571098111894,0.0,0.14876491388806648,0.23300448583485747
Bulk 135,0.19900443136102755,0.06948063335970163,0.1420789338285485,0.40063425300937655,0.18880174844134576
Bulk 136,0.20817669969193775,0.2063743015018555,0.022487505978983663,0.2601086001820372,0.30285289264518594
Bulk 137,0.6488748423575537,0.0,0.0,0.2323054315156133,0.11881972612683303
Bulk 138,0.39297622290723566,0.028501761844333114,0.10086084703584308,0.25743594912639517,0.220225219086193
Bulk 139,0.8596686710942738,0.0,0.0,0.013235701495188731,0.1270956274105375
Bulk 140,0.32317077171776337,0.16771448107318077,0.0,0.2789594017439611,0.2301553454650946
Bulk 141,0.22814661771919742,0.08013195137021609,0.1282667746669698,0.2541952549589102,0.3092594012847065
Bulk 142,0.770686943201128,0.0,0.017375478296135505,0.087476215573325,0.12446136292941143
Bulk 143,0.6527050179652439,0.08630464590275068,0.0,0.0,0.26099033613200545
Bulk 144,0.20577228469962955,0.11290416996988599,0.1052278476933434,0.37927359782606196,0.19682209981107898
Bulk 145,0.47250046727538847,0.1454588791854911,0.0,0.14331536544076148,0.238725288098359
Bulk 146,0.5348693242217859,0.0,0.1568846094326293,0.3082460663455848,0.0
Bulk 147,0.06273435705102921,0.25289448558323435,0.10300404629890589,0.3268192473670833,0.2545478636997472
Bulk 148,0.2991898715227414,0.1568028921465861,0.03309558291736727,0.3058645093876345,0.20504714402567076
Bulk 149,0.19717194162347182,0.10954411062318778,0.058176613024115066,0.41971109989474903,0.21539623483447629
Bulk 150,0.0,0.18831738573963344,0.095633798576207,0.42431872497894463,0.291730090705215
Bulk 151,0.18236330359152875,0.22835338448291564,0.10044020209741707,0.2537692336847102,0.23507387614342828
Bulk 152,0.43812630297128097,0.2047947440602285,0.0,0.02867047253273654,0.32840848043575405
Bulk 153,0.22768592765200787,0.15671947809074663,0.1390028808516312,0.2637731232939332,0.21281859011168108
Bulk 154,0.4521319555166556,0.12071561468693665,0.0,0.25136480010259105,0.17578762969381678
Bulk 155,0.09087181661014247,0.15970151788960749,0.18714939916099071,0.29391516403945117,0.2683621022998082
Bulk 156,0.40664070020343385,0.14871647174241764,0.033664126655284635,0.14978132692401835,0.2611973744748455
Bulk 157,0.6993275488764825,0.0,0.0,0.21761098064500403,0.08306147047851348
Bulk 158,0.3598409893140438,0.12292476968810609,0.0,0.2042085032474128,0.3130257377504374
Bulk 159,0.36187634789878914,0.10858604773627537,0.132290797859663,0.2924155883965714,0.10483121810870116
Bulk 160,0.3200840636454589,0.1939912706174586,0.06421124960439323,0.14928705296882974,0.27242636316385965
Bulk 161,0.41102956665188506,0.14579906131161674,0.0005015506917202198,0.07207471028599563,0.3705951110587823
Bulk 162,0.0921412599238419,0.2454129107590385,0.15545085472734427,0.19770007535347592,0.30929489923629944
Bulk 163,0.5137171939309189,0.13362075016008745,0.0,0.14203378225259708,0.21062827365639672
Bulk 164,0.19946719856214298,0.2632051130776274,0.0,0.18112438257485633,0.35620330578537335
Bulk 165,0.223294002503283,0.22943442727508956,0.08082546382468099,0.26582962990730663,0.20061647648963996
Bulk 166,0.8216338936944121,0.007298161644573891,0.02865280322183725,0.0,0.14241514143917675
Bulk 167,0.27216667364258595,0.14706189761800653,0.09805336502466237,0.2171589548400103,0.26555910887473494
Bulk 168,0.04456258570213969,0.18169206331763196,0.1290527785195329,0.3959381428629635,0.24875442959773209
Bulk 169,0.6938516477143375,0.0,0.0,0.0,0.30614835228566256
Bulk 170,0.28141792511754604,0.1968205290487233,0.11159168876403146,0.16755528630856786,0.2426145707611313
Bulk 171,0.0662755300640645,0.2489427566728965,0.0,0.29752299210088345,0.3872587211621556
Bulk 172,0.2055617600274214,0.2289504536511941,0.0,0.31143058967648185,0.25405719664490256
Bulk 173,0.41497506290565184,0.2052332828067169,0.0,0.13000249830420674,0.24978915598342455
Bulk 174,0.6625724480236425,0.0786160524800869,0.0,0.0,0.2588114994962706
Bulk 175,0.2739063258863034,0.15500701301416372,0.11914677543888841,0.1936327147780809,0.25830717088256344
Bulk 176,0.14998684535422135,0.1990008394419866,0.1457593302319963,0.27055519209015116,0.2346977928816446
Bulk 177,0.4253934027488699,0.0,0.10166203296120638,0.47294456428992365,0.0
Bulk 178,0.300258396505746,0.18153025601885342,0.0,0.25993776396051455,0.25827358351488605
Bulk 179,0.15909309862670776,0.13278967439640169,0.27139183934009786,0.29141875275485785,0.1453066348819349
Bulk 180,0.03433984997962522,0.20444263442497154,0.1253931213517667,0.42655044135912307,0.2092739528845135
Bulk 181,0.39186767617161194,0.14560621993573752,0.0,0.17502519455017204,0.2875009093424785
Bulk 182,0.21031945111150058,0.1425981342177379,0.18485671640011325,0.22594697078526257,0.23627872748538564
Bulk 183,0.3821378519945261,0.15993285073537528,0.0,0.13611633073038554,0.321812966539713
Bulk 184,0.11341263073743878,0.1911225943070336,0.16139625631192905,0.2363304148707993,0.29773810377279925
Bulk 185,0.35393443280991915,0.06252840538283255,0.0,0.3556830301030639,0.2278541317041843
Bulk 186,0.16838154754348172,0.18000771490393158,0.1601797173641668,0.3025644304184801,0.18886658976993967
Bulk 187,0.20985903027824757,0.15423270984373996,0.19389807588497848,0.25174575328246623,0.19026443071056778
Bulk 188,0.11788998378683173,0.1834620608802032,0.17269185674089485,0.3158940461037002,0.21006205248837007
Bulk 189,0.2580450537798595,0.20085161560325054,0.14190909224251017,0.15693252181228343,0.24226171656209633
Bulk 190,0.49719278570488934,0.12575242485732321,0.0,0.17143008134930823,0.20562470808847919
Bulk 191,0.25520098036569244,0.22000664997808536,0.03677990354738903,0.22737629389864986,0.2606361722101833
Bulk 192,0.27828095511507533,0.1927198196408338,0.06839515045523473,0.11046626398044218,0.35013781080841394
Bulk 193,0.6378169091037145,0.08615343396067193,0.06748080089873529,0.03510449132806438,0.173444364708814
Bulk 194,0.6839252964667751,0.04628779386681943,0.0,0.009712694968340959,0.26007421469806435
Bulk 195,0.28249618984871516,0.2220302661271702,0.04542671478978535,0.15195048459951596,0.2980963446348133
Bulk 196,0.47493676567505505,0.16510978355091604,0.1496998301905283,0.021107863180653597,0.1891457574028471
Bulk 197,0.2536152291950962,0.13199398603842746,0.14686594306965445,0.27628563344259477,0.19123920825422716
Bulk 198,0.44888444059745564,0.12858010103921047,0.207080877161864,0.06534438840797047,0.15011019279349958
Bulk 199,0.6211858652996922,0.0,0.0,0.32680669100701654,0.05200744369329115
Bulk 200,0.12869924312037323,0.14860384968705104,0.1236139515027368,0.38032118664485287,0.2187617690449859
Bulk 201,0.32078147918541444,0.05988221530040707,0.0,0.4072569793739282,0.2120793261402503
Bulk 202,0.5421743275596362,0.14326177371331497,0.0,0.04987057202947086,0.26469332669757784
Bulk 203,0.6390189460979623,0.05033617365206939,0.0,0.02304621929672041,0.287598660953248
Bulk 204,0.471003086261313,0.10588461650917651,0.14027075998947341,0.09727095138403127,0.18557058585600583
Bulk 205,0.263903830446687,0.18238884937581035,0.20225228079350818,0.054193241820147654,0.29726179756384663
Bulk 206,0.6698994639580503,0.0664871768508674,0.043270224963718525,0.08078711739943786,0.13955601682792598
Bulk 207,0.18806894916663283,0.22837902822236686,0.1294670538889628,0.24789222531488841,0.2061927434071491
Bulk 208,0.17745121086015328,0.193314520835271,0.019039375461126117,0.27267421721523705,0.3375206756282126
Bulk 209,0.5962400972040451,0.0939531612587948,0.0,0.04457358193473083,0.26523315960242927
Bulk 210,0.49257346872456165,0.12554049494417233,0.0,0.08218549384917104,0.29970054248209504
Bulk 211,0.0,0.24465105760856518,0.13166616532475234,0.36569844318549916,0.25798433388118325
Bulk 212,0.4280381604551806,0.10908999501332085,0.09299254568120545,0.26260445527515786,0.10727484357513528
Bulk 213,0.4095418539674995,0.030509300775587823,0.11637211436081324,0.28025895924446087,0.1633177716516386
Bulk 214,0.5114368757540246,0.19003289794126696,0.0,0.014564058610258558,0.2839661676944498
Bulk 215,0.24919082716596289,0.19843913650937614,0.0,0.25327959079089707,0.2990904455337639
Bulk 216,0.2767471028217944,0.23449653974722537,0.0,0.18511367296204725,0.3036426844689329
Bulk 217,0.3004959723291746,0.06244684032615475,0.15721919312118332,0.2548126229073822,0.22502537131610517
Bulk 218,0.027536208304190818,0.13937490645130884,0.24173662455613212,0.4050502500039755,0.18630201068439273
Bulk 219,0.6033078441439041,0.0932553656928163,0.049485987344768216,0.0,0.25395080281851135
Bulk 220,0.6155999175167629,0.10144972508295863,0.0,0.028281034566396995,0.2546693228338815
Bulk 221,0.206735919724618,0.26822370048991506,0.05406033049672064,0.15416269456117987,0.31681735472756645
Bulk 222,0.029768063317628202,0.18014144451512845,0.0745253844527753,0.4788016634358208,0.2367634442786471
Bulk 223,0.25620840038385445,0.1408911486263912,0.2928722982202318,0.3100281527695225,0.0
Bulk 224,0.643860272301578,0.09622045957611937,0.022037850184213087,0.10071327368118914,0.13716814425690033
Bulk 225,0.5050287763387795,0.11590329463804894,0.14634177392324732,0.14532191771195038,0.08740423738797398
Bulk 226,0.8071338564455226,0.04274067311573498,0.02710937041969648,0.0,0.1230161000190458
Bulk 227,0.049669587969143066,0.1939820668938831,0.051378632167457895,0.4313223469737321,0.27364736599578376
Bulk 228,0.32899220866118656,0.12652986407924824,0.0,0.09110061110745254,0.4533773161521127
Bulk 229,0.5998236026390944,0.10116685778319952,0.0,0.1046756024280688,0.19433393714963723
Bulk 230,0.0,0.04599140461717963,0.31418809471734543,0.5927586880176536,0.047061812647821145
Bulk 231,0.33216606761487233,0.14652770148358465,0.12606640928305984,0.06313102953679449,0.33210879208168864
Bulk 232,0.0,0.1713803810097111,0.03655950251556327,0.45388789036907495,0.3381722261056506
Bulk 233,0.35273344202789225,0.11025428342374546,0.02170664841576315,0.33218241107416335,0.18312321505843596
Bulk 234,0.22206103296787338,0.12515705365118537,0.12824018903861353,0.30162306093219177,0.22291866341013594
Bulk 235,0.6856528020531204,0.0,0.0,0.07497728079570114,0.23936991715117856
Bulk 236,0.16874311783137086,0.24627189679549683,0.12399498383582495,0.23373477899962097,0.22725522253768637
Bulk 237,0.2493021813294651,0.2402004015237335,0.0,0.18476210807589363,0.3257353090709077
Bulk 238,0.3121700899463477,0.15827363060609434,0.13480991417053562,0.16997231459608256,0.2247740506809399
Bulk 239,0.21591451856683877,0.0,0.272461616539293,0.5116238648938684,0.0
Bulk 240,0.27412224443162664,0.2209891461751665,0.0,0.17198417146209768,0.33290443793110935
Bulk 241,0.09740109083855991,0.2146801772426403,0.11989149815127194,0.39313581085687815,0.17489142291064963
Bulk 242,0.7658062137307687,0.02583571001929644,0.0,0.0,0.20835807624993496
Bulk 243,0.339154332591636,0.1960355082538215,0.0,0.15104144411158993,0.31376871504295245
Bulk 244,0.2950495746412909,0.24311154139375582,0.0,0.16023212135731815,0.30160676260763514
Bulk 245,0.4173566922404276,0.09473425311156188,0.283496532257459,0.20441252239055138,0.0
Bulk 246,0.21752030134566608,0.13500929239749015,0.1598710867964503,0.23536841551937002,0.2522309039410235
Bulk 247,0.8455220655475798,0.0,0.0,0.0,0.1544779344524202
Bulk 248,0.24768294931709542,0.2275479140797552,0.0905270115085623,0.16930294494043024,0.2649391801541568
Bulk 249,0.6368113445551039,0.13076543290762757,0.0,0.0,0.23242322253726863
Bulk 250,0.6455189883264134,0.11675500587734886,0.0,0.052579422481972546,0.18514658331426512
Bulk 251,0.7692389260216435,0.11221121112061576,0.0,0.11854986285774076,0.0
Bulk 252,0.4290423289516888,0.10857925841516268,0.0,0.2544757054298125,0.20790270720333587
Bulk 253,0.15550670482038945,0.18372106037575403,0.15843194203085717,0.26732314628612236,0.23501714648687688
Bulk 254,0.5341664626020666,0.12894492257436413,0.0,0.0,0.3368886148235694
Bulk 255,0.45297128481315646,0.08636512621578524,0.0,0.3619174078215199,0.09874618114953844
Bulk 256,0.09760681496709524,0.27174537149891514,0.06473776497075556,0.29906026882435327,0.2668497797388809
Bulk 257,0.12320483366817209,0.24950758384553498,0.07517337014648288,0.19292189711784125,0.35919231522196887
Bulk 258,0.41645318909302526,0.12333947695421378,0.0,0.14342412624302187,0.31678320770973917
Bulk 259,0.42143843355033406,0.1623319674434022,0.0,0.18384690738794474,0.23238269161831895
Bulk 260,0.0,0.24071148163892567,0.08189059924006245,0.3955272045533907,0.2818707145676212
Bulk 261,0.15328249499787575,0.17814090696320486,0.15069008747289722,0.23454003060032397,0.2833464799656982
Bulk 262,0.5179913962804559,0.14866819924092559,0.0,0.2271739239297333,0.10616648054888528
Bulk 263,0.4163175636553369,0.08312688630693026,0.0,0.3548999808677128,0.14565556917001996
Bulk 264,0.4239083141994481,0.14409695773836506,0.0,0.2393051003278336,0.19268962773435327
Bulk 265,0.16227496238383485,0.17595873327783618,0.0,0.40652663561097385,0.25523966872735504
Bulk 266,0.24558174678916364,0.1688271900543219,0.03980700908217838,0.35501022908631136,0.19077382498802475
Bulk 267,0.3103398713689151,0.13245096740425608,0.0,0.2164617726404235,0.3407473885864053
Bulk 268,0.5110937220460482,0.0,0.0,0.345899995592453,0.1430062823614989
Bulk 269,0.2586818715677816,0.05021251054170232,0.22635935720042066,0.3539192848608056,0.11082697582928985
Bulk 270,0.3810459753523877,0.11770391345278818,0.13420425594093188,0.33624395946918817,0.030801895784704013
Bulk 271,0.08703503278728315,0.21932274868883783,0.1734793204405022,0.25370131790000444,0.2664615801833723
Bulk 272,0.49832936989577586,0.11110527211882165,0.04455352329257094,0.18707737827841647,0.15893445641441495
Bulk 273,0.2987296695522071,0.1857291141491871,0.16175313319137535,0.1839513489544123,0.1698367341528181
Bulk 274,0.3582579340432008,0.15090212735565622,0.05996898313619297,0.27474899875116243,0.1561219567137875
Bulk 275,0.176589778993531,0.14024749676488757,0.09161882726149431,0.4136651718101364,0.17787872516995074
Bulk 276,0.1506561665931979,0.2681843633387128,0.07790975757982432,0.26160195280926324,0.24164775967900173
Bulk 277,0.7069902319723437,0.07004831170170195,0.0,0.012041004041425886,0.21092045228452846
Bulk 278,0.2960016739023576,0.18516637893416585,0.0,0.2229938186008785,0.295838128562598
Bulk 279,0.08615266996902539,0.2327193432181788,0.14774867843117487,0.28087266507311326,0.2525066433085076
Bulk 280,0.820457848146042,0.015258538184270651,0.0,0.0,0.16428361366968733
Bulk 281,0.42071933587170807,0.10580617800173235,0.21295040977152196,0.26052407635503766,0.0
Bulk 282,0.6940761780070555,0.0,0.0,0.11007355573149252,0.19585026626145202
Bulk 283,0.5812825740009092,0.12115251827876757,0.0,0.0,0.29756490772032335
Bulk 284,0.5904500822451978,0.051543305910543256,0.1905655989669156,0.11974156899450514,0.047699443882838206
Bulk 285,0.3062839715225827,0.2003492721665673,0.062196441951095444,0.1321694961240062,0.2990008182357484
Bulk 286,0.2690588612726339,0.2688280564947684,0.22063122700143617,0.11492557373682934,0.1265562814943322
Bulk 287,0.21578257284883892,0.09699656483188786,0.0,0.4365936507671903,0.25062721155208284
Bulk 288,0.44501606868039084,0.21084823921805923,0.0,0.0470782196110028,0.2970574724905472
Bulk 289,0.5988372586247719,0.1276757682296111,0.0,0.0,0.2734869731456169
Bulk 290,0.4142211303745086,0.21766212997513346,0.0,0.06659460579310725,0.30152213385725074
Bulk 291,0.5843979867353472,0.1926447509561837,0.0,0.0,0.22295726230846907
Bulk 292,0.7220522071523772,0.11500102130681401,0.0,0.0,0.16294677154080878
Bulk 293,0.7072154637536597,0.0,0.0,0.15242117999241953,0.14036335625392066
Bulk 294,0.3744768650516326,0.25918185796322807,0.020522613971464876,0.03359828452523445,0.31222037848844003
Bulk 295,0.7699660427079998,0.036898934731234234,0.030273648513919046,0.0,0.16286137404684692
Bulk 296,0.5773808336591901,0.14242948134118963,0.06141170434136678,0.0,0.21877798065825343
Bulk 297,0.8463098991599399,0.0,0.0,0.0,0.15369010084006005
Bulk 298,0.5321331251318335,0.07530226264017297,0.0,0.2104816223982695,0.18208298982972407
Bulk 299,0.5282069083256054,0.16646035725431202,0.005961974003743554,0.0,0.29937076041633914
Bulk 300,0.3452079948303909,0.10484198133135562,0.046785283363234495,0.3388851874276925,0.16427955304732653
Bulk 301,0.19270605864531118,0.23542907654646347,0.0,0.22331836338327812,0.34854650142494714
Bulk 302,0.2944451246071328,0.17877959082079437,0.0,0.2837782045328982,0.24299708003917467
Bulk 303,0.28272632776646106,0.1806985063825515,0.0,0.2180981967584272,0.31847696909256024
Bulk 304,0.2031022243094264,0.10195572721326288,0.1869534520104902,0.33204553702056294,0.17594305944625757
Bulk 305,0.3417281248209948,0.24461598657828218,0.0,0.1240080297325388,0.2896478588681842
Bulk 306,0.47438876309012296,0.17816918931610534,0.0,0.1320894057507002,0.21535264184307143
Bulk 307,0.45395523433363544,0.027646063706322745,0.3146835694742396,0.1803796897633119,0.02333544272249034
Bulk 308,0.46697673052504896,0.12231635514294786,0.0,0.17512262590885505,0.2355842884231483
Bulk 309,0.2112364609492373,0.13617860598215092,0.14358148322456976,0.26047640822879586,0.24852704161524625
Bulk 310,0.40519565682031733,0.20793872068935934,0.0,0.05623077219031482,0.33063485030000844
Bulk 311,0.26984125783106977,0.2286702738185901,0.10871732640821462,0.13677429333737165,0.2559968486047538
Bulk 312,0.595372465575629,0.1190308337583166,0.0,0.0,0.2855967006660544
Bulk 313,0.6095136452226888,0.026750385875689852,0.0,0.1721304052049236,0.19160556369669782
Bulk 314,0.5731378803949666,0.14322617264327486,0.0,0.0,0.2836359469617585
Bulk 315,0.5697538967650385,0.16874804100404703,0.011855601013320604,0.008712215485437543,0.2409302457321563
Bulk 316,0.39939853565132016,0.15729383500968747,0.03363765537979335,0.23701522894205718,0.17265474501714173
Bulk 317,0.16802727122554956,0.16294457120905073,0.1351194319092385,0.23800837217250084,0.29590035348366034
Bulk 318,0.5226750665419192,0.13980625762976243,0.09389992038416552,0.06988771013231974,0.17373104531183306
Bulk 319,0.09067855143621342,0.25316711672030834,0.0,0.30150964235282135,0.35464468949065686
Bulk 320,0.39413112315077076,0.2500372301963363,0.03664751309558415,0.1181868706920877,0.20099726286522118
Bulk 321,0.43519070962825274,0.1358196457634833,0.0,0.17786746768596942,0.25112217692229444
Bulk 322,0.3030943714561344,0.16414122280320392,0.0,0.20772699289246965,0.32503741284819204
Bulk 323,0.6432108012667945,0.0953759544791839,0.0,0.02819032700551645,0.2332229172485052
Bulk 324,0.3998300631436266,0.2870814312596823,0.0,0.06949695385144404,0.24359155174524688
Bulk 325,0.21032079060191491,0.14764418765663756,0.324910788493946,0.07818577597917019,0.23893845726833124
Bulk 326,0.0,0.2398120248289636,0.22467935046825596,0.2126330662830654,0.3228755584197151
Bulk 327,0.4460041061444161,0.24347263745326148,0.0,0.0,0.3105232564023224
Bulk 328,0.3079566617910641,0.22617485728120196,0.0003251628106502442,0.1892077809066083,0.2763355372104753
Bulk 329,0.2967546871356404,0.18303069626106613,0.18181383579385574,0.12050525393728571,0.217895526872152
Bulk 330,0.21103054543706667,0.1967572059617506,0.0785337360495838,0.24053693924716005,0.27314157330443894
Bulk 331,0.38418622317468376,0.25522701980102724,0.009338015240155435,0.08380009939189345,0.2674486423922402
Bulk 332,0.3373014226805694,0.22478932390440326,0.0,0.11938240606384432,0.3185268473511831
Bulk 333,0.7437310590197096,0.01670431910828471,0.024370335335974845,0.0,0.21519428653603073
Bulk 334,0.0,0.132665752593623,0.04781100740869103,0.670517867203685,0.14900537279400095
Bulk 335,0.7894259498509232,0.0,0.0,0.21057405014907685,0.0
Bulk 336,0.42251318880459765,0.1892004215585818,0.02577711903130509,0.0,0.3625092706055153
Bulk 337,0.3020219412414667,0.0,0.013198824416474204,0.6644388251228994,0.020340409219159767
Bulk 338,0.19678470008184762,0.20661276673037118,0.04811798570718344,0.30111708127082976,0.2473674662097681
Bulk 339,0.5614959703123258,0.12956051237098962,0.09507704951661863,0.052905014306518304,0.16096145349354765
Bulk 340,0.0,0.21708472581487215,0.119856649303656,0.3525185770900436,0.31054004779142835
Bulk 341,0.17245211564232613,0.15552113627658098,0.22668390595174484,0.17514718987612252,0.2701956522532254
Bulk 342,0.02103578746079724,0.1676550088742436,0.1136305914353609,0.3983123836855009,0.2993662285440973
Bulk 343,0.358222176074004,0.1274339617109463,0.0,0.14047073063349688,0.3738731315815529
Bulk 344,0.5222844669557837,0.12468592215442985,0.07489415979699258,0.0024796489491670784,0.2756558021436267
Bulk 345,0.654697679112331,0.10210683207292338,0.08172547672965862,0.015691254134628414,0.14577875795045855
Bulk 346,0.29077498618471465,0.15144572567765732,0.05037368534543153,0.31895725451848767,0.1884483482737089
Bulk 347,0.40251720186947426,0.1790260209571642,0.0,0.12447539306371191,0.29398138410964963
Bulk 348,0.2734671604724104,0.2141646238469406,0.11091330425493914,0.1348142263037583,0.26664068512195155
Bulk 349,0.22101541607347486,0.12232975737506475,0.31814588513334374,0.11517841627435481,0.22333052514376192
Bulk 350,0.3875267201462593,0.20829711759407976,0.0032645716335671007,0.012020749124820386,0.38889084150127334
Bulk 351,0.48353792475311247,0.02955151786977513,0.4043768428680773,0.08253371450903517,0.0
Bulk 352,0.0,0.23624670290395297,0.09633573099782775,0.4199439264250777,0.24747363967314154
Bulk 353,0.2928890080196069,0.24590967829566812,0.0,0.08228441529374153,0.3789168983909834
Bulk 354,0.5041331819832465,0.1604662820402788,0.171526229748295,0.0,0.16387430622817956
Bulk 355,0.1622967488675358,0.13535292090413487,0.1523575378836747,0.3495035142190148,0.20048927812563982
Bulk 356,0.31010390622937695,0.19899875647026463,0.1612337933633823,0.08617857499721282,0.2434849689397632
Bulk 357,0.35354559014853065,0.28811022989835977,0.09143899740439866,0.0651830738592295,0.20172210868948165
Bulk 358,0.5984196749257541,0.050458128574503734,0.08312048048545835,0.01639909684180409,0.25160261917247967
Bulk 359,0.14610034384258563,0.10424756623804207,0.22526203730248837,0.4039831735514278,0.12040687906545622
Bulk 360,0.17304453901977773,0.2194016046772636,0.010051611177105676,0.32671655230485935,0.27078569282099374
Bulk 361,0.4427290033772748,0.09747078317965052,0.06058902722650229,0.16912030985327625,0.23009087636329625
Bulk 362,0.2087439261273408,0.13458710690949935,0.1177794186532166,0.45254293421395037,0.08634661409599277
Bulk 363,0.9742886607102532,0.02571133928974675,0.0,0.0,0.0
Bulk 364,0.1672371061010654,0.2466114467439058,0.0,0.2877855068073541,0.2983659403476746
Bulk 365,0.19573430134307077,0.20903855010760025,0.0,0.3112385146730327,0.2839886338762963
Bulk 366,0.21519624605381044,0.12167022079429479,0.08829975110949483,0.3110844498688032,0.2637493321735968
Bulk 367,0.4055392227031741,0.11794557515537908,0.27339792405297464,0.1743271305066388,0.028790147581833472
Bulk 368,0.17188147786606514,0.21926367274032077,0.019544916069679678,0.28057832444957465,0.3087316088743598
Bulk 369,0.46725102622700765,0.13908717936961137,0.08067519758784401,0.178862589187723,0.13412400762781396
Bulk 370,0.4861108614754351,0.17648438274429026,0.0,0.022957679174955652,0.314447076605319
Bulk 371,0.5547534007747722,0.1805265702653159,0.04181965158867215,0.06955952384911734,0.1533408535221224
Bulk 372,0.1341126166979472,0.1795515801798962,0.27471116903083226,0.22973710503047437,0.18188752906085
Bulk 373,0.19643184120716498,0.24406131151452157,0.0006583397376931795,0.24853517167299755,0.3103133358676226
Bulk 374,0.7472666821343349,0.009610944322217803,0.06842716207513036,0.06817310634765394,0.10652210512066286
Bulk 375,0.1006586021725685,0.3060122090514458,0.0683429189967702,0.24394262930874494,0.28104364047047053
Bulk 376,0.7136177285159171,0.04237347685013893,0.0,0.0,0.2440087946339439
Bulk 377,0.1931168891596993,0.2675005361254174,0.032708550550477125,0.20403392845900656,0.3026400957053997
Bulk 378,0.1287717041945277,0.23410401780266785,0.0978682568756954,0.25006946554899306,0.2891865555781159
Bulk 379,0.22945692929562309,0.2713671382826472,0.0,0.1375413227562371,0.36163460966549255
Bulk 380,0.39305454499873277,0.15251087510730635,0.06847535169052663,0.03229721248801674,0.3536620157154175
Bulk 381,0.38980656136787145,0.1490214782042187,0.0,0.19578869875813337,0.26538326166977655
Bulk 382,0.35347512825514743,0.237872640721017,0.0,0.09427817461170568,0.3143740564121298
Bulk 383,0.3510621018668752,0.12090882276759964,0.0,0.30708859764790264,0.22094047771762254
Bulk 384,0.12028627199046513,0.34431567264003526,0.060211841252139464,0.07546750431403525,0.3997187098033249
Bulk 385,0.1054240442573999,0.28027575287017015,0.0,0.3047315485460703,0.30956865432635966
Bulk 386,0.5542375253167753,0.04365523226846,0.06480141409876881,0.11023320074039136,0.2270726275756045
Bulk 387,0.44680812390418007,0.13175846100040464,0.0,0.2265654541769058,0.19486796091850955
Bulk 388,0.5507345241159581,0.10255302548754751,0.0,0.25981440251858695,0.08689804787790746
Bulk 389,0.358238063538245,0.18797232865531757,0.0,0.2215033232365156,0.2322862845699218
Bulk 390,0.6100870374181063,0.008243717324255074,0.0,0.2549944726059438,0.12667477265169463
Bulk 391,0.2093852129333418,0.23743319417869646,0.0,0.23291058640934167,0.32027100647862006
Bulk 392,0.25731813309177537,0.11392919962526687,0.10574167443308008,0.2653944736794525,0.25761651917042505
Bulk 393,0.06842799551362037,0.2815019453071635,0.06808677534861309,0.2977208318347257,0.28426245199587735
Bulk 394,0.3880733579968883,0.124832571886121,0.02755575071457901,0.33573739963120086,0.1238009197712107
Bulk 395,0.48704252641729584,0.19520109974139727,0.0,0.0,0.31775637384130695
Bulk 396,0.23921687157904206,0.16122297965598026,0.18826078286080034,0.21883173581250914,0.19246763009166812
Bulk 397,0.6283348156382882,0.12991946021245074,0.0,0.0,0.24174572414926104
Bulk 398,0.8541003795196489,0.0,0.0,0.05004536960091317,0.09585425087943786
Bulk 399,0.7102705578278857,0.061838575173440255,0.0,0.04522815539092691,0.1826627116077472
Bulk 400,0.4642584810019503,0.14484569102620407,0.05966241579094697,0.09719570360462516,0.23403770857627348
Bulk 401,0.43306419495381476,0.16977825805982288,0.0,0.1361012874383966,0.2610562595479657
Bulk 402,0.15836567679745187,0.24895126207218957,0.0,0.1805848459259357,0.4120982152044229
Bulk 403,0.23753239987340724,0.17808251388186,0.057821746181002255,0.24720844181982554,0.279354898243905
Bulk 404,0.22294091296815047,0.2648306941553143,0.06669199033464993,0.2281355944513053,0.21740080809058013
Bulk 405,0.3140073185131089,0.10600102660384021,0.2517697855075938,0.25341097337884516,0.07481089599661199
Bulk 406,0.1583737457401812,0.22705831763105103,0.2153367845923762,0.20275047232530538,0.1964806797110861
Bulk 407,0.2926694587624737,0.1621828761867043,0.1026600308623053,0.23219830687242324,0.21028932731609362
Bulk 408,0.28582665018235853,0.17582020032536097,0.09012967458616683,0.2866339036938181,0.1615895712122957
