,Ast,End,Mic,Neu,Oli
Bulk 0,0.0530706578964138,0.16389142850226615,0.10183377076127122,0.421457289766127,0.25974685307392187
Bulk 1,0.4000847889602742,0.13179984323638488,0.0,0.31378255030290797,0.15433281750043298
Bulk 2,0.10647980746712975,0.1831627718222255,0.08379623335686723,0.3791508191251719,0.24741036822860557
Bulk 3,0.10095846756496969,0.29130618313947343,0.11430513985600921,0.22701605203888828,0.26641415740065943
Bulk 4,0.20113227759419922,0.1908702647786491,0.21912842352990014,0.18316506593167725,0.20570396816557432
Bulk 5,0.1818512040447458,0.19733203480057962,0.04851237742526269,0.4114378035145624,0.1608665802148495
Bulk 6,0.5157847752745457,0.06021610397692979,0.17231886895287396,0.0035278213692990354,0.24815243042635152
Bulk 7,0.5222416314508322,0.030358997391484163,0.0,0.30334507135026284,0.14405429980742068
Bulk 8,0.24576546545009786,0.18638614198916817,0.04864040306684053,0.288595133687622,0.23061285580627147
Bulk 9,0.5459601747873462,0.06947180379114272,0.0,0.13483474249673705,0.2497332789247741
Bulk 10,0.22904374237654723,0.20288198829650286,0.15167037058415145,0.2949755594331545,0.12142833930964392
Bulk 11,0.1089376679701913,0.1955741068376829,0.047827867991194775,0.36689831303545345,0.2807620441654775
Bulk 12,0.4646397616321257,0.07549848333216659,0.0,0.196797160068814,0.26306459496689366
Bulk 13,0.12669925441665728,0.14979395662437858,0.087392402987063,0.40541899253332203,0.23069539343857903
Bulk 14,0.6121441964283083,0.011609771342647,0.16561820040777925,0.0,0.2106278318212655
Bulk 15,0.3425181501345676,0.13941227848332344,0.03781813657897592,0.29326354252115644,0.18698789228197651
Bulk 16,0.44144008577961447,0.04129689495233999,0.001252012694572301,0.4055539149320556,0.11045709164141752
Bulk 17,0.7448099604027254,0.03283928023729056,0.0,0.0,0.22235075935998422
Bulk 18,0.6411428476845393,0.028195637281588092,0.0,0.2408198348900577,0.08984168014381486
Bulk 19,0.390923882909697,0.0,0.0,0.45026206689072795,0.158814050199575
Bulk 20,0.16060171298931128,0.06684377691643587,0.09131057041415609,0.5362035956360749,0.14504034404402183
Bulk 21,0.11749212626929459,0.24885152946744105,0.005321391796211606,0.3343988738556151,0.2939360786114378
Bulk 22,0.08617050073278035,0.08086000160646376,0.07072162456489078,0.6350668921086268,0.12718098098723823
Bulk 23,0.3239225642634004,0.029925677207318035,0.0,0.46642784003108584,0.17972391849819577
Bulk 24,0.29727678387458895,0.09795022537896832,0.0,0.3876297076845467,0.217143283061896
Bulk 25,0.09273167602315413,0.17312552707376516,0.0,0.4805266043566244,0.2536161925464562
Bulk 26,0.14956175535872931,0.19502886461582247,0.05402899001056576,0.2353390138289168,0.3660413761859656
Bulk 27,0.55646702166618,0.1031091097111369,0.05594162575838001,0.1513977593860785,0.13308448347822455
Bulk 28,0.1713549588739763,0.15090034078112882,0.16762820233201162,0.24703585058620384,0.26308064742667936
Bulk 29,0.5203308707561974,0.006651103829837715,0.0,0.2733975399385289,0.1996204854754359
Bulk 30,0.45130530120526435,0.09976463270844697,0.0,0.3503822963141753,0.09854776977211337
Bulk 31,0.4254007535208174,0.08079927030093881,0.0,0.29852411119073813,0.19527586498750574
Bulk 32,0.255607943181013,0.098865747805154,0.0,0.38819985720789163,0.2573264518059414
Bulk 33,0.05347142580713189,0.1950989987789992,0.05573539459183769,0.4625508730459009,0.2331433077761303
Bulk 34,0.39631673731233324,0.1523989979996123,0.0,0.35675471354653204,0.09452955114152245
Bulk 35,0.38122245795709747,0.20419557201293367,0.04157648934084497,0.19219129739337865,0.18081418329574522
Bulk 36,0.49681928256239544,0.11329378405554837,0.0,0.13396675511543596,0.2559201782666202
Bulk 37,0.2382400706289748,0.15658950804535757,0.09631846845542777,0.3225050981224749,0.18634685474776494
Bulk 38,0.4091789358060528,0.11040670633503981,0.13293725445276047,0.17043176779375274,0.17704533561239433
Bulk 39,0.17732653539176588,0.11884379503544215,0.03532477108247751,0.5798340649440117,0.08867083354630265
Bulk 40,0.20862488134455726,0.2972118942762558,0.0,0.2989114848050625,0.19525173957412442
Bulk 41,0.40332325252182977,0.08488932722494658,0.15085791285121578,0.19983456065828348,0.16109494674372432
Bulk 42,0.42648487958192993,0.0952089267750868,0.0,0.2712754552168166,0.2070307384261666
Bulk 43,0.24654653501737503,0.0365058528704654,0.0,0.40416673736469394,0.31278087474746563
Bulk 44,0.14858168430890029,0.1470533539943771,0.1138936946692201,0.3247239657071529,0.2657473013203496
Bulk 45,0.6712452732096599,0.06206216875648247,0.0,0.06650837180293599,0.2001841862309217
Bulk 46,0.42178353632135,0.03685809307506701,0.09643639028286784,0.24564732486607843,0.19927465545463666
Bulk 47,0.13285069940163846,0.20278021209174837,0.21425439021079712,0.2163220739920014,0.2337926243038145
Bulk 48,0.742973529754392,0.03901135157978664,0.0,0.12958790675515877,0.08842721191066237
Bulk 49,0.22385748476796025,0.005085395969133211,0.11051924633803584,0.5719374226464029,0.08860045027846783
Bulk 50,0.17301242185940005,0.19403744261654096,0.10029979884413555,0.2674372315333327,0.2652131051465908
Bulk 51,0.29315728667012486,0.07541996941795075,0.20605943628412432,0.4001173955854846,0.02524591204231554
Bulk 52,0.16876511156682675,0.20974325626986193,0.037905777711151334,0.2549315382560428,0.3286543161961171
Bulk 53,0.32596614205465313,0.07021574881040077,0.0,0.3155061478707436,0.28831196126420255
Bulk 54,0.46136508106210816,0.10707431420907125,0.037927132555270505,0.22999962913206798,0.16363384304148204
Bulk 55,0.32256744737992576,0.09675422621874462,0.020513591689064213,0.3972842035589616,0.16288053115330384
Bulk 56,0.49096970922283845,0.052632357474611195,0.015669491345767388,0.27080402280111815,0.16992441915566486
Bulk 57,0.6034632964005282,0.12609741831676252,0.0,0.020316088515276897,0.2501231967674322
Bulk 58,0.5267988293472226,0.12384082165548334,0.0,0.17961779693632085,0.16974255206097333
Bulk 59,0.31710193923608243,0.10507514203709103,0.0,0.2760352243291234,0.30178769439770303
Bulk 60,0.35566734232069674,0.16289255379092205,0.0,0.24496417784204594,0.23647592604633536
Bulk 61,0.25592213281230775,0.16613864072546466,0.03188890773954736,0.21457290044408386,0.3314774182785964
Bulk 62,0.41542698518937904,0.14365184335164327,0.0,0.21451124213728698,0.2264099293216907
Bulk 63,0.30495644034623276,0.15937756058133065,0.1525566732880452,0.15160158033375962,0.23150774545063169
Bulk 64,0.5517690404938526,0.026957025135767,0.07879006220175819,0.34248387216862225,0.0
Bulk 65,0.4317331169510606,0.13746290058187802,0.0065996536827530716,0.20056945126357245,0.2236348775207359
Bulk 66,0.7315229790540282,0.09467472666226054,0.0,0.04835895396793763,0.12544334031577373
Bulk 67,0.22848339466112352,0.16531440182739893,0.006362841559930125,0.27031115557891766,0.32952820637262986
Bulk 68,0.062467552659703655,0.10225061063723326,0.1130183974650617,0.40282313098643735,0.31944030825156416
Bulk 69,0.7385079947538172,0.0,0.0,0.2585907363357526,0.002901268910430288
Bulk 70,0.19363204938522077,0.08407638600677106,0.07813239721258673,0.35913349401366534,0.28502567338175616
Bulk 71,0.11021802034645968,0.12688401651803013,0.0892744071861373,0.3952301923687877,0.2783933635805851
Bulk 72,0.09037456376025661,0.17469069679116353,0.06608905061717671,0.41360439891630785,0.2552412899150953
Bulk 73,0.18270237813507917,0.19968813551244546,0.10166698641789888,0.2738076548302938,0.24213484510428274
Bulk 74,0.3167574122946199,0.06634868037283109,0.07027058306234193,0.40734251260116033,0.13928081166904677
Bulk 75,0.4426080917511492,0.14894827094616242,0.0,0.1341061408266653,0.2743374964760231
Bulk 76,0.09235202053606371,0.11739555590705089,0.06685703476447914,0.4418407013355819,0.2815546874568244
Bulk 77,0.43829479717350367,0.08843831548633053,0.10275269104151664,0.22300571486405754,0.14750848143459175
Bulk 78,0.4569724313653109,0.15381992734689157,0.0,0.12664814789472714,0.26255949339307044
Bulk 79,0.16447552663394868,0.13454101887039724,0.02975153224641905,0.4523240774335746,0.2189078448156605
Bulk 80,0.40494976836775715,0.1771823812708422,0.0259989717616482,0.0430835655497183,0.34878531305003413
Bulk 81,0.31465885694699197,0.16791972821333895,0.0,0.25437932112954803,0.2630420937101211
Bulk 82,0.9449960935746904,0.0014311605135714884,0.0,0.0,0.05357274591173808
Bulk 83,0.3129109725819533,0.11550568659001947,0.0,0.3423330551544052,0.2292502856736221
Bulk 84,0.1725037799791049,0.17472699988999843,0.014347247858432773,0.355218497504849,0.28320347476761487
Bulk 85,0.0,0.12400969461408036,0.0994154080996005,0.4118208093192712,0.36475408796704795
Bulk 86,0.1424678106757621,0.16756816402203814,0.10592467901727375,0.4047749702040768,0.1792643760808492
Bulk 87,0.3328156216251455,0.16506890907212016,0.05909900044967366,0.1199254321742651,0.3230910366787955
Bulk 88,0.07944929645353717,0.24336837334965325,0.04596440429544098,0.36711910202060705,0.26409882388076167
Bulk 89,0.14172546249411344,0.21795692469787442,0.0,0.3895111812340788,0.2508064315739333
Bulk 90,0.20000694144837186,0.13746512057761734,0.21163748770264046,0.2867388425316085,0.16415160773976192
Bulk 91,0.09352795349365968,0.19892463917816847,0.13205640866549792,0.3497556236851649,0.225735374977509
Bulk 92,0.20952690465557863,0.17541163019195394,0.05170082182277829,0.2213337440005536,0.3420268993291356
Bulk 93,0.12335408940836552,0.19008954830190122,0.18036658532568786,0.33898097391574267,0.16720880304830268
Bulk 94,0.13951999135579746,0.22524668047817825,0.03613679497517857,0.30198180860989116,0.29711472458095467
Bulk 95,0.11287257088146331,0.23593383503205878,0.03969354134211633,0.3365960314086057,0.2749040213357558
Bulk 96,0.683111714082834,0.08601749470751874,0.09502774377194008,0.1358430474377071,0.0
Bulk 97,0.5949792501998584,0.08241067536437467,0.0,0.10294974500962316,0.2196603294261437
Bulk 98,0.7464532750207912,0.0,0.11167073168434181,0.14187599329486705,0.0
Bulk 99,0.2356614105418209,0.10430618951277044,0.0774854059976389,0.37070080912981623,0.21184618481795353
Bulk 100,0.11772893673267619,0.299657571228909,0.04856133427780252,0.2912459964891825,0.24280616127142984
Bulk 101,0.6949863809719123,0.0377075041478354,0.0,0.0188546403058644,0.24845147457438785
Bulk 102,0.010201781288637834,0.2055432732469185,0.10496777116209476,0.33093944856498136,0.3483477257373674
Bulk 103,0.08950681306491448,0.27987622817293456,0.006731474624776751,0.3714970585092243,0.2523884256281498
Bulk 104,0.21844366362602963,0.058108584987286806,0.1685506942355365,0.4015419299394403,0.1533551272117068
Bulk 105,0.5077633028081409,0.04290072812523908,0.17285682949566947,0.17753812253273582,0.09894101703821462
Bulk 106,0.4062670921142406,0.15124756326804586,0.0,0.17810423423980876,0.26438111037790485
Bulk 107,0.1911666218092042,0.13116860704943803,0.11232780008593381,0.3248421227770142,0.24049484827840997
Bulk 108,0.15070114197402293,0.2217947297550642,0.10144365455053321,0.26416660758684124,0.2618938661335383
Bulk 109,0.2998781323423493,0.13207168326999785,0.11368631830227247,0.3165585311297624,0.13780533495561792
Bulk 110,0.5841240436055402,0.032728587149269454,0.22283939293715915,0.1603079763080312,0.0
Bulk 111,0.8712234926397951,0.03582464947244345,0.0,0.0,0.09295185788776153
Bulk 112,0.157765604771761,0.17269415086499074,0.185805384626074,0.25009407156834856,0.23364078816882577
Bulk 113,0.3498913567294538,0.21803530665402762,0.03052788729942364,0.08902896034559103,0.31251648897150397
Bulk 114,0.40363845357778066,0.13062599862616558,0.10107624341190274,0.18983941653886036,0.1748198878452906
Bulk 115,0.37292408617578227,0.16082260485067712,0.14583613528176909,0.053173423384862674,0.2672437503069089
Bulk 116,0.39948935306967887,0.11910564170150596,0.09771190946875344,0.2137509697354378,0.16994212602462386
Bulk 117,0.0,0.2338005794756693,0.03732635581212158,0.31068320040652025,0.4181898643056888
Bulk 118,0.36208427028445084,0.18820975203537302,0.07628824569748272,0.15973532051571374,0.21368241146697955
Bulk 119,0.4047723582467175,0.14821772194877886,0.0,0.2925787044106537,0.1544312153938498
Bulk 120,0.5380105236992436,0.03763991490263501,0.0,0.277508159640476,0.1468414017576455
Bulk 121,0.44419759249594204,0.09822603688295982,0.01740749113767143,0.28258664615443435,0.15758223332899243
Bulk 122,0.6215278113335397,0.05935805544293417,0.13439457193345675,0.030736401742725628,0.1539831595473437
Bulk 123,0.5552476063637504,0.06113743380393586,0.0827856332727514,0.1727903018780936,0.12803902468146888
Bulk 124,0.19986519592673924,0.22400185176337434,0.2010110335145299,0.19536429145101925,0.17975762734433734
Bulk 125,0.8041524177485029,0.0,0.0,0.0,0.1958475822514971
Bulk 126,0.16675105671724744,0.2353091768524236,0.021486474382449224,0.3508757482575826,0.22557754379029715
Bulk 127,0.16847090339363702,0.22006730469378527,0.0,0.2647430057625495,0.34671878615002827
Bulk 128,0.2815221931501972,0.18817880261039033,0.07157115951642859,0.13197748652038785,0.32675035820259607
Bulk 129,0.37948659051833467,0.138147800384743,0.05850099105236882,0.2335641607380389,0.1903004573065147
Bulk 130,0.42760684354917905,0.1502319447346128,0.06965597075032669,0.12512433993626218,0.22738090102961933
Bulk 131,0.2514200454381829,0.22231559649003343,0.0,0.25870767137194073,0.26755668669984284
Bulk 132,0.5562011932041069,0.10175474051904108,0.0,0.2047426321070768,0.13730143416977517
Bulk 133,0.8712260062324123,0.0,0.0,0.07443679726713773,0.05433719650044993
Bulk 134,0.3270315673561054,0.06484345306744209,0.16926600527892588,0.3261175838069253,0.11274139049060132
Bulk 135,0.18352315140074973,0.19276442597789709,0.08319383587855968,0.27219634736617515,0.26832223937661837
Bulk 136,0.3986529853408501,0.07286052097541136,0.0,0.27658007192924855,0.25190642175449
Bulk 137,0.5883367197239495,0.13194641305914742,0.0,0.07768941892355177,0.20202744829335126
Bulk 138,0.15593105031593005,0.23974834287037278,0.11205788981960585,0.13356651232527664,0.3586962046688148
Bulk 139,0.4258631738774772,0.15024471783282023,0.15359325891161796,0.11259184000361726,0.15770700937446733
Bulk 140,0.359911849107229,0.13493264598379293,0.0,0.3040465682590393,0.2011089366499387
Bulk 141,0.3355435893387582,0.0892742474583265,0.0,0.32409514593613675,0.25108701726677846
Bulk 142,0.7066090549373159,0.001763753936803873,0.14406622673011538,0.0,0.14756096439576472
Bulk 143,0.4590038075794855,0.08384217250483143,0.271553020325408,0.13029410357469734,0.05530689601557786
Bulk 144,0.40279281543933165,0.09402676215641129,0.04537361343795759,0.15015646939182364,0.3076503395744759
Bulk 145,0.8947231271125744,0.0,0.0,0.0,0.10527687288742554
Bulk 146,0.09298887441337085,0.13519599022541579,0.0751544161858319,0.4322198581012222,0.26444086107415926
Bulk 147,0.2650568073444444,0.15682265239449547,0.044001856042772944,0.36837705417600797,0.16574163004227924
Bulk 148,0.6019075087269865,0.0,0.15153849682570222,0.16108085438434228,0.0854731400629689
Bulk 149,0.1720198377026324,0.006523246762597843,0.043659822587086276,0.4287386097886392,0.34905848315904425
Bulk 150,0.2709702748054539,0.09586106694271308,0.07062965319180269,0.4299031219391344,0.13263588312089594
Bulk 151,0.30354142227080494,0.10472114076356771,0.10980896700465469,0.3116568564213879,0.17027161353958478
Bulk 152,0.4823112555983737,0.18194356720218008,0.0,0.13119549041079365,0.20454968678865246
Bulk 153,0.2745462303480248,0.19244375509175954,0.0,0.2718233758361502,0.2611866387240654
Bulk 154,0.4696210633751038,0.05040911379787773,0.0,0.31390873823872634,0.16606108458829227
Bulk 155,0.12939381137542436,0.10051708020763454,0.17013676668431135,0.324347893287994,0.2756044484446358
Bulk 156,0.6242422998231612,0.07544692499326368,0.0,0.07433295512259916,0.22597782006097597
Bulk 157,0.7280519669745246,0.0,0.0,0.2719480330254754,0.0
Bulk 158,0.242970877604241,0.22984939468254303,0.0,0.17211830902402434,0.3550614186891917
Bulk 159,0.46841078487795307,0.09039305696337224,0.0,0.24232794224719603,0.1988682159114787
Bulk 160,0.26015289778069844,0.20729210208260324,0.08248701697342509,0.16831421247295186,0.2817537706903213
Bulk 161,0.44324205831792485,0.1625248510552516,0.0,0.05385815782440941,0.3403749328024142
Bulk 162,0.3101470424681152,0.08207384036522329,0.09457430006534677,0.4039277804726988,0.1092770366286159
Bulk 163,0.3473172193210913,0.17071350686381048,0.05906093743770909,0.22547945786964596,0.1974288785077433
Bulk 164,0.44229266188893646,0.24122398072252438,0.0,0.08064308236669698,0.23584027502184216
Bulk 165,0.5093224621453541,0.12136395240773407,0.0,0.13263474445417975,0.23667884099273198
Bulk 166,0.8089755550580743,0.0,0.0,0.0,0.19102444494192575
Bulk 167,0.6429815596145493,0.06958944093273685,0.0,0.10391097065441042,0.18351802879830348
Bulk 168,0.0,0.25860135167736514,0.09386830235313734,0.37891373506412385,0.2686166109053738
Bulk 169,0.4787846807533927,0.15064979398312173,0.07457554907539231,0.0,0.29598997618809325
Bulk 170,0.3138343444439886,0.1470278128122084,0.34511418540651,0.0,0.19402365733729293
Bulk 171,0.08073850542501675,0.2446325104946282,0.010027791029033756,0.35633813807491077,0.30826305497641066
Bulk 172,0.05594069938977913,0.2617902641502895,0.0,0.3637242967209455,0.3185447397389859
Bulk 173,0.37823564193490744,0.1592403740583251,0.05031937475124132,0.2673529762998415,0.14485163295568454
Bulk 174,0.6115946312265947,0.0929464742441245,0.0,0.06368495388870096,0.2317739406405797
Bulk 175,0.3959666638053047,0.062279354473109665,0.13515143987643632,0.1792527777489006,0.22734976409624869
Bulk 176,0.4295760618392024,0.031043103363987808,0.026320786598545604,0.325049245168614,0.18801080302965026
Bulk 177,0.05189936281027519,0.20720619209385538,0.040091066766775076,0.3935180137291181,0.30728536459997624
Bulk 178,0.3984095167498505,0.06916947469863005,0.0,0.3229827706675963,0.20943823788392324
Bulk 179,0.28400881288215246,0.20874699507148103,0.0,0.20421346106228408,0.3030307309840825
Bulk 180,0.07811937232716373,0.25036455673550306,0.041940764076374294,0.30420516599124614,0.3253701408697127
Bulk 181,0.41276017285060934,0.16528439828643918,0.0,0.1790179295689466,0.24293749929400488
Bulk 182,0.2228862752371303,0.19982209901854112,0.0,0.24435190913803334,0.3329397166062953
Bulk 183,0.5136007347229249,0.13695420267255143,0.0,0.06857072992027849,0.2808743326842451
Bulk 184,0.09603231056682313,0.13669856516621137,0.130904086703036,0.3432660126174441,0.29309902494648543
Bulk 185,0.32411391362258146,0.16451975406052086,0.08284368413775305,0.22948350335116777,0.199039144827977
Bulk 186,0.3835658161330771,0.14077169978076667,0.09868394341928438,0.14765583594936807,0.22932270471750382
Bulk 187,0.5516506860544945,0.11246083968448352,0.0,0.1610193068749586,0.17486916738606337
Bulk 188,0.2658869990801626,0.0,0.3597832565277508,0.37432974439208655,0.0
Bulk 189,0.28159651872778496,0.22204311972673285,0.0,0.27504035817312344,0.2213200033723586
Bulk 190,0.691909840568439,0.05567175944643075,0.0,0.14764051056692656,0.10477788941820375
Bulk 191,0.6638497188693018,0.05055562275821335,0.0,0.1213356253049456,0.16425903306753925
Bulk 192,0.43926352457409323,0.17276177890965244,0.04205839442580284,0.2595287448749129,0.08638755721553858
Bulk 193,0.9154467880859539,0.0,0.0,0.0,0.08455321191404609
Bulk 194,0.47795925062815936,0.1115879857458536,0.0,0.22868146465905062,0.18177129896693633
Bulk 195,0.22146237897253146,0.22631619454929303,0.024705730386629526,0.12366381794889464,0.40385187814265133
Bulk 196,0.34038854258235723,0.16585893879068248,0.08466039601819161,0.08820739432340254,0.3208847282853661
Bulk 197,0.10113081236322623,0.12724007220430805,0.42304682871644844,0.2458830064284294,0.10269928028758778
Bulk 198,0.4130072693044563,0.016193326228827236,0.2445990198098482,0.3262003846568681,0.0
Bulk 199,0.5190494326891076,0.15040262469180726,0.04961363439823437,0.08908020700940791,0.19185410121144286
Bulk 200,0.012007749296736819,0.1266348826829946,0.1736655473220995,0.4525471676771271,0.23514465302104207
Bulk 201,0.1630112500580121,0.2098064027531393,0.06514046571673271,0.2944500375764642,0.2675918438956517
Bulk 202,0.037931998204784274,0.25652114679096605,0.01173742686889585,0.40790494531627525,0.28590448281907854
Bulk 203,0.4439276350687253,0.17449871084259394,0.04099897045012085,0.07040773566565654,0.27016694797290336
Bulk 204,0.2942642716899143,0.1529882144747308,0.25353327955035593,0.07130989841104293,0.22790433587395598
Bulk 205,0.8098456667192689,0.005893805296625226,0.0,0.0,0.18426052798410592
Bulk 206,0.7020772406076761,0.08762600730126793,0.0,0.020237198806664126,0.19005955328439184
Bulk 207,0.1835143417938833,0.18753164548204126,0.11126768703999212,0.2275480778823047,0.2901382478017786
Bulk 208,0.28149719551807745,0.11794460385770077,0.03603909398010041,0.30320623938277075,0.2613128672613507
Bulk 209,0.6102916660027596,0.12141375976500103,0.0,0.06895454054706977,0.1993400336851695
Bulk 210,0.5616927259797985,0.12935393472636098,0.0,0.05423495553277226,0.2547183837610683
Bulk 211,0.08283023668451402,0.19635910096556036,0.08369418603406638,0.4341452239627281,0.2029712523531311
Bulk 212,0.5007670880235998,0.13934225601449834,0.0,0.06065506962335768,0.2992355863385442
Bulk 213,0.2980775319647908,0.13667831694063287,0.1246932962120857,0.2614861090553995,0.1790647458270911
Bulk 214,0.49599605000594005,0.12260475042739556,0.0,0.09780310993323352,0.28359608963343097
Bulk 215,0.17581254322764128,0.10532661261584778,0.3777011720133568,0.20773318174660513,0.13342649039654916
Bulk 216,0.24671729235899667,0.24846848280675055,0.039132555720335145,0.08492104620536035,0.38076062290855733
Bulk 217,0.18142732722800844,0.1942844924466518,0.2906632465958385,0.16454638526900914,0.1690785484604922
Bulk 218,0.10805532029815178,0.07875431049147506,0.20092820517681123,0.4038100247953747,0.20845213923818717
Bulk 219,0.6415369767555199,0.1069158235653032,0.05443091904705508,0.015331950133346626,0.18178433049877527
Bulk 220,0.6462205656462753,0.12730133363891338,0.0,0.10219972540591317,0.12427837530889814
Bulk 221,0.3719971891824468,0.17369423834180805,0.07257279464035775,0.14724317247119778,0.23449260536418956
Bulk 222,0.2199873538496111,0.13716664414729057,0.0471549244407455,0.3040725115164606,0.29161856604589215
Bulk 223,0.2929526879735746,0.2531698214213017,0.0,0.25215393046109236,0.2017235601440314
Bulk 224,0.4974408061478336,0.13832534337795402,0.0,0.10023857260956637,0.263995277864646
Bulk 225,0.7732458158067294,0.05894533275387666,0.0,0.007857039080749407,0.1599518123586446
Bulk 226,0.2547759492941716,0.1759812555218581,0.2332700777990131,0.12025948165727036,0.21571323572768694
Bulk 227,0.0,0.20929691852028529,0.08135162487728809,0.3199968368123015,0.38935461979012514
Bulk 228,0.1887566986569864,0.18255134155810424,0.11246465772423864,0.2945454296291999,0.2216818724314709
Bulk 229,0.4725192904096869,0.09953153269182136,0.0,0.29073374494722337,0.1372154319512684
Bulk 230,0.07917108782145633,0.16186674903249534,0.10774108045469297,0.44562034676823553,0.20560073592311978
Bulk 231,0.4198259498631409,0.06813515964746449,0.151414432261371,0.21729364178603114,0.14333081644199241
Bulk 232,0.0,0.1924241244963069,0.07413400533588095,0.4128354140558762,0.32060645611193594
Bulk 233,0.21137332911330828,0.1482856364511833,0.021551740469048775,0.33408586111667293,0.2847034328497868
Bulk 234,0.4146984282128519,0.0712700679719196,0.0,0.19337811100082597,0.32065339281440247
Bulk 235,0.3338420303947387,0.1721740384860311,0.13424485123731064,0.23204506600324382,0.1276940138786755
Bulk 236,0.07776545984032554,0.1215977127804225,0.12573098663388863,0.46648943126893433,0.20841640947642906
Bulk 237,0.40034610548497157,0.17285488213978661,0.0,0.05373735916141709,0.3730616532138247
Bulk 238,0.45632038633826927,0.11319239234222075,0.10634116722498778,0.20560111523548608,0.1185449388590361
Bulk 239,0.0,0.21886072510044058,0.11739585701176303,0.4279476668168776,0.2357957510709187
Bulk 240,0.5388343322178447,0.11853885723460011,0.0,0.14308675144799174,0.19954005909956324
Bulk 241,0.15476857717779682,0.1574213556401214,0.005618413464423819,0.4582121634765556,0.2239794902411025
Bulk 242,0.5401318429200369,0.06973750209585243,0.25965998521841405,0.0,0.13047066976569674
Bulk 243,0.04666813552068512,0.21556799207910643,0.2881865097979529,0.3090544185613878,0.14052294404086785
Bulk 244,0.5355932188556881,0.19844425794684323,0.0,0.0,0.2659625231974686
Bulk 245,0.574197696441163,0.05216490852910254,0.12737087339308745,0.10699457437107644,0.1392719472655706
Bulk 246,0.1675770948546237,0.21231004602714568,0.07522659834722752,0.21892243919165558,0.3259638215793475
Bulk 247,0.30010891758376856,0.1841631518133237,0.11660800834535165,0.2109700349071558,0.1881498873504003
Bulk 248,0.9580615171003768,0.041938482899623215,0.0,0.0,0.0
Bulk 249,0.600110811666499,0.08923242336954844,0.17471742193800363,0.0,0.13593934302594887
Bulk 250,0.7803533368737365,0.04688655417328153,0.0,0.0,0.17276010895298197
Bulk 251,0.3188389287394596,0.22982589710085877,0.0,0.11783197828785846,0.33350319587182314
Bulk 252,0.18426671537373643,0.2679065086677047,0.02971318514115002,0.0947163428392382,0.42339724797817074
Bulk 253,0.2440510021485746,0.1501625563457521,0.288078376593447,0.01146213279845333,0.306245932113773
Bulk 254,0.46114619661951955,0.11382448272241136,0.02295162200377896,0.13876456657596783,0.26331313207832235
Bulk 255,0.2773076832995009,0.211315962429777,0.0,0.16248803944350934,0.3488883148272128
Bulk 256,0.23826891188765845,0.15984803768185998,0.0533412667230831,0.3620051060006553,0.18653667770674326
Bulk 257,0.0692964562945173,0.36675388511707613,0.01790792822761891,0.1664597632086855,0.3795819671521023
Bulk 258,0.29607423327949267,0.18863322124051352,0.034506738965100675,0.15232068774143112,0.32846511877346213
Bulk 259,0.6056993001487652,0.06506234008264486,0.08634656080570803,0.0,0.24289179896288196
Bulk 260,0.0,0.21859459924603,0.05124871034578712,0.44745598887467836,0.2827007015335045
Bulk 261,0.09253796349089335,0.26065806611642317,0.10508089297889012,0.25980705346779914,0.2819160239459941
Bulk 262,0.15395117628815252,0.23732396057988842,0.026380209634867036,0.2552288471373786,0.3271158063597133
Bulk 263,0.35162982453540675,0.1256291518319454,0.0,0.2084456739104075,0.3142953497222404
Bulk 264,0.42668847295311657,0.1787499221935657,0.0006533708110584524,0.18251538504936407,0.21139284899289507
Bulk 265,0.2566743928606452,0.2003413083534108,0.04451289197977068,0.4002361611901501,0.09823524561602319
Bulk 266,0.37909222053481834,0.1463113302025822,0.0,0.19002979280900117,0.28456665645359824
Bulk 267,0.06456131847009716,0.2567268479422421,0.14404252763645464,0.20610914768387362,0.32856015826733265
Bulk 268,0.37238402390191805,0.11324951216025148,0.041153297362549135,0.34292599440328275,0.13028717217199853
Bulk 269,0.6636455303284052,0.1322107085676419,0.03461574142909124,0.06822547542099092,0.10130254425387065
Bulk 270,0.5263723076180722,0.08190639540072704,0.0,0.14948870327410133,0.24223259370709935
Bulk 271,0.38406393765199437,0.0,0.12963858939165418,0.4434538692990216,0.042843603657329844
Bulk 272,0.34960527064026636,0.1940868002130228,0.013001407639791424,0.20303651347851295,0.24027000802840648
Bulk 273,0.3189367395092166,0.2438107111750603,0.0,0.1569030473280447,0.28034950198767833
Bulk 274,0.8321394399954275,0.03671405607940228,0.0,0.025718455804622762,0.10542804812054743
Bulk 275,0.2244810540339569,0.10922936742927213,0.10396082593546703,0.35039892751270213,0.21192982508860161
Bulk 276,0.339120487201688,0.08616191295983644,0.15905878016607528,0.2702282402284245,0.1454305794439758
Bulk 277,0.38945159199174434,0.20477980857626515,0.13829738514415277,0.24776944505397155,0.019701769233866254
Bulk 278,0.35072665311212126,0.16949368115449664,0.0,0.2588623649082281,0.22091730082515398
Bulk 279,0.17703867005724871,0.1439441955088117,0.0,0.400659347837885,0.2783577865960546
Bulk 280,0.5476483699708518,0.043931666845136316,0.1760129238585252,0.06053569249974014,0.17187134682574656
Bulk 281,0.7888749887761507,0.003028926167740846,0.0,0.0,0.20809608505610855
Bulk 282,0.5609370933101643,0.1216642397727882,0.0,0.15735839059102522,0.16004027632602233
Bulk 283,0.5636381638992064,0.11586587201010069,0.03727323184224263,0.17197859621134634,0.11124413603710404
Bulk 284,0.3786407167116188,0.08430430658895131,0.31054160280656307,0.14229208577157776,0.08422128812128911
Bulk 285,0.5985004928162688,0.0926021713586669,0.0,0.11841700410344393,0.19048033172162035
Bulk 286,0.4290540561552562,0.19271059711787328,0.23362448233463667,0.0,0.14461086439223383
Bulk 287,0.08237961539346209,0.21317431394584202,0.09877593928387689,0.3258665617365905,0.27980356964022857
Bulk 288,0.49829821764508747,0.13487261917607032,0.0,0.13061859740643658,0.23621056577240554
Bulk 289,0.505429157177319,0.10512322940336997,0.17049251086405579,0.11203317401826203,0.1069219285369934
Bulk 290,0.28197547984484583,0.14086205913008104,0.0,0.30128019593957966,0.2758822650854935
Bulk 291,0.5987177106647689,0.11013161964312437,0.08488491074652237,0.0,0.2062657589455844
Bulk 292,0.4217216035152684,0.2213585831101468,0.0,0.058633804556987815,0.298286008817597
Bulk 293,0.2915117800523843,0.16800814045408036,0.0,0.23742738474322614,0.3030526947503091
Bulk 294,0.6892970917545324,0.03779325237880379,0.0,0.0,0.2729096558666639
Bulk 295,0.3843309572758562,0.18937552846576797,0.19254203086716565,0.0,0.23375148339121024
Bulk 296,0.5378235979928758,0.08741742575155657,0.06260698575270672,0.24148905530290093,0.07066293519996002
Bulk 297,0.6357675494494823,0.09525940852096935,0.0,0.12949523578595207,0.13947780624359626
Bulk 298,0.3685660393395059,0.17477879506161137,0.0,0.2894416345672017,0.16721353103168102
Bulk 299,0.33800114243102664,0.23215982964442636,0.0,0.21271416837077312,0.217124859553774
Bulk 300,0.4938895651526014,0.0,0.15331257246100974,0.3358011078949572,0.01699675449143167
Bulk 301,0.16102253429412788,0.27291413075560883,0.07991289103399996,0.22287585155042763,0.2632745923658357
Bulk 302,0.043183826694820994,0.3115953842166616,0.0,0.3290201829283865,0.3162006061601309
Bulk 303,0.27624500380021955,0.14733201234317456,0.04049715309945152,0.2758611247610534,0.2600647059961011
Bulk 304,0.05673221648098989,0.24827353057866333,0.10718066337065965,0.27300322053876314,0.31481036903092396
Bulk 305,0.7018431733058235,0.07363291676913435,0.0,0.0,0.2245239099250421
Bulk 306,0.34574221787045856,0.2726676106680728,0.07804761550398191,0.01690519538434298,0.2866373605731437
Bulk 307,0.345745447979634,0.21595734023645577,0.13748023220618927,0.055589901148332406,0.24522707842938857
Bulk 308,0.4086794917367115,0.1401681189361324,0.007912623929218406,0.20390922025633806,0.23933054514159974
Bulk 309,0.44326690996642987,0.12155256167435226,0.049532832880294,0.0,0.3856476954789239
Bulk 310,0.6212205274550993,0.15544013874085671,0.07811668173572578,0.0,0.14522265206831825
Bulk 311,0.14237957917502173,0.23405270267544226,0.12684240349802575,0.23879385296391822,0.2579314616875921
Bulk 312,0.1975675668056148,0.17786782115349833,0.17552299280394884,0.21539738102668612,0.23364423821025182
Bulk 313,0.11425052181661423,0.1407399953946977,0.13413309435897955,0.33410338424132185,0.2767730041883867
Bulk 314,0.4915449594723227,0.07457364290755165,0.0,0.30450398181703286,0.12937741580309295
Bulk 315,0.555252110055916,0.10720543138757198,0.10119190664885878,0.1008479741778163,0.135502577729837
Bulk 316,0.18108856013604185,0.1992769750406798,0.0729178063975751,0.3139403507088278,0.23277630771687546
Bulk 317,0.23747269528825418,0.12738641883736768,0.1481339417240346,0.2721383633255638,0.21486858082477975
Bulk 318,0.29613535833990595,0.22705705160785877,0.0,0.1027432543117766,0.3740643357404588
Bulk 319,0.20596159134258604,0.07607143873793876,0.14351704512146532,0.4892770410772853,0.08517288372072467
Bulk 320,0.4507144593128271,0.17702948752303638,0.0,0.10672065141446363,0.265535401749673
Bulk 321,0.33624636883386655,0.2651874591551551,0.0,0.0,0.3985661720109782
Bulk 322,0.4704024886969718,0.008261672479286232,0.13639562771704541,0.325295092533509,0.05964511857318736
Bulk 323,0.3695021863003397,0.21712002615059434,0.2849296381932452,0.048035548595940364,0.08041260075988038
Bulk 324,0.6241071195782225,0.16771615282787203,0.0,0.0,0.20817672759390557
Bulk 325,0.36193687387528084,0.11187939929156283,0.25820590233904245,0.07031547153672764,0.19766235295738607
Bulk 326,0.1301304124415858,0.2952519364913735,0.19152991356225774,0.1608102151064368,0.2222775223983461
Bulk 327,0.26866565684249977,0.23051725447507973,0.08219486597719214,0.09147095790215629,0.3271512648030721
Bulk 328,0.2610176305580187,0.2621477552424935,0.03792070347370837,0.07153546831053977,0.36737844241523965
Bulk 329,0.3298346366744064,0.14276576732189347,0.26852870201951284,0.1215062344122758,0.1373646595719114
Bulk 330,0.3435490791413886,0.2835064122823045,0.0,0.05635458743601759,0.3165899211402894
Bulk 331,0.31134360077851286,0.21623262236540594,0.0,0.20508208293545604,0.26734169392062507
Bulk 332,0.3168101329767996,0.26469863534941884,0.0,0.024461178045257517,0.394030053628524
Bulk 333,0.5433367448358952,0.1676369721792411,0.0,0.00791989651713846,0.2811063864677252
Bulk 334,0.0,0.2665963131600748,0.041282130242741584,0.34693956110254415,0.34518199549463946
Bulk 335,0.22755875187173646,0.21261032241841724,0.22526270162387124,0.1949318776345141,0.1396363464514609
Bulk 336,0.4464324925659679,0.18133769018160759,0.0,0.017712093978674584,0.35451772327375003
Bulk 337,0.022049103304895373,0.19025378381701816,0.04488069246670692,0.38465660266803486,0.3581598177433447
Bulk 338,0.02126374837635935,0.14824354768831322,0.13874352018724043,0.5001052261884833,0.1916439575596038
Bulk 339,0.5374178340319209,0.09689041128204913,0.20805386499649461,0.01856005849337924,0.139077831196156
Bulk 340,0.2057880287999279,0.08109458506372386,0.18259537513853047,0.4617047550021194,0.06881725599569835
Bulk 341,0.25091186059884024,0.0782242538390386,0.4945290037006653,0.109851554391008,0.06648332747044783
Bulk 342,0.0,0.2308154944527927,0.08215115961741118,0.3983938858859884,0.2886394600438077
Bulk 343,0.2316998156029518,0.18594755778575553,0.044761405975023455,0.2587054458459403,0.27888577479032883
Bulk 344,0.6626101559656257,0.1273518940796638,0.0,0.057906544272478745,0.15213140568223182
Bulk 345,0.47834097927164304,0.14649465357786934,0.05492131145704727,0.17439272864409408,0.1458503270493462
Bulk 346,0.28219714370007326,0.19519158963404634,0.0,0.21548440722387044,0.30712685944200996
Bulk 347,0.3789357257905862,0.12906962447763462,0.1964433210088764,0.18503497642667668,0.11051635229622611
Bulk 348,0.49850869495526523,0.09799692533772125,0.18378684464442527,0.0,0.21970753506258822
Bulk 349,0.3259743753225881,0.17631830885918484,0.01506621644726917,0.30360789187015785,0.1790332075008001
Bulk 350,0.23004994789235184,0.25623623843898985,0.11469801906089332,0.14369171295526886,0.25532408165249626
Bulk 351,0.8647119834486483,0.0,0.0,0.0,0.1352880165513517
Bulk 352,0.10768439160186066,0.25263754524034154,0.06761621433264338,0.37651154149260996,0.19555030733254444
Bulk 353,0.45429984008376384,0.19967654004602645,0.0,0.06310590832396726,0.28291771154624246
Bulk 354,0.7128545717077526,0.10027142873007598,0.0,0.0,0.18687399956217154
Bulk 355,0.45023560614595814,0.060717913840770535,0.046219438267443645,0.4121799685043452,0.03064707324148247
Bulk 356,0.4702578685132449,0.10974740524480124,0.05191504310178478,0.25810219058927364,0.10997749255089541
Bulk 357,0.49660107132853437,0.1881720484201012,0.0,0.0782793820575832,0.23694749819378136
Bulk 358,0.43198974808625956,0.1623395136640222,0.0,0.11535427334818683,0.2903164649015314
Bulk 359,0.006849931442807943,0.26326527132162364,0.09405918947812415,0.3226125852491025,0.31321302250834177
Bulk 360,0.4316717598212204,0.16404061667358663,0.0,0.1344539085428601,0.2698337149623328
Bulk 361,0.638661249728225,0.10454255012587853,0.060715107571563814,0.018873495340144868,0.1772075972341876
Bulk 362,0.04283824161370129,0.19670286780787336,0.1602597498440017,0.3713073653040235,0.2288917754304001
Bulk 363,0.16203859260869055,0.23879973765978307,0.2017288229781927,0.1576950032711944,0.23973784348213925
Bulk 364,0.18672034137447124,0.22202262075482168,0.0,0.25400608567406774,0.3372509521966393
Bulk 365,0.4132148007483607,0.08798217244232602,0.02240145333075542,0.264137991410977,0.2122635820675807
Bulk 366,0.22389600982934504,0.23380421995566555,0.07361593695858654,0.1362244933943195,0.3324593398620835
Bulk 367,0.6208147171346828,0.05469477455852434,0.0,0.12232746681631322,0.2021630414904796
Bulk 368,0.160861958928929,0.2911534458801296,0.0,0.0,0.5479845951909413
Bulk 369,0.2833742175603867,0.2990360676611157,0.0,0.13364786081220179,0.28394185396629584
Bulk 370,0.5574292552393842,0.08093731542788106,0.07303253134630604,0.05487449437471299,0.23372640361171568
Bulk 371,0.0912695193717611,0.3493552243586101,0.07544292995645255,0.16966181742022352,0.3142705088929526
Bulk 372,0.476311862769488,0.1921995054773503,0.0,0.010898044674745248,0.3205905870784164
Bulk 373,0.12003563593914263,0.22840669418933016,0.05343182749562994,0.36564006673225374,0.2324857756436435
Bulk 374,0.6768648100453241,0.11167238310270595,0.0,0.0,0.21146280685197005
Bulk 375,0.32605459522866836,0.09048191069840468,0.03829307698367848,0.4483457063245624,0.09682471076468614
Bulk 376,0.6449628805153635,0.04051809961689647,0.08844656621694176,0.11078251449907037,0.11528993915172789
Bulk 377,0.16390474088818727,0.21692828881001028,0.0933643200849185,0.3112413401007045,0.2145613101161795
Bulk 378,0.08997757604679053,0.28784196339251344,0.0,0.3041100943114504,0.31807036624924556
Bulk 379,0.36933972596601533,0.2163733203153209,0.0,0.1452663156051441,0.2690206381135197
Bulk 380,0.5625668392982677,0.09268264986696907,0.04494834798734357,0.16107749726275145,0.13872466558466823
Bulk 381,0.3190622700702703,0.2455027452172674,0.03260735733417864,0.09474505947315778,0.3080825679051257
Bulk 382,0.2951911968824336,0.2357658807386036,0.023866741986948332,0.1681800810811375,0.27699609931087693
Bulk 383,0.27604939516472415,0.16496131257316662,0.09871569010552281,0.2582387011682993,0.2020349009882871
Bulk 384,0.11115977068740464,0.26183010439495624,0.08844593199984092,0.18310987860071165,0.35545431431708663
Bulk 385,0.056988096253338935,0.23466184193577364,0.05025834436443811,0.3014896479794745,0.3566020694669749
Bulk 386,0.1297954637701473,0.17432032369389125,0.17351794499946802,0.27188273760980475,0.25048352992668865
Bulk 387,0.25033734490854787,0.22999603742225896,0.0,0.22098200692369743,0.2986846107454957
Bulk 388,0.39860856715054277,0.2832517245881587,0.0,0.0,0.3181397082612986
Bulk 389,0.5222833975369578,0.20398836618761118,0.0,0.0,0.273728236275431
Bulk 390,0.3075115820754973,0.22749614013918706,0.06200348147690591,0.18051538475432075,0.22247341155408912
Bulk 391,0.1380242163531584,0.22097855216193868,0.12035861314081683,0.3335684892043143,0.18707012913977164
Bulk 392,0.16258016066477807,0.24418042713291432,0.02762736238181699,0.3572720463542395,0.208340003466251
Bulk 393,0.03672086562007125,0.22823991760442933,0.06739965469463666,0.27461345243331053,0.39302610964755225
Bulk 394,0.362112083747113,0.17451016531686886,0.09299009202460794,0.19529491212731617,0.17509274678409403
Bulk 395,0.5238205767419389,0.17187026179175235,0.0,0.03959698022886431,0.2647121812374443
Bulk 396,0.3657764338780117,0.23723483850704385,0.08005543449652804,0.0010373008689431918,0.31589599224947323
Bulk 397,0.41876096931198187,0.2133625529577144,0.10977727723167172,0.11268120917339967,0.14541799132523237
Bulk 398,0.4286652584032841,0.13922757859929547,0.1047550899906332,0.23676101487074075,0.09059105813604658
Bulk 399,0.423590833634327,0.14268582785813497,0.1474054726258668,0.06810668266224869,0.21821118321942248
Bulk 400,0.4408938810117221,0.08368631416624084,0.2582149404499857,0.1698451640290082,0.04735970034304332
Bulk 401,0.4086973115522796,0.2375983505620632,0.0018925634397038008,0.04137789055319081,0.3104338838927627
Bulk 402,0.22709483652417325,0.2080009650589788,0.042074362561176616,0.16853472245035772,0.35429511340531367
Bulk 403,0.3210764601248655,0.22623692425836972,0.0526915250006356,0.16017482501052002,0.23982026560560918
