,Ast,End,Mic,Neu,Oli
Bulk 0,0.19145312065209621,0.2094462990285151,0.17144598490945798,0.2945565216794761,0.13309807373045454
Bulk 1,0.5318416270212926,0.06461459052925123,0.0,0.12349172146691552,0.28005206098254076
Bulk 2,0.21456392066507524,0.14574387313201487,0.08567510551062492,0.39490526824429273,0.15911183244799215
Bulk 3,0.16836484214026437,0.1663688482043416,0.0934803154260414,0.39892641082071606,0.17285958340863655
Bulk 4,0.4700918092395167,0.1575170081305585,0.05215215590858776,0.12118317501976028,0.19905585170157658
Bulk 5,0.0,0.1777499425447534,0.08575052457875242,0.5348853721467446,0.20161416072974947
Bulk 6,0.25508332956948,0.16311960432949665,0.22074007851235658,0.1744224188406027,0.18663456874806408
Bulk 7,0.3349552211285735,0.1659594147660325,0.0,0.20622825528945798,0.29285710881593596
Bulk 8,0.07254539500310452,0.13195598323651744,0.17150013717507748,0.4417310712689947,0.18226741331630592
Bulk 9,0.4913648738362094,0.1567229528779907,0.0,0.017946447922951175,0.3339657253628486
Bulk 10,0.08006658267254022,0.21393588840442146,0.09531700467947209,0.39565323039777694,0.21502729384578922
Bulk 11,0.15783609082391895,0.1412981407693873,0.22763783590246991,0.2956594984537649,0.177568434050459
Bulk 12,0.654414980815076,0.0,0.025382139978203284,0.10965347406797783,0.21054940513874298
Bulk 13,0.0,0.1759707220238703,0.11045172998753382,0.43192607355395257,0.2816514744346433
Bulk 14,0.7808429512177054,0.03436805436278726,0.0,0.0,0.18478899441950736
Bulk 15,0.350458937769121,0.15113980871235075,0.0,0.29315620851565927,0.20524504500286905
Bulk 16,0.38950991951836017,0.1681881093981993,0.029895759266220432,0.18596078972671634,0.22644542209050367
Bulk 17,0.4019106432608966,0.08624154349704177,0.11711352113608532,0.17116768871361598,0.2235666033923603
Bulk 18,0.7436419898150108,0.0,0.0,0.04377033200486965,0.21258767818011956
Bulk 19,0.24817826700788037,0.0,0.1500986105339442,0.46172745539087284,0.13999566706730257
Bulk 20,0.0,0.2226955824146265,0.08808789617561975,0.4288705878829815,0.2603459335267723
Bulk 21,0.09415868071812858,0.1920452854838727,0.0,0.41256853715234526,0.3012274966456535
Bulk 22,0.08012955035704546,0.15654523379022298,0.07972434632213282,0.505626213779712,0.1779746557508867
Bulk 23,0.0,0.2577006556038653,0.12184253118476242,0.21974120708062708,0.40071560613074525
Bulk 24,0.3851006427214106,0.11123416342557378,0.0,0.3406125023896482,0.16305269146336746
Bulk 25,0.25482575377038746,0.0,0.18368474156065887,0.38630921476923674,0.1751802898997171
Bulk 26,0.46408394491695454,0.08400362476997433,0.0,0.2360893454073709,0.21582308490570024
Bulk 27,0.25446708432990345,0.21748651021661547,0.0,0.2009022349915613,0.32714417046191974
Bulk 28,0.08939021053243636,0.25362348930467365,0.08712075494737671,0.28000510646028465,0.2898604387552287
Bulk 29,0.4899075792568661,0.13777255428122812,0.0,0.22573119893664986,0.14658866752525604
Bulk 30,0.33692770118821436,0.09145507834526612,0.0,0.4293276677496715,0.14228955271684787
Bulk 31,0.38956943089302193,0.11471773221015065,0.1821907150750301,0.21928265436427277,0.0942394674575246
Bulk 32,0.060045835147276905,0.1654538035351592,0.13160492252385741,0.3761972257965575,0.2666982129971489
Bulk 33,0.4663555991804517,0.0,0.08705951811581025,0.44658488270373814,0.0
Bulk 34,0.054421112474051396,0.2972145220606048,0.0,0.3353823389455944,0.3129820265197494
Bulk 35,0.3071520028656416,0.13959154210036992,0.1381019054088994,0.21356098324228237,0.2015935663828068
Bulk 36,0.5846010330385233,0.01792210637942158,0.025464055205334495,0.16264004431598142,0.20937276106073932
Bulk 37,0.36863954855741315,0.1546678342891957,0.0,0.32809419054685307,0.14859842660653808
Bulk 38,0.4225989638805829,0.08756748809384075,0.0,0.3098523809033657,0.17998116712221074
Bulk 39,0.0,0.21623009337221816,0.09294242332898738,0.35455822349418853,0.336269259804606
Bulk 40,0.49205533532240725,0.08892784030523271,0.0,0.31307292619977534,0.10594389817258468
Bulk 41,0.4528161085886147,0.10359107531494266,0.040575403897444635,0.1858537494588799,0.21716366274011817
Bulk 42,0.18287282462896462,0.14220153793114673,0.10168482875205535,0.3568203856028396,0.21642042308499387
Bulk 43,0.08119432787541846,0.19955840421292972,0.038833116952044944,0.43410776374533,0.24630638721427686
Bulk 44,0.11438972949097458,0.21103469448279216,0.12217648563133687,0.316014763147298,0.2363843272475984
Bulk 45,0.3121490772099436,0.15386842917705437,0.17281798267285003,0.2485394083560397,0.11262510258411232
Bulk 46,0.18840794269609845,0.18029418515262347,0.1114534994745859,0.36754087903651955,0.1523034936401728
Bulk 47,0.6647578503209916,0.0,0.0,0.24239019958161281,0.09285195009739564
Bulk 48,0.7003233386595911,0.06105482333875442,0.0,0.0,0.23862183800165454
Bulk 49,0.39959683127754864,0.05242396146918917,0.10403857252197705,0.36694919914800445,0.07699143558328082
Bulk 50,0.28100688353450887,0.10267037201835978,0.11534021751467367,0.3501749491236496,0.15080757780880807
Bulk 51,0.3626884303124739,0.1430655837229176,0.016796357194283306,0.3012762086122579,0.17617342015806747
Bulk 52,0.0690695536476566,0.26544541821996576,0.09878820499302465,0.2587470027620203,0.30794982037733265
Bulk 53,0.10583003923818626,0.24695663749208382,0.07930681601462611,0.30974817494280377,0.2581583323123001
Bulk 54,0.3226152499633645,0.030837989618700833,0.16905464512095397,0.2652243388819629,0.21226777641501796
Bulk 55,0.1617208302872102,0.24904421627943898,0.0,0.34687277523023763,0.24236217820311307
Bulk 56,0.5787892344277208,0.09310424641657065,0.0,0.20051495388644844,0.12759156526926013
Bulk 57,0.8100849591566125,0.0,0.0,0.0,0.1899150408433876
Bulk 58,0.6344859352462167,0.05193671845336584,0.0,0.1824120714721874,0.13116527482823026
Bulk 59,0.24558945627374126,0.09091498721248256,0.1004961472817899,0.2950378188451994,0.2679615903867868
Bulk 60,0.22995633192065992,0.10357415765477876,0.14554688828043882,0.4208310214081265,0.10009160073599606
Bulk 61,0.44062181139921575,0.04754832544437604,0.08534774756936161,0.35158522789846924,0.07489688768857741
Bulk 62,0.46003313385922834,0.01931311353223059,0.22177719258842787,0.2824766810712606,0.016399878948852503
Bulk 63,0.5587535066508723,0.02367664981012834,0.19793307547029584,0.1376094898650121,0.0820272782036914
Bulk 64,0.12420717150387399,0.15367129883247466,0.10167917476890705,0.35427866035316086,0.26616369454158345
Bulk 65,0.17099948989267238,0.13741128860184348,0.24649812168922047,0.2401709482039814,0.20492015161228214
Bulk 66,0.3205156442442268,0.07639996408037696,0.21256704924997435,0.3730360232996977,0.0174813191257243
Bulk 67,0.27449739044544424,0.20269946810696524,0.0,0.20502777513335313,0.3177753663142374
Bulk 68,0.33311308562954556,0.1243708319473077,0.0,0.33800101922730497,0.20451506319584178
Bulk 69,0.06781409000601797,0.24004355022009424,0.0321669746224069,0.3504250376221936,0.30955034752928723
Bulk 70,0.26090774358391106,0.0975424443956526,0.06993360694964283,0.44684646604637185,0.12476973902442168
Bulk 71,0.1663044764707881,0.18700564304418787,0.10457588941883407,0.3136133491700644,0.2285006418961257
Bulk 72,0.07023036687456671,0.09464137108076424,0.14528472875289855,0.4414085943486663,0.2484349389431042
Bulk 73,0.27097928764205265,0.15652167704429182,0.0,0.3412194979637352,0.23127953734992032
Bulk 74,0.12864004613337524,0.1769887366210814,0.15117778304915025,0.29762002914527474,0.24557340505111833
Bulk 75,0.4859722777060434,0.09449498756436199,0.02814899451072023,0.36640397569540084,0.02497976452347356
Bulk 76,0.18056136502969405,0.06204537411461837,0.0,0.5046411321599606,0.25275212869572683
Bulk 77,0.5441859513787747,0.07760265578031579,0.0,0.180197776581079,0.1980136162598305
Bulk 78,0.4025920546277589,0.18065880517847047,0.0,0.23842502319150605,0.17832411700226458
Bulk 79,0.25070880331345985,0.22582579506125344,0.05945658126525944,0.2695263528416994,0.19448246751832787
Bulk 80,0.3537102862975426,0.17825259741816413,0.0,0.16938219781330627,0.298654918470987
Bulk 81,0.6788908949892825,0.04328771822219912,0.0,0.09167682729153451,0.18614455949698397
Bulk 82,0.525458019654687,0.10362045380261005,0.1889577946331734,0.135411239342465,0.046552492567064646
Bulk 83,0.13344961235252437,0.22225090551464957,0.0411739627802896,0.32103636155899384,0.28208915779354266
Bulk 84,0.1880184922425077,0.1415777237008837,0.003472373507795918,0.42467804695751465,0.24225336359129804
Bulk 85,0.05174060303711921,0.22316026848930065,0.12010613425220168,0.31517868559859724,0.28981430862278124
Bulk 86,0.24438365238314202,0.10209874982442281,0.0986204672368228,0.3951257206935924,0.1597714098620199
Bulk 87,0.6437324210349573,0.0,0.0,0.2199142549626702,0.1363533240023724
Bulk 88,0.16539566905666062,0.21533736433921738,0.05318547484413886,0.2771576713307238,0.2889238204292594
Bulk 89,0.37248143306759884,0.1707483220586563,0.0,0.27305116505294774,0.18371907982079713
Bulk 90,0.1149785922144526,0.10612356536844075,0.17169802591599556,0.40400578446473395,0.2031940320363772
Bulk 91,0.3152638185995987,0.13837753560964897,0.0,0.364665354242727,0.1816932915480253
Bulk 92,0.29309795415440665,0.1328426015805158,0.09544789702834444,0.2504693784781588,0.22814216875857432
Bulk 93,0.01388014374291099,0.28695211112599034,0.11847374788125509,0.27800872796511655,0.302685269284727
Bulk 94,0.07693415984362868,0.24846881294066853,0.04780679906901735,0.3480856669842061,0.27870456116247916
Bulk 95,0.11528239614535808,0.22521333775745053,0.07748729748787832,0.3244945781151027,0.25752239049421044
Bulk 96,0.7167977524907401,0.09281738408266396,0.0,0.04243571879047314,0.14794914463612294
Bulk 97,0.25314258537076156,0.1903179072121962,0.08426562283420949,0.21537374354053446,0.2569001410422983
Bulk 98,0.2652535661244614,0.1446204100649156,0.2540253211012788,0.14457535815965417,0.1915253445496899
Bulk 99,0.3531241677345277,0.16152731507479795,0.0,0.24545688344381594,0.23989163374685818
Bulk 100,0.22265001688236064,0.15025947731346678,0.0,0.527605451553865,0.0994850542503077
Bulk 101,0.4298110718058378,0.02721062111253197,0.2709530431048436,0.27202526397678667,0.0
Bulk 102,0.08885824561045833,0.1336254153196709,0.14029019560700454,0.4821838803486401,0.15504226311422614
Bulk 103,0.0890724151909117,0.09140174598370822,0.16509515004388914,0.43651837119185055,0.21791231758964053
Bulk 104,0.6161871688672138,0.0,0.0,0.27828939656038004,0.10552343457240607
Bulk 105,0.7293306429384208,0.08916042438232943,0.0,0.17565700679506194,0.005851925884187817
Bulk 106,0.34036041920387816,0.1792706938253752,0.0,0.2059517368816657,0.274417150089081
Bulk 107,0.4455956736092789,0.03756781500117228,0.07312210487423018,0.18580787197948392,0.25790653453583473
Bulk 108,0.1585962381584651,0.21968786597432277,0.08143076351792516,0.23542390778856462,0.30486122456072245
Bulk 109,0.3809716445108063,0.22448229076427892,0.08052565493633732,0.10061182666016637,0.21340858312841104
Bulk 110,1.0,0.0,0.0,0.0,0.0
Bulk 111,0.7253568390496031,0.10546578297916824,0.0,0.0,0.16917737797122862
Bulk 112,0.6047656740831443,0.014510736385379683,0.0,0.14658864429793414,0.23413494523354186
Bulk 113,0.4469458507441885,0.14006634433846546,0.0,0.2567386734103263,0.15624913150701958
Bulk 114,0.23645557810246887,0.1414178812586611,0.059792698432280876,0.3950121558691543,0.16732168633743494
Bulk 115,0.24599694580598447,0.1856983036623431,0.2528892186659755,0.18768698208962345,0.12772854977607348
Bulk 116,0.18827219792361477,0.1831119486145315,0.1504182880809418,0.3084782059095918,0.16971935947132008
Bulk 117,0.040116990519001215,0.23170226927785437,0.13568954471198225,0.2752994897480571,0.31719170574310507
Bulk 118,0.1469577609914567,0.10301192926769823,0.35880835169160386,0.2955657984990737,0.09565615955016735
Bulk 119,0.39027146783312244,0.14295657392999492,0.0,0.21383725004394794,0.2529347081929348
Bulk 120,0.4010479682859926,0.1792622440149033,0.004470644763384094,0.173947207442599,0.24127193549312084
Bulk 121,0.18548110795635492,0.20331830121196937,0.07799235311378136,0.34949776912244795,0.18371046859544649
Bulk 122,0.7244930889608664,0.07656883042230167,0.0,0.0,0.19893808061683202
Bulk 123,0.2140362288579102,0.1916025816749121,0.170434211566063,0.33232904617162956,0.09159793172948506
Bulk 124,0.3765982943136831,0.1964379159602172,0.06527487021511295,0.07012859401851783,0.291560325492469
Bulk 125,0.337298983500536,0.19351308804269288,0.14003202145751836,0.14081586139937452,0.18834004559987835
Bulk 126,0.0018025718828525374,0.18723032191375727,0.15053944887221155,0.39122342010499034,0.26920423722618836
Bulk 127,0.3331204845271457,0.17873680572729123,0.0,0.24804432804174348,0.24009838170381964
Bulk 128,0.14194166429962413,0.18096777659341506,0.13648747052514748,0.23805122248560187,0.30255186609621154
Bulk 129,0.6698285571929706,0.04506329985788613,0.0,0.023249418730101543,0.2618587242190418
Bulk 130,0.35642352048151993,0.10051101300765215,0.025624297419694464,0.30600720115726937,0.21143396793386407
Bulk 131,0.6177147022432176,0.0,0.0,0.22043895784497472,0.1618463399118078
Bulk 132,0.7298644399870755,0.06986473821523041,0.0,0.16022747514477317,0.040043346652920926
Bulk 133,0.8349193604768745,0.0,0.0,0.0,0.16508063952312546
Bulk 134,0.6498791189036379,0.03178124938349429,0.0,0.18193426618828418,0.13640536552458363
Bulk 135,0.09057894829819278,0.18004664079626517,0.1785540475396351,0.28955228663549826,0.2612680767304086
Bulk 136,0.16547045256924112,0.21855893876580917,0.14609522403197311,0.30015451095179196,0.1697208736811845
Bulk 137,0.5732503456089785,0.03177936982476112,0.031334214342061906,0.20226984615129043,0.16136622407290807
Bulk 138,0.12135776025935326,0.18455463706115002,0.0683421964759848,0.3174744222218727,0.3082709839816392
Bulk 139,0.2697293458878498,0.12382884786050626,0.247537932103744,0.2351796952147549,0.12372417893314502
Bulk 140,0.1999397793916,0.25440868545845025,0.07531143324632333,0.20427013116921602,0.26606997073441035
Bulk 141,0.18328974132100284,0.06434738015131229,0.1913506615061429,0.4012819680324209,0.159730248989121
Bulk 142,0.41383366781970077,0.04654778634689324,0.32043960289891144,0.04584661051846726,0.17333233241602736
Bulk 143,0.823081234831185,0.0,0.0,0.05240444825520742,0.12451431691360759
Bulk 144,0.30924454342052055,0.16625467758758414,0.11797643316616038,0.11062479851040831,0.29589954731532664
Bulk 145,0.6731334296580784,0.04160361624765065,0.0,0.18353920555186945,0.10172374854240128
Bulk 146,0.1827254611736462,0.1728935959221881,0.033229009888979914,0.3670088059058725,0.24414312710931327
Bulk 147,0.0719823240919829,0.2276177058955362,0.17635300924407152,0.2970963869736847,0.22695057379472483
Bulk 148,0.35424155935462204,0.15061235739880593,0.08295964681641334,0.15732342415918868,0.25486301227097
Bulk 149,0.17867371929882736,0.2351495537689495,0.0,0.3084201288509983,0.2777565980812247
Bulk 150,0.0983349721119015,0.1866520164670776,0.07037649591825273,0.3430581749661471,0.3015783405366212
Bulk 151,0.7969179347411729,0.0,0.0,0.10528625108715102,0.09779581417167607
Bulk 152,0.17128681116254402,0.2536669162590698,0.18752976563322965,0.18561489772586576,0.20190160921929068
Bulk 153,0.7808049863523499,0.0,0.0,0.0,0.21919501364765018
Bulk 154,0.13347662996468004,0.21007606069442053,0.19047020808228607,0.31226682183537635,0.15371027942323703
Bulk 155,0.20628589369812203,0.09348921601955179,0.17314970583233508,0.3456719925816158,0.1814031918683754
Bulk 156,0.33807446255690454,0.1714511350231112,0.166469051560168,0.1285595345301969,0.19544581632961935
Bulk 157,0.43912622670015433,0.0,0.06751956868806196,0.32383040245626515,0.16952380215551868
Bulk 158,0.248594186000843,0.12153152234048398,0.15480727027233507,0.3315346082770283,0.14353241310930953
Bulk 159,0.24476767483876471,0.20165360403409535,0.0,0.22764785005527038,0.32593087107186963
Bulk 160,0.5168653933180976,0.13550048419371902,0.0641690031948848,0.11754634259759478,0.16591877669570398
Bulk 161,0.2752098898622072,0.13426573950181997,0.2384227216019382,0.14162423204532396,0.21047741698871092
Bulk 162,0.2652961436668002,0.20688553774113255,0.0,0.2019284223403152,0.3258898962517521
Bulk 163,0.4294657063688089,0.002116198186854062,0.0,0.4371714292072335,0.1312466662371035
Bulk 164,0.5026494084694033,0.067072729693602,0.0,0.19979834832927265,0.23047951350772192
Bulk 165,0.5061390062292037,0.08689428567931598,0.0,0.20448192787166744,0.2024847802198129
Bulk 166,0.6318122455670875,0.09075631542769477,0.0705175583487936,0.03285330103256623,0.17406057962385793
Bulk 167,0.605130549300398,0.05298881093210545,0.0,0.09301270509046991,0.2488679346770266
Bulk 168,0.0,0.23206116707972033,0.04517675408859011,0.42940236996790027,0.29335970886378937
Bulk 169,0.6555156222307789,0.08247327654729589,0.0,0.005998909836533551,0.2560121913853916
Bulk 170,0.2146650802511752,0.14461562003752482,0.37289447543588716,0.0,0.2678248242754129
Bulk 171,0.3206277405701243,0.11526366047858799,0.0,0.38064039448220466,0.18346820446908296
Bulk 172,0.24315883292126755,0.180410245228381,0.027991252631865676,0.24789292675909075,0.300546742459395
Bulk 173,0.3209897987475879,0.22709387297998265,0.028496016484576395,0.15689722978959034,0.2665230819982628
Bulk 174,0.23524939391733946,0.056460560843809036,0.2916006843789952,0.41668936085985625,0.0
Bulk 175,0.3605107930175786,0.1896025081174712,0.01520264857966536,0.19353973486362655,0.24114431542165835
Bulk 176,0.09094576087426431,0.21384206160099548,0.06267287131353798,0.3483878354376742,0.2841514707735279
Bulk 177,0.12275038919144651,0.18078937767066142,0.20688197088291896,0.33331283825003044,0.15626542400494256
Bulk 178,0.47738629143877526,0.13287335945748951,0.0013878394209353336,0.13875064097343162,0.24960186870936812
Bulk 179,0.19800016688501718,0.22735366214021202,0.09730310009678157,0.2623032406647532,0.21503983021323606
Bulk 180,0.0884542444083019,0.2543288256162831,0.08742526783529274,0.32688204935860604,0.24290961278151627
Bulk 181,0.22944318827452692,0.16288442746980622,0.09532407624404018,0.29806700804865294,0.21428129996297376
Bulk 182,0.3222879426048316,0.1041238680333769,0.0786857367767007,0.34955432960252314,0.14534812298256766
Bulk 183,0.18013531632543403,0.2069195283704773,0.2161129180824762,0.2339794183336164,0.1628528188879961
Bulk 184,0.1983326710241367,0.1377959569315618,0.1706457526517371,0.3383449459876771,0.15488067340488723
Bulk 185,0.34341244430724793,0.04146992521747329,0.1636669140459852,0.3710546988141845,0.08039601761510907
Bulk 186,0.6576754783577896,0.0,0.01722011193036551,0.21727254860527898,0.10783186110656594
Bulk 187,0.2219679098551084,0.17144400236552124,0.23899884802036958,0.17314988890310212,0.19443935085589853
Bulk 188,0.2730668056511768,0.17210550986910797,0.0,0.23598009492224528,0.3188475895574699
Bulk 189,0.12078055315631002,0.1745895953530713,0.22436199897095685,0.31929191867523793,0.16097593384442385
Bulk 190,0.3356432795474855,0.10398663095823099,0.2367939242271968,0.18912530192970262,0.1344508633373841
Bulk 191,0.34066013358954156,0.19087348153398717,0.09415120092025397,0.1329194402759868,0.24139574368023042
Bulk 192,0.4057917079350186,0.16939275456664138,0.07206703643850107,0.09890934878479096,0.25383915227504794
Bulk 193,0.6629478649094577,0.09007476849627066,0.041671534351297355,0.08324179520526079,0.12206403703771365
Bulk 194,0.4048091646751142,0.15676083152647896,0.0401471085978263,0.2820245520670785,0.11625834313350215
Bulk 195,0.18426347095455758,0.15994934983457174,0.11764815436973053,0.21328556337710697,0.3248534614640332
Bulk 196,0.20196935415088313,0.2026763810069778,0.014599277938409495,0.270475588671526,0.3102793982322035
Bulk 197,0.2639963638849484,0.1717231316249033,0.014013003075923475,0.37765801004132615,0.17260949137289858
Bulk 198,0.7817803429168306,0.04304729330256608,0.0,0.0,0.1751723637806033
Bulk 199,0.22911526686748926,0.17859753186402288,0.0,0.31783277437550667,0.2744544268929811
Bulk 200,0.27340476196635505,0.04710292955699042,0.17134732895483668,0.2897215850412011,0.2184233944806168
Bulk 201,0.5979634507336148,0.06279840400191732,0.010315751635980001,0.32892239362848796,0.0
Bulk 202,0.26911884834769334,0.1619285767037187,0.0,0.26877554562510236,0.3001770293234856
Bulk 203,0.38136721754093417,0.15124166244112577,0.13812845174412314,0.10263765325503764,0.22662501501877935
Bulk 204,0.5287021039614351,0.14450909704424517,0.0,0.0,0.32678879899431973
Bulk 205,0.5852005717906111,0.1378002635104586,0.0,0.10202209284298025,0.17497707185595007
Bulk 206,0.475869860312829,0.07756775013440022,0.18225213040253274,0.10800588910329507,0.15630437004694303
Bulk 207,0.14429197385093356,0.22349284082158755,0.04038628380964881,0.24106435841421184,0.3507645431036182
Bulk 208,0.3008451001539239,0.0922521376038162,0.10989411147444181,0.27578884391108366,0.22121980685673423
Bulk 209,0.4925783693046593,0.17122899120557097,0.0,0.0,0.33619263948976974
Bulk 210,0.39096695305578255,0.10643215637074112,0.012078006334226872,0.21399552011384687,0.27652736412540263
Bulk 211,0.0,0.153587059826103,0.17490973320092712,0.421988567194126,0.24951463977884383
Bulk 212,0.5861023769215171,0.18784409021714962,0.0,0.03540163539718723,0.19065189746414615
Bulk 213,0.6032577040037973,0.07048221028395658,0.09956561555806716,0.11652841295626501,0.11016605719791384
Bulk 214,0.5530543466595723,0.08963836324150218,0.0,0.0,0.35730729009892553
Bulk 215,0.9142118456808893,0.04185132311018573,0.0,0.04393683120892497,0.0
Bulk 216,0.2650889414544285,0.1833722602618971,0.0,0.3116554568268704,0.23988334145680398
Bulk 217,0.564283360797134,0.0,0.0,0.16802195878248033,0.26769468042038563
Bulk 218,0.18888794681756432,0.18054344380340492,0.14682330817548608,0.3394270183392677,0.14431828286427692
Bulk 219,0.2443809820150605,0.17204561306878582,0.11862978160947008,0.2414330828025433,0.22351054050414038
Bulk 220,0.3038285271341319,0.14565458735780482,0.0,0.3871621922454605,0.16335469326260285
Bulk 221,0.26051870918558595,0.17331401857226872,0.24392665781173006,0.17638757526298973,0.1458530391674253
Bulk 222,0.05984848508940878,0.18553143506492933,0.08331276785780171,0.35477888296826804,0.3165284290195922
Bulk 223,0.19332552147811996,0.21428282241599853,0.0,0.30421216132832685,0.2881794947775548
Bulk 224,0.4464246279107148,0.0808696310998791,0.09750297755060293,0.2043095515276012,0.17089321191120194
Bulk 225,0.8800533073434055,0.0,0.0,0.0,0.11994669265659451
Bulk 226,0.49210130898217663,0.1460647938229263,0.060459857230839215,0.14438919819132012,0.15698484177273778
Bulk 227,0.1722718967079541,0.17798455344202113,0.09939411772373186,0.25686554360008457,0.2934838885262083
Bulk 228,0.28390430706653946,0.2038562045494192,0.0,0.30299257429614634,0.2092469140878949
Bulk 229,0.3662674681882465,0.20673192051197975,0.0,0.12433186876155415,0.3026687425382196
Bulk 230,0.15152054154535297,0.19669367724235148,0.14194773887844986,0.3589173320081636,0.15092071032568188
Bulk 231,0.6186167927362637,0.1126580869236696,0.0,0.07814120065546738,0.1905839196845993
Bulk 232,0.14679463682106325,0.16703294265865107,0.0,0.5116953032381744,0.17447711728211135
Bulk 233,0.27917022769865824,0.1651974541546704,0.13820114867665362,0.1928274219981548,0.22460374747186293
Bulk 234,0.22203385870607642,0.09697495142625144,0.14237939876509312,0.2858641589455304,0.2527476321570486
Bulk 235,0.37767795615246197,0.08192542155789527,0.19873168822053727,0.16175249919121534,0.17991243487789016
Bulk 236,0.06491850272658062,0.22966397213129588,0.06220816842277652,0.3578829809581694,0.28532637576117753
Bulk 237,0.25467406963047945,0.22966197403359281,0.08936378664295667,0.11341009625367586,0.3128900734392952
Bulk 238,0.5405199154843828,0.09774481890263559,0.0,0.014761772882106474,0.3469734927308751
Bulk 239,0.21051133986729878,0.14417478693385663,0.1348305968157257,0.3944823987442134,0.11600087763890544
Bulk 240,0.3290772838438465,0.2268522382911522,0.0,0.2570220692843777,0.18704840858062352
Bulk 241,0.17976112007399514,0.2681136672171032,0.0,0.21357098603480648,0.338554226674095
Bulk 242,0.805552738507204,0.0,0.0,0.0,0.19444726149279604
Bulk 243,0.4138464318285812,0.18924212012982114,0.0,0.043757249720282616,0.3531541983213151
Bulk 244,0.48538367560090134,0.10949541225716505,0.11646201163447345,0.15387997489357608,0.1347789256138842
Bulk 245,0.43697754374294334,0.08728749511647953,0.2777524677371078,0.14675550229538614,0.05122699110808317
Bulk 246,0.27627415564630486,0.13483858407028504,0.15530175421512069,0.25828149337795586,0.17530401269033366
Bulk 247,0.49617602800732485,0.142227478278017,0.0,0.12429468218363483,0.2373018115310233
Bulk 248,0.32692357794121835,0.17361705231396146,0.08358574519472116,0.22516521985745508,0.19070840469264383
Bulk 249,0.86875826090334,0.0,0.0,0.0,0.13124173909666012
Bulk 250,0.6314905143345212,0.09988292960457128,0.004696369250962066,0.20244757214801845,0.061482614661926914
Bulk 251,0.4650343530889788,0.06463089860927934,0.0,0.25441846540494223,0.21591628289679982
Bulk 252,0.26945077899426345,0.09742952998427297,0.18987357193644522,0.3375572493240412,0.10568886976097722
Bulk 253,0.03952812473106236,0.27455644553208736,0.05864561293310146,0.24906295488204963,0.3782068619216993
Bulk 254,0.2177260466595502,0.14744235982437245,0.2390285492287308,0.2156248560565742,0.1801781882307724
Bulk 255,0.19776127927847714,0.175747283206787,0.08094063527103466,0.2865212670537412,0.25902953518996
Bulk 256,0.29315258581019604,0.10251802035588536,0.08097274647455707,0.3658600304751363,0.15749661688422525
Bulk 257,0.08118453277349408,0.3001510644928238,0.0,0.31535066687388996,0.30331373585979216
Bulk 258,0.27074885862798465,0.166726213566554,0.0005636682026163732,0.2984934291969082,0.26346783040593696
Bulk 259,0.42315219049034286,0.15238837481058584,0.0,0.10665303780735257,0.3178063968917188
Bulk 260,0.01756765914570442,0.19435352448577892,0.14212144686669737,0.3700986852167259,0.2758586842850935
Bulk 261,0.13002057660019412,0.25097836631841025,0.08190401446361018,0.2555744082171046,0.28152263440068087
Bulk 262,0.20761426034717695,0.2141999965876471,0.0,0.2934315169593095,0.2847542261058663
Bulk 263,0.272313795895353,0.1735854988837114,0.0,0.23012281571785131,0.3239778895030844
Bulk 264,0.39720427965973143,0.0703056599890567,0.04196222386097408,0.20658795872171723,0.28393987776852053
Bulk 265,0.05131858073523778,0.316012168789768,0.0,0.25721987043679173,0.37544938003820255
Bulk 266,0.5365624364196037,0.02679627739894542,0.0,0.2250042760396695,0.21163701014178157
Bulk 267,0.1039740162922447,0.18942552766287915,0.06544109173436628,0.36703632365259037,0.2741230406579194
Bulk 268,0.562805326407128,0.0817599284738987,0.0,0.16637694813525342,0.18905779698372
Bulk 269,0.4617220160692771,0.08761472723066624,0.0,0.20982036134254714,0.2408428953575096
Bulk 270,0.36719335220818583,0.1273168265988256,0.242117680852685,0.10488700203439183,0.15848513830591174
Bulk 271,0.1724897648918696,0.10148019862335562,0.03497334724991225,0.4317744608862064,0.2592822283486561
Bulk 272,0.2306489092573374,0.2038966933703565,0.07236034855159003,0.21822333197365423,0.2748707168470618
Bulk 273,0.34941347478940704,0.15967518086722415,0.0,0.20604846226256632,0.28486288208080246
Bulk 274,0.30418768801321255,0.10685840802207931,0.0,0.42421216754720936,0.1647417364174988
Bulk 275,0.20633062589696224,0.11075364909568577,0.06288626985521027,0.3764163154576034,0.24361313969453813
Bulk 276,0.3004254021319785,0.158652816145981,0.0002534281957295975,0.2979269700161906,0.24274138351012034
Bulk 277,0.7836819080253727,0.00025845856120253506,0.0,0.0,0.21605963341342482
Bulk 278,0.24072027453252767,0.15885068651158998,0.0,0.3216589328286696,0.2787701061272128
Bulk 279,0.19422611577184595,0.23144343835095516,0.0746065047742012,0.24199687930918556,0.2577270617938121
Bulk 280,0.4284161111462107,0.08099764018783004,0.42126962708439203,0.0,0.06931662158156715
Bulk 281,0.6528336876569626,0.060881089898316365,0.1473953846082227,0.0,0.13888983783649841
Bulk 282,0.21906255470720407,0.19465591731244275,0.07091065588983084,0.34187317550929996,0.17349769658122252
Bulk 283,0.3351717389672894,0.1432926247719409,0.18391428607821655,0.24500595961808005,0.09261539056447315
Bulk 284,0.6025809154309201,0.059951170879428715,0.11886591229823029,0.09774774703186906,0.12085425435955183
Bulk 285,0.15736201141539163,0.3190300672619552,0.1008355016144016,0.14912190969150865,0.273650510016743
Bulk 286,0.12871121130954213,0.1559116384568594,0.2483278874190385,0.21088505689798698,0.256164205916573
Bulk 287,0.2775905610707411,0.08068192631005558,0.15247692592616222,0.373697995218083,0.11555259147495811
Bulk 288,0.431851136724827,0.18454152355102982,0.0,0.21755148529897894,0.1660558544251643
Bulk 289,0.8698244674059973,0.0,0.0,0.0,0.1301755325940027
Bulk 290,0.32328552394493126,0.14816777353356683,0.0,0.23338599798892146,0.29516070453258053
Bulk 291,0.3568483507591324,0.2066472786083795,0.1377782789772693,0.035660957061877885,0.26306513459334097
Bulk 292,0.5767052681082568,0.16443983825823535,0.0,0.07083660880632756,0.18801828482718036
Bulk 293,0.2591654354325142,0.18536188010862747,0.0,0.19628608469500403,0.3591865997638544
Bulk 294,0.31784039585077695,0.22665188780711715,0.0648357134983948,0.07647836309499294,0.3141936397487182
Bulk 295,0.32931237272074776,0.15707609108850523,0.10834356682896065,0.21221638522489666,0.19305158413688972
Bulk 296,0.3841587500112867,0.18292361678917773,0.10893651091956234,0.04079735581321253,0.28318376646676063
Bulk 297,0.7504520494174455,0.03402753139926751,0.0,0.07515862303661579,0.1403617961466711
Bulk 298,0.18038338707810872,0.2578775693303933,0.0730183430841329,0.2866216859207362,0.2020990145866289
Bulk 299,0.843903674770991,0.0,0.028695239264106987,0.0,0.12740108596490193
Bulk 300,0.18973839987703783,0.2433357360989222,0.020951511854981057,0.26997191146029387,0.27600244070876506
Bulk 301,0.17941881769597665,0.19483433160120014,0.021005542303905087,0.40387156558419984,0.20086974281471823
Bulk 302,0.19820200856482978,0.19371020216268697,0.0,0.37303583184218175,0.2350519574303014
Bulk 303,0.30332620758642054,0.21165575075120566,0.022739493730202138,0.2741292123941618,0.18814933553800975
Bulk 304,0.07474806655483833,0.15338881026077694,0.2497717471971495,0.3981958959622412,0.12389548002499391
Bulk 305,0.5027918649790933,0.07832487643616924,0.13779330609686372,0.0,0.28108995248787366
Bulk 306,0.44161493522356343,0.1642788298070019,0.3048197604985949,0.0870384845227599,0.0022479899480802204
Bulk 307,0.33065435625730827,0.15720913359580477,0.09315554110832389,0.17749116251508387,0.24148980652347915
Bulk 308,0.40302001429656925,0.1373900396333126,0.1329141781981669,0.08299435429514959,0.2436814135768016
Bulk 309,0.5014596407081059,0.1456522417305422,0.0,0.0,0.3528881175613518
Bulk 310,0.21318146957547557,0.25265296210757016,0.0,0.18249624299731457,0.3516693253196396
Bulk 311,0.43404332714651483,0.2514283656502393,0.09143886863436176,0.06645994400683893,0.15662949456204525
Bulk 312,0.23034098339236267,0.26300775173564295,0.008655210492028675,0.05841710526772518,0.4395789491122406
Bulk 313,0.43611222308745456,0.15160065562379904,0.0,0.12110454646175722,0.2911825748269892
Bulk 314,0.553780688772279,0.11450818058860404,0.0,0.0,0.33171113063911695
Bulk 315,0.5081377071274445,0.14067190699829682,0.09477720326738755,0.0,0.2564131826068712
Bulk 316,0.5454516245608552,0.0835697303523174,0.0,0.08904681943350748,0.28193182565332
Bulk 317,0.15125561565937598,0.18329297610743905,0.1423752656679792,0.2704944770804959,0.25258166548471
Bulk 318,0.4520135190631701,0.19228560807982273,0.21234393805406496,0.10715100117142436,0.036205933631517924
Bulk 319,0.18277092507723167,0.283608015345109,0.03817960139209986,0.16257298366890233,0.3328684745166572
Bulk 320,0.15586350339564314,0.24198086141697203,0.13564198168887484,0.21087431211698618,0.25563934138152367
Bulk 321,0.36228297956256733,0.19760390920675505,0.0,0.11430488434619941,0.3258082268844783
Bulk 322,0.4042427540326663,0.03370339192810497,0.03291572873448091,0.3412718493801831,0.18786627592456476
Bulk 323,0.13433282455115989,0.24641807611045383,0.2950165041806003,0.10196528514910838,0.2222673100086777
Bulk 324,0.26832066732150145,0.21219171765641437,0.15618072128952692,0.11593711375776634,0.24736977997479082
Bulk 325,0.3119782057726495,0.1266183956107722,0.3270450302585863,0.11794695960208386,0.11641140875590827
Bulk 326,0.0,0.2769549613829971,0.13413204060653602,0.244371056859185,0.344541941151282
Bulk 327,0.4585862679518071,0.18114502057431353,0.0,0.0,0.36026871147387934
Bulk 328,0.1378884343675862,0.1393777037654474,0.3228524390199809,0.3319063498953607,0.06797507295162492
Bulk 329,0.5223464841378846,0.19791715056822481,0.022749596166386103,0.02434751209969465,0.23263925702780985
Bulk 330,0.2677319290418437,0.33087497712695413,0.14352270862197436,0.09602358166681753,0.16184680354241024
Bulk 331,0.38552838499502545,0.16167427865262773,3.444163960873695e-05,0.09240677391317494,0.36035612079956314
Bulk 332,0.7451909356925481,0.0,0.0,0.0,0.2548090643074519
Bulk 333,0.6631780651676453,0.10648366550375477,0.0,0.0,0.23033826932859988
Bulk 334,0.35428886838442053,0.0,0.0,0.6220098650622161,0.023701266553363406
Bulk 335,0.1979099603358318,0.14596001844645498,0.2948219078129997,0.21756533043400786,0.14374278297070567
Bulk 336,0.321963048136786,0.17903964077453074,0.00783809531336987,0.13617502030006665,0.3549841954752468
Bulk 337,0.030136444461335492,0.281865108250111,0.036360537626939436,0.32548771038326235,0.3261501992783517
Bulk 338,0.22751776213671931,0.12209570963443489,0.0,0.38229964447109127,0.2680868837577546
Bulk 339,0.8182221330165604,0.05087320645919881,0.0,0.0,0.1309046605242408
Bulk 340,0.08884162039306613,0.2493404892704884,0.08492865871023417,0.28046598047957,0.2964232511466413
Bulk 341,0.2994542435034636,0.09676974270320023,0.20804357257492878,0.16082267656055113,0.23490976465785615
Bulk 342,0.0662240006632004,0.16713023706761548,0.06308028362537302,0.4425568413097159,0.2610086373340952
Bulk 343,0.09493764763411583,0.26529062161512235,0.04414623034192533,0.1870304286154297,0.4085950717934068
Bulk 344,0.46140032966678535,0.15310346472388386,0.048048040453440695,0.010000732532616121,0.3274474326232739
Bulk 345,0.5047089659683617,0.1581473428262969,0.06045604816854852,0.12330354605762804,0.1533840969791649
Bulk 346,0.34809803663252703,0.145938110538317,0.0,0.19372989704887225,0.31223395578028357
Bulk 347,0.41638952110602523,0.149109961970468,0.147980010199014,0.24473283470837948,0.04178767201611324
Bulk 348,0.4059011616269586,0.1494485960286518,0.08781086652921453,0.12246648473917215,0.23437289107600304
Bulk 349,0.2922207941340132,0.2602156726777657,0.0,0.15114385579884335,0.2964196773893778
Bulk 350,0.35229432660852655,0.23234894789178845,0.0,0.0750150743793772,0.34034165112030773
Bulk 351,0.2992986995530322,0.053854889667035936,0.42270210719298645,0.22414430358694531,0.0
Bulk 352,0.053507928002205725,0.2685728139760259,0.07785338898377028,0.3342912302908907,0.26577463874710744
Bulk 353,0.08450645833896267,0.2491516619388949,0.15919092541747681,0.10324295412878871,0.40390800017587686
Bulk 354,0.5048723174449512,0.13496775377410664,0.1669465851053504,0.0,0.19321334367559184
Bulk 355,0.29503045577622916,0.10741742309497551,0.09474065877551134,0.2676124901032381,0.23519897225004588
Bulk 356,0.13488426549244617,0.1729688303060674,0.13074669255017707,0.3227279678254125,0.23867224382589675
Bulk 357,0.1622563078353637,0.22783015306416246,0.13074454779636355,0.28930801871210404,0.18986097259200627
Bulk 358,0.5267936687614414,0.18423744021002278,0.0,0.040302726063797575,0.2486661649647383
Bulk 359,0.0,0.2659494658055974,0.11790912420748918,0.23543250536616514,0.38070890462074813
Bulk 360,0.6848433506164388,0.05574044857022559,0.0,0.0,0.2594162008133357
Bulk 361,0.5614425195010094,0.14721019791654777,0.0,0.09134036521678848,0.20000691736565449
Bulk 362,0.127609937880122,0.15583068195844277,0.11551274077725561,0.4302128071714284,0.17083383221275114
Bulk 363,0.2179351704820857,0.18240787750117188,0.17071469851072174,0.274298533978162,0.15464371952785866
Bulk 364,0.36522031554825507,0.11025625710988858,0.16951672255625713,0.3111511732903929,0.04385553149520647
Bulk 365,0.26473557602330094,0.1149526831209327,0.15541471052580305,0.3348446270937493,0.13005240323621406
Bulk 366,0.08040926480425391,0.20756292154154832,0.08213527408704925,0.2970419924554795,0.33285054711166906
Bulk 367,0.6135174558445272,0.0,0.07554828343930453,0.31093426071616825,0.0
Bulk 368,0.11121577092935246,0.30438757596196786,0.0,0.17230989960958246,0.4120867534990972
Bulk 369,0.441795837479286,0.0922389284169193,0.0,0.2864606065101075,0.17950462759368724
Bulk 370,0.33849806241109004,0.10394835479967007,0.17106641262967076,0.24688349775041507,0.13960367240915406
Bulk 371,0.2796648091232828,0.17339215506851216,0.19805228763803215,0.1694609498145126,0.17942979835566034
Bulk 372,0.3069137378700928,0.0727819253758021,0.13623071213799096,0.18305374750459846,0.30101987711151573
Bulk 373,0.1321913098415047,0.1100748823008277,0.1479823530663457,0.4010560628446155,0.2086953919467064
Bulk 374,0.32593848064046793,0.16290078937817704,0.3040685480675002,0.05677935207205004,0.15031282984180483
Bulk 375,0.14111881319237726,0.19227936690731276,0.0,0.428999982642693,0.23760183725761708
Bulk 376,0.9105023078057949,0.0,0.0,0.0,0.08949769219420511
Bulk 377,0.22110863204009518,0.1951456551824502,0.11680908988608492,0.20048386586797862,0.26645275702339105
Bulk 378,0.028095237362997006,0.34662457842653666,0.0,0.1737086303261153,0.4515715538843511
Bulk 379,0.2545877714499815,0.19273094175371608,0.05781569946967744,0.3180420473429552,0.17682353998366981
Bulk 380,0.45326087981989294,0.14248190621799287,0.0009231697168648164,0.162801175782026,0.24053286846322333
Bulk 381,0.47669056201169646,0.14894028812614335,0.0,0.044375696134209226,0.3299934537279509
Bulk 382,0.770127667572929,0.028260692343538993,0.0,0.013977009246162846,0.18763463083736914
Bulk 383,0.2463926348148006,0.25876756634121145,0.07639575911643573,0.13323802126458997,0.2852060184629622
Bulk 384,0.0,0.28323371157966887,0.06440422858413132,0.19766127971732297,0.4547007801188769
Bulk 385,0.299595404278119,0.11120634408905453,0.012177124032767574,0.359396908781594,0.21762421881846486
Bulk 386,0.16418952861422634,0.27118647289801,0.14237258336655398,0.11356848581244382,0.30868292930876573
Bulk 387,0.44962874650518614,0.18169001415039593,0.0,0.14238093474555694,0.22630030459886094
Bulk 388,0.5375236981370595,0.15781155545772085,0.1318600872123656,0.0,0.1728046591928541
Bulk 389,0.3657874542363703,0.20526794648160565,0.16681761850270668,0.0,0.26212698077931734
Bulk 390,0.4509369981463931,0.13318576926056194,0.07896486353650019,0.11212004522931412,0.22479232382723072
Bulk 391,0.16313550934127927,0.22667332755291078,0.16778322047459882,0.23004996693826885,0.21235797569294218
Bulk 392,0.5955050513615728,0.0,0.14656302225799742,0.2367369450118423,0.02119498136858741
Bulk 393,0.3714305910206411,0.13770897101351554,0.11713028454029394,0.37373015342554955,0.0
Bulk 394,0.37098751455025913,0.13418637132327935,0.1303842158813641,0.14494223808024267,0.2194996601648547
Bulk 395,0.25916442195647654,0.24653789963205222,0.042691329073094815,0.1914773963375028,0.26012895300087363
Bulk 396,0.364566794788193,0.10671383953597025,0.08788585748999121,0.3398431774617087,0.10099033072413682
Bulk 397,0.7250090609701624,0.018184739111057655,0.037295734498087416,0.0,0.21951046542069252
Bulk 398,0.6773779051092157,0.02062934386797112,0.14127296388414715,0.0024662219482774698,0.15825356519038858
Bulk 399,0.49905206136084795,0.09072895463371533,0.13844758136576674,0.21686245323453177,0.05490894940513829
Bulk 400,0.36589323526065953,0.09887135887432842,0.26005422590930394,0.23086378374426197,0.044317396211446015
Bulk 401,0.31578949754451147,0.19685900471187712,0.1591246248575595,0.14814927784336243,0.1800775950426895
Bulk 402,0.4341767927055891,0.17650745220212194,0.0,0.0,0.389315755092289
Bulk 403,0.3531792320219223,0.15806054324598612,0.0,0.3062254329735081,0.18253479175858356
Bulk 404,0.6688553155903582,0.1910437479001716,0.0,0.00411247876456117,0.13598845774490897
Bulk 405,0.4575075664383251,0.11803985904845882,0.1169090695727765,0.15823282734975458,0.14931067759068506
