,Ast,End,Mic,Neu,Oli
Bulk 0,0.02421565508881294,0.2826465574065661,0.12079713405325822,0.2649791882680681,0.30736146518329466
Bulk 1,0.46131337172508746,0.14419743242532523,0.0,0.1462440700237436,0.2482451258258437
Bulk 2,0.22447018596048574,0.2532086220785991,0.0033564223407222564,0.21598399611705596,0.30298077350313696
Bulk 3,0.10281685378570077,0.18593299861853405,0.1582623794128213,0.30286964674082323,0.25011812144212064
Bulk 4,0.48821701336856843,0.19090890931861285,0.0,0.07916759943048209,0.24170647788233673
Bulk 5,0.020655331997918185,0.23035686867319316,0.10844756584538717,0.43326793802133057,0.20727229546217085
Bulk 6,0.5748054442526348,0.10850408568585516,0.0,0.12238354108182779,0.1943069289796823
Bulk 7,0.3459158243901061,0.21495699787021932,0.0,0.1611307287853064,0.2779964489543682
Bulk 8,0.213663869445404,0.17985634458949445,0.06453552754946167,0.3863148862377171,0.1556293721779229
Bulk 9,0.22516603763094328,0.14287087404576654,0.16356012621677612,0.19191129267918972,0.2764916694273244
Bulk 10,0.1651467575831239,0.18925323356323573,0.004194197864264893,0.41889912479336583,0.22250668619600958
Bulk 11,0.2854561658211257,0.16040144729706207,0.0,0.32673445339502566,0.22740793348678645
Bulk 12,0.05170459775242074,0.15971402932243836,0.13437175331031767,0.3637099211176194,0.2904996984972038
Bulk 13,0.1709066801876265,0.1274540107761419,0.1560165360095246,0.45011562246368003,0.09550715056302692
Bulk 14,0.521520057214605,0.09882575695130448,0.0033168266351315907,0.16572985293728942,0.21060750626166946
Bulk 15,0.3762565513050284,0.14943056135122798,0.06306785045047329,0.2118342112092035,0.1994108256840667
Bulk 16,0.1253414753953262,0.2083179783468283,0.09066808960162435,0.30543892116387134,0.2702335354923498
Bulk 17,0.5523841557925645,0.07595724057488523,0.023629835955916487,0.12496312621352955,0.2230656414631042
Bulk 18,0.6275842563581197,0.0,0.13983764458045156,0.12021432910483708,0.11236376995659149
Bulk 19,0.2931767230301142,0.025417438348263367,0.10563725279276093,0.4601900076716888,0.11557857815717265
Bulk 20,0.13338965904579067,0.2870187452211456,0.035035423253704734,0.3489866747970473,0.1955694976823117
Bulk 21,0.18874400671255595,0.16979687002694363,0.04088663626337534,0.26125881291367964,0.3393136740834455
Bulk 22,0.0,0.19312581527054673,0.10610451198728917,0.4584362336013866,0.24233343914077746
Bulk 23,0.2775462300689354,0.07591158369088465,0.0,0.4233683365628202,0.22317384967735976
Bulk 24,0.1106744140284643,0.17392901259000443,0.22829557049412277,0.3658490562433491,0.12125194664405929
Bulk 25,0.07008817030253449,0.22244995606572046,0.08441590098797401,0.35872848982369787,0.2643174828200732
Bulk 26,0.32503643280643413,0.21678763796764028,0.0,0.17327971882234103,0.2848962104035845
Bulk 27,0.22265843652240863,0.1892125476689126,0.0,0.36859668547935887,0.21953233032931987
Bulk 28,0.1786361038358428,0.17828429288769815,0.09666914527421233,0.33449696383956323,0.21191349416268349
Bulk 29,0.2846606756335618,0.14695978881336916,0.12229654055524924,0.2696255817835408,0.17645741321427905
Bulk 30,0.7170049921324637,0.05970903270883605,0.0,0.12757495647393702,0.09571101868476316
Bulk 31,0.7742936590825227,0.0,0.0,0.0,0.2257063409174773
Bulk 32,0.44128081060487695,0.02310262539639301,0.13257717837741484,0.2852499782637968,0.11778940735751824
Bulk 33,0.10407043185931832,0.0986551149682632,0.16201308572964362,0.506530887049687,0.12873048039308785
Bulk 34,0.36605283996804683,0.010446091484675426,0.1209092776834198,0.351292281881233,0.1512995089826248
Bulk 35,0.20349841162393226,0.2206950369377029,0.19155704390964,0.14132100088929464,0.2429285066394302
Bulk 36,0.3322280067615955,0.07531986994229953,0.21840012813775758,0.27077359582026905,0.10327839933807835
Bulk 37,0.26858275375653784,0.2279690673583258,0.06451442178611297,0.23123067539098227,0.2077030817080411
Bulk 38,0.6682934543878124,0.0,0.022337697172866856,0.3093688484393208,0.0
Bulk 39,0.171899965195481,0.07582164143287577,0.09383103648227666,0.5658156539229826,0.092631702966384
Bulk 40,0.32191054165533656,0.0906774726580065,0.0,0.4774852576421768,0.10992672804448025
Bulk 41,0.36865883512092384,0.10116464959312567,0.14451762931319667,0.3354039983289446,0.05025488764380919
Bulk 42,0.21248961260419988,0.08078434456543547,0.17369656728881958,0.35733358118406505,0.17569589435748
Bulk 43,0.27623148858677055,0.03735966018772368,0.0,0.5172932354526221,0.1691156157728837
Bulk 44,0.17487593683969896,0.18893350387047733,0.016832700537488542,0.35228375854818483,0.26707410020415046
Bulk 45,0.705536085456324,0.03821602175368312,0.0,0.11936913813816293,0.13687875465183
Bulk 46,0.6428683038242261,0.07584615180831092,0.0,0.03165026351956949,0.24963528084789358
Bulk 47,0.13317775251243505,0.267087400355602,0.00697566214157161,0.2770197658055966,0.31573941918479476
Bulk 48,0.3856488902371372,0.1326730857494919,0.09552120912836179,0.22325090519680166,0.16290590968820742
Bulk 49,0.13289222208102539,0.05991849345486198,0.15224509377149611,0.4857258145947233,0.16921837609789317
Bulk 50,0.2782538162768338,0.10651723254451781,0.0,0.2583552299872927,0.3568737211913558
Bulk 51,0.43662784189460535,0.1027640537113093,0.0,0.25097452445152274,0.2096335799425628
Bulk 52,0.21001467415684755,0.1786265071316546,0.0,0.3611635012395798,0.2501953174719181
Bulk 53,0.6178757866106688,0.0,0.0,0.3821242133893313,0.0
Bulk 54,0.2950236504637012,0.022376820007792137,0.1890050021869787,0.4506915812260653,0.04290294611546264
Bulk 55,0.09751533164095733,0.2608167796840917,0.03521637560394456,0.24955163644168432,0.3568998766293221
Bulk 56,0.31111663161436687,0.15244332891073784,0.0,0.28929063986372383,0.24714939961117144
Bulk 57,0.5721804429966872,0.060828489247346185,0.07925662983269476,0.0,0.2877344379232718
Bulk 58,0.68921666805729,0.03247152965228368,0.026070172421242724,0.08464469884031438,0.16759693102886944
Bulk 59,0.21231058427980745,0.16532719540990928,0.07124951598388482,0.33756508065949753,0.21354762366690083
Bulk 60,0.2056193237238823,0.11665068349659666,0.0636891716278895,0.501703923878795,0.11233689727283652
Bulk 61,0.44561957981261957,0.07524709092850182,0.0,0.2989274709858516,0.1802058582730271
Bulk 62,0.15748340089568788,0.14642093655122623,0.2309415461485375,0.28162317910027146,0.1835309373042768
Bulk 63,0.49937431326809373,0.0807896627436429,0.0,0.16127399644982393,0.2585620275384395
Bulk 64,0.254532744992076,0.0137471828738374,0.1766601074148638,0.5256471690905157,0.029412795628707154
Bulk 65,0.3100798932958677,0.1402050851569573,0.09005299133090429,0.33138202737703043,0.1282800028392404
Bulk 66,0.6881574137637665,0.02355806654649757,0.0,0.17304525987350292,0.11523925981623313
Bulk 67,0.23679402588771167,0.10881104820783329,0.011261930390881332,0.337888856127793,0.3052441393857806
Bulk 68,0.48026089864144905,0.10304270750140936,0.0,0.3662521056828918,0.05044428817424976
Bulk 69,0.4184435459928025,0.0,0.052743093011882396,0.35500781263409187,0.17380554836122333
Bulk 70,0.42634790055696903,0.0,0.08876275318773409,0.3890320711245889,0.09585727513070808
Bulk 71,0.3223520220838285,0.16563682833077542,0.0,0.37496013669596434,0.1370510128894317
Bulk 72,0.04748376188302839,0.22665640887269858,0.12792294435321974,0.347523615750839,0.2504132691402143
Bulk 73,0.42219379252824113,0.0778634883664441,0.0907702678958265,0.3383317559375862,0.07084069527190201
Bulk 74,0.2468333954109223,0.08334461744295131,0.2197620912604242,0.3036247874255778,0.14643510846012445
Bulk 75,0.6286961902128068,0.0,0.0,0.23868027117145282,0.13262353861574047
Bulk 76,0.10952126295212,0.2517967058433834,0.0,0.3658133082614284,0.27286872294306824
Bulk 77,0.9035112461386396,0.0,0.0,0.061893478632985825,0.034595275228374404
Bulk 78,0.48395153454106665,0.17146402351317552,0.0,0.22025575636401049,0.12432868558174737
Bulk 79,0.32461518786373667,0.0691531199901652,0.0,0.4209312193614166,0.18530047278468156
Bulk 80,0.3183921085180677,0.14642517336289787,0.0,0.27703525685976377,0.25814746125927074
Bulk 81,0.46149929008138457,0.15463437360494772,0.11800206698114815,0.0029519389312340307,0.26291233040128553
Bulk 82,0.5351357223162986,0.0806907953661484,0.1516374981210583,0.1426685497119129,0.08986743448458194
Bulk 83,0.04292787342890545,0.222190285781277,0.07417830898062969,0.3725250198474868,0.2881785119617011
Bulk 84,0.0,0.2938751715141173,0.04600129004340438,0.3473821697711653,0.312741368671313
Bulk 85,0.16721257511190368,0.2366016487289693,0.11228355577181282,0.2780620004104969,0.20584021997681728
Bulk 86,0.19477196974416194,0.24517725859139428,0.08316862615555481,0.24908542359861283,0.2277967219102761
Bulk 87,0.3861330032460341,0.18379948049295564,0.0,0.28215131119127557,0.14791620506973477
Bulk 88,0.3605680261424039,0.022079838039241125,0.10094477490312444,0.37492708437716066,0.14148027653806983
Bulk 89,0.12960829318448708,0.1854469320577548,0.012510381923779124,0.35436411381913946,0.3180702790148395
Bulk 90,0.21056230582771085,0.16416210891054805,0.18348214898889667,0.3160618652472715,0.1257315710255728
Bulk 91,0.31558776716757597,0.006853422907701968,0.0,0.5277229239061759,0.1498358860185461
Bulk 92,0.40193205641121016,0.19758559188518057,0.07450506473898925,0.08160451533818185,0.24437277162643822
Bulk 93,0.13134909543373632,0.2328456192151607,0.15193340867070176,0.30078906614546663,0.1830828105349345
Bulk 94,0.038748189632318186,0.27305868297701646,0.03922534880095483,0.31328151346499555,0.335686265124715
Bulk 95,0.22045427707293058,0.1973253039312949,0.022429298377622715,0.30236321946823397,0.2574279011499177
Bulk 96,0.6377362810364512,0.10750006834354688,0.003259477181615637,0.04416171847440633,0.20734245496398
Bulk 97,0.5266829119962286,0.0574200407899584,0.07890800326313269,0.2081550005494002,0.12883404340128018
Bulk 98,0.3383645160343368,0.05207800532458548,0.2125705104584215,0.26169909178540385,0.13528787639725232
Bulk 99,0.40708950307453146,0.10112958586364236,0.0,0.36953315850008617,0.12224775256174007
Bulk 100,0.3220709829076585,0.10242440736007392,0.005851378532678343,0.5294353316231246,0.040217899576464544
Bulk 101,0.29740992932369886,0.03974053721126283,0.24583703734528048,0.40820086375221193,0.008811632367545886
Bulk 102,0.1701836317360233,0.0963164858310756,0.039867647442979375,0.6026886761252885,0.09094355886463325
Bulk 103,0.1581352399468848,0.1353501102586862,0.09191972532668169,0.36372965026876414,0.25086527419898313
Bulk 104,0.1800718789262956,0.1929111979369423,0.0,0.4054519709476335,0.2215649521891286
Bulk 105,0.41401430666503464,0.09936691844868152,0.08422128839973517,0.22196084718719905,0.18043663929934958
Bulk 106,0.312496156359097,0.21492096998571505,0.0,0.25290774480249595,0.21967512885269197
Bulk 107,0.4330348436861848,0.09808475180897959,0.019753490353804186,0.25417326717331684,0.19495364697771445
Bulk 108,0.1358092257437415,0.14890877925018958,0.07133050686923827,0.3548325066280787,0.2891189815087521
Bulk 109,0.19130681482242923,0.10390567827577468,0.1263887931025509,0.3913790339521933,0.1870196798470518
Bulk 110,1.0,0.0,0.0,0.0,0.0
Bulk 111,0.3626438533979429,0.1128024275064739,0.24852611983022857,0.07724325406774757,0.19878434519760707
Bulk 112,0.3649597480553414,0.20034703047276584,0.0,0.17058821362547527,0.26410500784641744
Bulk 113,0.38259547119149784,0.16066428289688106,0.08961234639570463,0.20481393575129206,0.1623139637646245
Bulk 114,0.438488248782402,0.0796937335688212,0.09979038490054933,0.38202763274822743,0.0
Bulk 115,0.3133868467628201,0.09842645620518058,0.2113675183039933,0.28130031062354205,0.09551886810446411
Bulk 116,0.5562600950199088,0.07492660594522274,0.0,0.16263693533870913,0.2061763636961593
Bulk 117,0.1973595222398765,0.10693446903215424,0.08618370452996277,0.42828030129126554,0.18124200290674106
Bulk 118,0.4085325313506659,0.16469271434230384,0.03430374616581966,0.273384649063957,0.11908635907725365
Bulk 119,0.25983730706226377,0.2099890306579889,0.0,0.3043208691048593,0.22585279317488804
Bulk 120,0.41535946748650304,0.07859682361674987,0.07724351045494667,0.32190073887153564,0.10689945957026474
Bulk 121,0.37843075799823783,0.140852616184156,0.0,0.352369227241598,0.12834739857600821
Bulk 122,0.6840926548153092,0.0731861720011082,0.045192688757521006,0.0,0.1975284844260615
Bulk 123,0.30160133326534244,0.20765736561408948,0.0,0.14750372043149992,0.3432375806890682
Bulk 124,0.3852034940251904,0.14723113434602228,0.0,0.17799129993050053,0.2895740716982869
Bulk 125,0.2717648633402296,0.16383155233958163,0.12214652194730428,0.23130109921243494,0.21095596316044954
Bulk 126,0.28120697863302596,0.18638415879797732,0.0,0.3601783467840577,0.17223051578493898
Bulk 127,0.1343993553445617,0.2334483531942479,0.03362207419426886,0.27063364708260995,0.3278965701843115
Bulk 128,0.2072443443640798,0.2250858603599029,0.12320143756617415,0.102683167389105,0.3417851903207381
Bulk 129,0.38717688169110664,0.10993135701807176,0.0,0.29543288425698067,0.20745887703384097
Bulk 130,0.4172586876087536,0.08776071133589756,0.0,0.26429840745128297,0.23068219360406572
Bulk 131,0.3765833457845771,0.07166174234992853,0.06984906023385234,0.3271965277941662,0.15470932383747577
Bulk 132,0.48205329781464695,0.08448510282736053,0.0004886412556900582,0.1730585688381221,0.2599143892641804
Bulk 133,0.4351484320265256,0.07347995396947984,0.28087778677191955,0.11292988174066625,0.09756394549140879
Bulk 134,0.4539372844445677,0.05608529227564519,0.00814946721387268,0.29701170519090064,0.18481625087501377
Bulk 135,0.31304921575522354,0.170289025230993,0.04299779037524744,0.2484281784240093,0.22523579021452667
Bulk 136,0.750673739641794,0.0,0.24464055437687213,0.004685705981333894,0.0
Bulk 137,0.4418350649887911,0.08161859141432702,0.0,0.31981001112281343,0.15673633247406835
Bulk 138,0.1817291808607852,0.12549100239360367,0.13862835794114653,0.44626596318444584,0.10788549562001881
Bulk 139,0.2727813432366104,0.11516181602625034,0.22046143970222054,0.21796648935672513,0.17362891167819355
Bulk 140,0.3773628939115035,0.19226808476527246,0.007396306190925565,0.13514345348919607,0.2878292616431025
Bulk 141,0.1387696828982503,0.19864826567953126,0.11832504172570572,0.3034079288325954,0.2408490808639174
Bulk 142,0.47882729790239564,0.0653425970125286,0.2694464879986518,0.016071693275853973,0.1703119238105701
Bulk 143,0.4984137505322301,0.0285369980696173,0.12298618984457378,0.16737856467436094,0.1826844968792179
Bulk 144,0.19012990305393682,0.20382933170509918,0.15014236341202108,0.18367190271089368,0.2722264991180492
Bulk 145,0.42722396771201654,0.10399422885228846,0.11530724177256031,0.08363597447808459,0.2698385871850502
Bulk 146,0.11456901086271995,0.16558919054379642,0.19433768275753802,0.34869583574808544,0.17680828008786023
Bulk 147,0.2834941989690289,0.14404817312272397,0.0,0.4018578821964656,0.17059974571178166
Bulk 148,0.5387030979521373,0.026486186818591433,0.0,0.20857385539405085,0.22623685983522046
Bulk 149,0.18119210640684325,0.15020412062245805,0.06956798833863548,0.3239786489143086,0.27505713571775464
Bulk 150,0.0011647763237475797,0.19852144927078239,0.10285781523076853,0.37988050178517424,0.31757545738952725
Bulk 151,0.540918384500761,0.038378269442551606,0.0,0.30608497724447664,0.11461836881221053
Bulk 152,0.49287923985256105,0.17930915598041694,0.06811364366310037,0.06779287632726103,0.19190508417666077
Bulk 153,0.5195774647433633,0.10214907274121625,0.0,0.05245006900333135,0.325823393512089
Bulk 154,0.35316724879459355,0.17911550320267153,0.010206426226548083,0.23445439481354677,0.22305642696263997
Bulk 155,0.2984741283596082,0.03808806724565226,0.09359474293296585,0.2924815000022037,0.2773615614595701
Bulk 156,0.36971009135965033,0.10749217083405024,0.22631199128873578,0.20111369117164313,0.09537205534592053
Bulk 157,0.29668131124479086,0.0836245883143379,0.15560081077191,0.257546854211806,0.20654643545715526
Bulk 158,0.2054776519351393,0.11870837366668396,0.16116216983270626,0.3984593607781388,0.11619244378733184
Bulk 159,0.4825306832302871,0.10176662334570394,0.0,0.1487579024695132,0.26694479095449586
Bulk 160,0.3989318299942531,0.20846013095611796,0.004842508381596989,0.13766802132610337,0.2500975093419286
Bulk 161,0.37766768578023624,0.20128699486052956,0.0,0.11582210595820545,0.3052232134010288
Bulk 162,0.3116884407136298,0.15500932766711872,0.0,0.25689221723146644,0.276410014387785
Bulk 163,0.08227302454452694,0.1659846086065974,0.23179992476052774,0.34700436786757555,0.17293807422077231
Bulk 164,0.2853050044662716,0.18343418700484182,0.018782566859599968,0.24383899023643535,0.2686392514328513
Bulk 165,0.45424218112472053,0.0,0.08493271729377969,0.41093796728736026,0.049887134294139435
Bulk 166,0.6591887826713473,0.10464644529388865,0.0,0.0707322921355934,0.16543247989917065
Bulk 167,0.4385866706759066,0.12655316737079816,0.0,0.1987072599964214,0.23615290195687383
Bulk 168,0.1393519626915061,0.10888753644223662,0.17766737032585722,0.5244085968462759,0.04968453369412411
Bulk 169,0.4549418577432839,0.14704463048821886,0.0,0.06528397806516395,0.33272953370333336
Bulk 170,0.076628638393544,0.19495107458956765,0.1659157857576323,0.2162905439345765,0.3462139573246795
Bulk 171,0.4761920884942411,0.056651762464795495,0.041898896437595486,0.29872883049032234,0.12652842211304563
Bulk 172,0.19201577092075345,0.0,0.35700653870282717,0.4133272462489532,0.0376504441274662
Bulk 173,0.2617498546863126,0.18150568186563523,0.2198115427360352,0.16523237884280212,0.17170054186921493
Bulk 174,0.39169265572546547,0.13917843827168555,0.15162551202497976,0.16340480584803607,0.15409858812983313
Bulk 175,0.45161252211512903,0.0,0.20248161789873284,0.24450377128953021,0.10140208869660802
Bulk 176,0.2809006284451938,0.17590147494945083,0.024743507403539887,0.3108270215372136,0.20762736766460188
Bulk 177,0.2463386591802636,0.06988121441371786,0.2850229669550976,0.3812565858916082,0.017500573559312654
Bulk 178,0.47799178192211095,0.0,0.037324409531692124,0.3493614944216748,0.135322314124522
Bulk 179,0.16217247420289518,0.0,0.23254023776446636,0.4537115264120076,0.15157576162063083
Bulk 180,0.29465582351529074,0.19786125907657162,0.00859314077211192,0.23432634347655318,0.2645634331594726
Bulk 181,0.5318951893984463,0.06810379038682211,0.0,0.0949089730885404,0.3050920471261912
Bulk 182,0.26669500250834377,0.20398515484878943,0.0942489452532143,0.251167706135497,0.18390319125415558
Bulk 183,0.24932329008744253,0.2740623461666485,0.0,0.25603595790857747,0.2205784058373315
Bulk 184,0.28577955568671526,0.059216270275220355,0.10402985944731606,0.41401618545791713,0.13695812913283123
Bulk 185,0.15895359865992942,0.17916001162821674,0.1419975968269161,0.24293118398930147,0.2769576088956363
Bulk 186,0.3029218844439289,0.12943420857927546,0.11756506196671503,0.28552488763698486,0.16455395737309586
Bulk 187,0.33632943600415927,0.1550850655084416,0.11525745767783367,0.12992259862358,0.26340544218598544
Bulk 188,0.4667559945392935,0.0,0.21245686671039887,0.2863763458454606,0.03441079290484705
Bulk 189,0.3822930263200052,0.1704551142316304,0.06702487578540432,0.3014594032666978,0.07876758039626221
Bulk 190,0.31089579913280935,0.08317193545827398,0.20416576639678047,0.2692201619618981,0.132546337050238
Bulk 191,0.24611433021200893,0.14249628245703277,0.040096524489637346,0.2629949689084299,0.3082978939328911
Bulk 192,0.35863387902371563,0.2298183699795309,0.034868881519907136,0.16505689624298062,0.21162197323386572
Bulk 193,0.8678736988653848,0.0,0.0,0.0,0.13212630113461532
Bulk 194,0.7836733207426128,0.008510128490745532,0.0,0.05136451485985523,0.15645203590678647
Bulk 195,0.1563664893842772,0.19032340236676057,0.0,0.31361407024228005,0.3396960380066821
Bulk 196,0.24173080269714903,0.21830505872307912,0.1949225605951083,0.0860614351354354,0.2589801428492282
Bulk 197,0.18780404425834574,0.21486626571034592,0.05786985504258177,0.2932130716069938,0.24624676338173274
Bulk 198,0.7484227657471986,0.04984303942016676,0.0,0.0,0.20173419483263458
Bulk 199,0.5912256810936592,0.08196856099538576,0.0,0.0625759519957908,0.26422980591516415
Bulk 200,0.041417107343868165,0.15188801093190984,0.26984457455223104,0.36138820759535684,0.1754620995766341
Bulk 201,0.1312475170892654,0.20101517771962849,0.0845800835397952,0.2895158339247464,0.29364138772656456
Bulk 202,0.5009537123662006,0.11541836346764732,0.0,0.18137538610175483,0.2022525380643973
Bulk 203,0.46218622624079164,0.17595088232612477,0.04333360774850189,0.08662619146539287,0.2319030922191887
Bulk 204,0.47361640625268575,0.15496510536290448,0.16888315648785188,0.04728408594130048,0.15525124595525736
Bulk 205,0.49697553087450846,0.07666756798865156,0.2527263413557046,0.014982292132323745,0.15864826764881176
Bulk 206,0.6998189388013633,0.017107527713968083,0.0,0.0,0.28307353348466857
Bulk 207,0.3857002850202169,0.12477117131675322,0.12922484130169737,0.018737811556075554,0.34156589080525696
Bulk 208,0.34468973172212175,0.08376606865095153,0.16143114135147354,0.26906505904981226,0.1410479992256409
Bulk 209,0.674800952026626,0.04905520638500582,0.0,0.15712027760467162,0.11902356398369636
Bulk 210,0.5625111132867108,0.08690980264366757,0.0,0.06918447872064665,0.28139460534897515
Bulk 211,0.0,0.25138357791904786,0.08026867003420105,0.345984497756746,0.32236325429000506
Bulk 212,0.6257686816850935,0.14866470919379032,0.10563518704527376,0.0359768709554633,0.08395455112037908
Bulk 213,0.3031914992514599,0.13360468011670967,0.20196456479683453,0.23383308134445221,0.12740617449054364
Bulk 214,0.29545136924646503,0.20049920969672358,0.15751807313538993,0.17404024515213518,0.17249110276928617
Bulk 215,0.3526430000977465,0.12594641000270265,0.0,0.27958935325813133,0.24182123664141955
Bulk 216,0.1423645420151104,0.21137520484733283,0.017451200088581732,0.20735106111374704,0.4214579919352281
Bulk 217,0.32341653642229573,0.12139730973750856,0.0,0.38852588770707414,0.16666026613312165
Bulk 218,0.22719551103277133,0.14295372277121013,0.21210007720029822,0.2969660613674975,0.12078462762822284
Bulk 219,0.552995625918148,0.15131344667803243,0.0,0.0,0.2956909274038197
Bulk 220,0.16888868483393152,0.22446242912919712,0.21097007346905797,0.287055903620503,0.10862290894731039
Bulk 221,0.04266989446482718,0.1963318822959079,0.17659443193349558,0.33355008451917467,0.2508537067865947
Bulk 222,0.13979832093873248,0.10812135750814209,0.14666554448601363,0.34071954554369877,0.26469523152341307
Bulk 223,0.008248293691497311,0.2396132156048031,0.25422345274156904,0.24767367363233217,0.25024136432979843
Bulk 224,0.8264351387100354,0.0,0.0,0.0,0.17356486128996454
Bulk 225,0.5743725039537865,0.13151599023328867,0.1298060415002234,0.0,0.16430546431270157
Bulk 226,0.45309412072578015,0.15257649083302927,0.0,0.24736771980002684,0.14696166864116378
Bulk 227,0.06238532478748016,0.21163484681383488,0.1297360973649838,0.287734092014207,0.30850963901949413
Bulk 228,0.45750432838897676,0.12867158632648396,0.08426540796469531,0.11549847922132059,0.2140601980985234
Bulk 229,0.5967776703323829,0.09631473054875309,0.021047064537488933,0.20247316422495826,0.08338737035641668
Bulk 230,0.12859866280657664,0.015089184502823655,0.13844854939538268,0.44699784350139127,0.2708657597938258
Bulk 231,0.2570927727135003,0.19780950790619783,0.05069017464152355,0.27934493452515863,0.2150626102136198
Bulk 232,0.04563677011509616,0.22696799893047462,0.060701596162956735,0.4150867477451092,0.2516068870463632
Bulk 233,0.21484623192579766,0.24781687379908157,0.0,0.27465773676463895,0.26267915751048176
Bulk 234,0.49848962577923034,0.0887546144737857,0.07211345878175346,0.1477955204729508,0.19284678049227974
Bulk 235,0.3993036296890215,0.09509814795577336,0.07083641872904742,0.18797702190952395,0.24678478171663382
Bulk 236,0.24383755881821279,0.0,0.11365304785067316,0.6107238745877116,0.031785518743402304
Bulk 237,0.26922372765460206,0.1834092182963728,0.14269393709321437,0.20237870634492855,0.20229441061088224
Bulk 238,0.20100427066022292,0.20774692223381747,0.0,0.15469712537342084,0.4365516817325388
Bulk 239,0.09992665999615577,0.1989062563104943,0.12092205877936722,0.4398921848009118,0.14035284011307078
Bulk 240,0.35702251399454255,0.2065148642396265,0.0,0.2228512807914852,0.21361134097434561
Bulk 241,0.330646001059255,0.09755898732631711,0.1071641303576192,0.44236267145050634,0.022268209806302532
Bulk 242,0.7212568034808401,0.06150587831271932,0.0,0.0,0.21723731820644065
Bulk 243,0.22637896561233023,0.19395240424621382,0.080403907625576,0.1766038814025912,0.32266084111328863
Bulk 244,0.526778876519773,0.15388195405404673,0.06705469272561627,0.06339311958532358,0.18889135711524063
Bulk 245,1.0,0.0,0.0,0.0,0.0
Bulk 246,0.5391655467408818,0.0765735483853434,0.014946468343037516,0.32801902747422734,0.04129540905650995
Bulk 247,0.4312271009992661,0.11458820522778637,0.034986398303224545,0.20688636145249908,0.212311934017224
Bulk 248,0.38462251114972557,0.1382165707441806,0.14202156192247375,0.1693552726739311,0.16578408350968896
Bulk 249,0.7053758062776158,0.007007641180865316,0.05100867625658285,0.13246353847170436,0.10414433781323168
Bulk 250,0.6504618956844126,0.06729026878258385,0.10026655380364025,0.11889657532085801,0.06308470640850522
Bulk 251,0.3682275214505204,0.09212657085003371,0.08208818256528466,0.3936223057192318,0.06393541941492942
Bulk 252,0.2201859361596304,0.20714891060711108,0.005430507672927668,0.24117631127641334,0.3260583342839175
Bulk 253,0.37129652569123556,0.17207374057261002,0.15053415112957874,0.2069697599470997,0.09912582265947595
Bulk 254,0.6748053066995194,0.0020876373289567783,0.0,0.10470245047564689,0.2184046054958769
Bulk 255,0.1865624421021935,0.3015142132544707,0.0,0.20964439761008533,0.3022789470332505
Bulk 256,0.03317726727235912,0.25878628376245427,0.1430351730304626,0.2886066963745511,0.2763945795601729
Bulk 257,0.14179979134426138,0.35183632045561786,0.005488069279730957,0.19610541598211687,0.30477040293827296
Bulk 258,0.6954424238546442,0.06125963237173368,0.0,0.0,0.24329794377362218
Bulk 259,0.44728971680645807,0.17874400168579843,0.04767160210136552,0.12167714385546395,0.20461753555091403
Bulk 260,0.12009555203698569,0.10148108748686192,0.05092882224761752,0.5276840801537109,0.19981045807482406
Bulk 261,0.13051967461325586,0.21111717686900747,0.13672824192935146,0.3370890974099566,0.18454580917842858
Bulk 262,0.19995820781858925,0.2453431322355561,0.012757692009168868,0.22300748516550659,0.3189334827711792
Bulk 263,0.4037942490094788,0.13395379538777227,0.047305671358704435,0.2318625391972029,0.18308374504684166
Bulk 264,0.2772254687760948,0.11967124867378347,0.0,0.3081999279251839,0.294903354624938
Bulk 265,0.05525242626344212,0.21877245463344974,0.0,0.39615324600095,0.3298218731021582
Bulk 266,0.37122183839071254,0.10054986499436896,0.06273362396684226,0.2505184311960056,0.21497624145207053
Bulk 267,0.1567669340274141,0.1778753294374528,0.11682050018844137,0.3577847025955858,0.19075253375110598
Bulk 268,0.2620898120314814,0.16663278436068335,0.0,0.3534631601498023,0.217814243458033
Bulk 269,0.5040704195089107,0.1487893020243381,0.0648080824607557,0.19227670346796796,0.0900554925380275
Bulk 270,0.43157337946519375,0.14915071511370334,0.0397920991017808,0.10920231223908118,0.27028149408024094
Bulk 271,0.15912476407066412,0.2123469071637986,0.01600667844633904,0.3591370467226597,0.2533846035965386
Bulk 272,0.643414346029454,0.08950869242764523,0.0,0.008689850759911926,0.25838711078298887
Bulk 273,0.3282004786353316,0.18232632193247134,0.0,0.2557850340520731,0.2336881653801241
Bulk 274,0.253594957895781,0.1745849345602189,0.09103436640906679,0.3291828283080475,0.15160291282688582
Bulk 275,0.03460274458283936,0.2699006660831617,0.06922326650917844,0.30906164912930323,0.3172116736955172
Bulk 276,0.35630931819064443,0.13430773719154374,0.03712360583078004,0.2429903021161993,0.22926903667083234
Bulk 277,0.2012533403937218,0.21064358123086935,0.20563030605352375,0.36230829389409563,0.02016447842778936
Bulk 278,0.2855826859752053,0.1974590952297703,0.019276688081514132,0.3275974135413784,0.17008411717213193
Bulk 279,0.25560821012541135,0.17697831888836038,0.052172103772044676,0.35076892032264995,0.16447244689153362
Bulk 280,0.21529566626109792,0.1833305489093638,0.3108432698484677,0.15815205204947755,0.1323784629315932
Bulk 281,0.5052229324658808,0.12355354587460106,0.11203319631522166,0.0,0.2591903253442964
Bulk 282,0.5662469417497661,0.07678070672917595,0.02408559128015143,0.1839714942598713,0.14891526598103522
Bulk 283,0.42710953645046823,0.14005147772101412,0.0537168751026519,0.19133561481738445,0.1877864959084813
Bulk 284,0.8654763883319578,0.0,0.0,0.0,0.13452361166804225
Bulk 285,0.26083609764527416,0.16812148271059946,0.12723247612810093,0.19119203239650626,0.2526179111195192
Bulk 286,0.16362878848833706,0.20815376461405266,0.1352642566919359,0.29691129255379434,0.19604189765188001
Bulk 287,0.06726346351316397,0.16464448938121937,0.03132189094123644,0.4099497342397472,0.32682042192463306
Bulk 288,0.28898474374416455,0.14424377032409255,0.11113158277038446,0.20858187221945448,0.24705803094190396
Bulk 289,0.6515637355060825,0.10076778875667876,0.0,0.0,0.24766847573723885
Bulk 290,0.08982183146092011,0.28290293361713004,0.12899055185050196,0.16765379043620737,0.3306308926352404
Bulk 291,0.18958872064376645,0.25708184959346747,0.09668303979555437,0.20269173471818816,0.2539546552490234
Bulk 292,0.38791224904645333,0.2338331194789683,0.022452829532027544,0.09027666120548922,0.2655251407370616
Bulk 293,0.27538664072761343,0.1676558321624905,0.08524364408031508,0.2030290398580107,0.26868484317157043
Bulk 294,0.4176800105414814,0.14644251888416296,0.1836973499432812,0.028904566684575556,0.22327555394649878
Bulk 295,0.415461515089481,0.24309461839914145,0.09596809795522172,0.07566779370689589,0.16980797484926005
Bulk 296,0.8020566931415888,0.0,0.0,0.0,0.19794330685841133
Bulk 297,0.8279425713764166,0.0,0.0,0.0,0.17205742862358342
Bulk 298,0.1934670753560886,0.20843278936965196,0.0,0.32935165227353347,0.268748483000726
Bulk 299,0.48585343777661716,0.18117493399487175,0.05138519420448463,0.016059784430796375,0.26552664959323025
Bulk 300,0.40389449996646926,0.00928348699841644,0.0,0.49803373489162334,0.08878827814349102
Bulk 301,0.0,0.2595925063650855,0.06567782213363942,0.2067599475165999,0.4679697239846752
Bulk 302,0.019333815713177386,0.23747893455744273,0.07720838942090158,0.39251469270748945,0.27346416760098885
Bulk 303,0.36289119967621936,0.17225210589396459,0.0,0.2088231179692996,0.2560335764605164
Bulk 304,0.15525051610403406,0.30595547456423594,0.09057462665912197,0.0814912064579135,0.36672817621469445
Bulk 305,0.6969150952344451,0.06588999734083949,0.05261567048761792,0.019702005529688933,0.16487723140740854
Bulk 306,0.5501005705959382,0.18702841190536545,0.0,0.0021227732939540556,0.2607482442047422
Bulk 307,0.5552343577117812,0.1425652673706478,0.0,0.15866456999884354,0.14353580491872747
Bulk 308,0.4514959406893526,0.08886935055316321,0.10146381549888235,0.04257144182235702,0.31559945143624474
Bulk 309,0.45188323508264516,0.16707828030725427,0.0,0.1181485367457645,0.2628899478643362
Bulk 310,0.33967136797536496,0.1632155322000644,0.0,0.20836373217568047,0.2887493676488902
Bulk 311,0.3708541099497029,0.1929627911544281,0.06115878421018815,0.1597510508880949,0.21527326379758582
Bulk 312,0.5855517164257368,0.09251114005256643,0.0,0.04127993528332773,0.2806572082383691
Bulk 313,0.35174123839062665,0.15691187012383598,0.0,0.15449190481303826,0.33685498667249925
Bulk 314,0.7913996966169153,0.10421139485098928,0.0,0.017968874647471763,0.08642003388462371
Bulk 315,0.3330203210269648,0.1745229835754586,0.10559496717844082,0.10973327688363467,0.277128451335501
Bulk 316,0.32032104276816076,0.21518549144012133,0.23432800163744874,0.10786997123616182,0.12229549291810746
Bulk 317,0.46544939239093863,0.12997789164308704,0.0,0.16779531595847028,0.23677740000750422
Bulk 318,0.4682993643246863,0.12538878208834614,0.2172957803400563,0.08166706262003727,0.10734901062687413
Bulk 319,0.16511161725950713,0.23628730240289506,0.0,0.33726302419434084,0.2613380561432569
Bulk 320,0.29810261982851566,0.20828858597363237,0.0737112962734847,0.14103637962459167,0.2788611182997757
Bulk 321,0.4928389465946622,0.11805369307198055,0.0,0.0712617629217604,0.31784559741159674
Bulk 322,0.6322299475485398,0.0,0.0,0.2927679695563398,0.07500208289512043
Bulk 323,0.3349227019660199,0.23516311440720053,0.09235695399900393,0.08371173129685698,0.2538454983309185
Bulk 324,0.3127385894011674,0.18140712465337178,0.10716937733438228,0.12578242125483566,0.27290248735624284
Bulk 325,0.39442007968119314,0.22045405667087217,0.08717432876611565,0.0,0.2979515348818191
Bulk 326,0.0,0.2293770955331831,0.22853219937623429,0.2457948900279705,0.29629581506261216
Bulk 327,0.37023890182920044,0.2764105069126718,0.0,0.007574973451844293,0.34577561780628346
Bulk 328,0.2607332068152646,0.19521325435937315,0.14532133215233214,0.1287127032991354,0.27001950337389463
Bulk 329,0.381889674261137,0.16336792299783304,0.0,0.23432981969148334,0.22041258304954672
Bulk 330,0.24613914966274456,0.2819038319866416,0.0,0.14045341017395174,0.3315036081766622
Bulk 331,0.1573940337859951,0.21897448130700414,0.08705495758516305,0.26160292182867717,0.2749736054931605
Bulk 332,0.4251463226830268,0.1402471971591244,0.015531929707150746,0.16494455573879596,0.2541299947119021
Bulk 333,0.6132563424851363,0.17382029474027413,0.0,0.04064347088373952,0.17227989189085005
Bulk 334,0.0,0.06286167879108637,0.06791071849587794,0.6640971149220299,0.2051304877910058
Bulk 335,0.2572463494553578,0.19635938755974774,0.08194589207514236,0.18997393138413413,0.2744744395256179
Bulk 336,0.27628205184825755,0.26026426839249645,0.0,0.15922468452835412,0.3042289952308919
Bulk 337,0.30288731446020817,0.16786088642299335,0.09711847372545161,0.21720002612351208,0.21493329926783472
Bulk 338,0.3861129098227023,0.22582102417722524,0.0,0.1459686355589433,0.24209743044112914
Bulk 339,0.5875957192244982,0.12532729021403163,0.0,0.18937879277961045,0.09769819778185963
Bulk 340,0.22709800494550442,0.0,0.23124630804720567,0.5416556870072899,0.0
Bulk 341,0.1407181446503399,0.1433795255519196,0.23785209546561276,0.2832373130708651,0.19481292126126268
Bulk 342,0.020632718111107395,0.2433951618713545,0.1139780795445568,0.3045999455210375,0.317394094951944
Bulk 343,0.4589139116803177,0.1318185823956233,0.0,0.0,0.409267505924059
Bulk 344,0.5717538158974357,0.08583904129256702,0.06797547764491911,0.03773453465358935,0.23669713051148888
Bulk 345,0.6673265220148795,0.1801953179105844,0.0,0.0,0.15247816007453607
Bulk 346,0.4475566674606142,0.161493204247411,0.0,0.16151824422315092,0.229431884068824
Bulk 347,0.49245318980437003,0.10411363326583688,0.0,0.22426202462439196,0.17917115230540107
Bulk 348,0.6411791635421359,0.05179156591160111,0.0,0.147540443811877,0.15948882673438597
Bulk 349,0.3064896087612557,0.2015399035299492,0.0,0.17213107477785464,0.3198394129309405
Bulk 350,0.11226041311424206,0.32162553459519283,0.0,0.20404520047304792,0.3620688518175172
Bulk 351,0.6429781321563935,0.05738119595786608,0.1998026484920469,0.09983802339369342,0.0
Bulk 352,0.006198243436118116,0.24244795706743877,0.08626534468380112,0.38854346803725387,0.2765449867753881
Bulk 353,0.3157420486389954,0.23831818980346517,0.022119827890874414,0.23278828044440858,0.19103165322225632
Bulk 354,0.5289388604059196,0.22286374875565113,0.0,0.021393347614410217,0.22680404322401904
Bulk 355,0.24834478260788453,0.15649211546364433,0.20596848277318225,0.2397202053054459,0.14947441384984286
Bulk 356,0.32298173999593355,0.1681250212430016,0.16148406573317123,0.19525849584480937,0.15215067718308406
Bulk 357,0.3863739973713542,0.21316507831281079,0.1777187329997994,0.05831225207452484,0.16442993924151075
Bulk 358,0.49464894758268746,0.13224494523864133,0.0,0.07651499932382222,0.2965911078548488
Bulk 359,0.23488647430606488,0.21715072426387882,0.08283331453923108,0.27117185750270817,0.19395762938811698
Bulk 360,0.5339793861727213,0.08618479162810616,0.0,0.09397835779373721,0.2858574644054353
Bulk 361,0.4571889352344424,0.19601671880939733,0.0,0.033234567184822775,0.3135597787713375
Bulk 362,0.14527176706312037,0.16395984107496786,0.05733359387741802,0.4163677778991112,0.21706702008538267
Bulk 363,0.18975695437951962,0.2377074617175988,0.11034146278103653,0.23596304276772784,0.2262310783541172
Bulk 364,0.12292058740221716,0.19892984338925276,0.0,0.3656494920892877,0.31250007711924227
Bulk 365,0.5415430633254313,0.059141471581505546,0.0,0.15426641067500688,0.2450490544180562
Bulk 366,0.2664728673129376,0.005542507306154283,0.10731279797621777,0.42318801790368377,0.19748380950100658
Bulk 367,0.4900139579959539,0.25542448412791924,0.0,0.05135319066867416,0.20320836720745278
Bulk 368,0.21750368614196836,0.19067219482532966,0.154249780244068,0.0,0.43757433878863394
Bulk 369,0.3623232025665604,0.12923298987549467,0.04796419309614119,0.23783531426176643,0.22264430020003714
Bulk 370,0.3425069519996493,0.16387998522834654,0.0,0.31765723076498553,0.17595583200701848
Bulk 371,0.4351057899034214,0.2201611577793099,0.0,0.0,0.34473305231726864
Bulk 372,0.283372105827353,0.170634992164598,0.0,0.18868584233150426,0.3573070596765448
Bulk 373,0.1559462516580736,0.21095997042146228,0.1037978483041904,0.3270922766998444,0.20220365291642908
Bulk 374,0.6784819335494379,0.09697265963561576,0.0,0.14008013485551518,0.08446527195943115
Bulk 375,0.17934603516180514,0.18592804729188014,0.0,0.3919279197055629,0.24279799784075176
Bulk 376,0.3842422311867774,0.07238789858195438,0.11763379776632168,0.2970312104099926,0.12870486205495382
Bulk 377,0.18346372749081563,0.2171646466146629,0.0,0.37794707821055373,0.22142454768396774
Bulk 378,0.25759646075709336,0.24521380092707803,0.0,0.0227670549352426,0.47442268338058596
Bulk 379,0.163556506484246,0.24599075147544588,0.0981675560659807,0.2568803224038349,0.23540486357049256
Bulk 380,0.6210157803660593,0.08359667905320027,0.01770561154640536,0.03476772905052774,0.24291419998380723
Bulk 381,0.2844995750308103,0.1521769030390893,0.25354107891360106,0.30978244301649926,0.0
Bulk 382,0.5140831520771367,0.16959110188820148,0.0,0.06854807617424065,0.24777766986042113
Bulk 383,0.5006007817904365,0.09066055515706872,0.018397851480513497,0.39034081157198114,0.0
Bulk 384,0.044437117055389865,0.2648286873926341,0.15748485274776597,0.1715438879245087,0.36170545487970146
Bulk 385,0.3449410265755827,0.05769474763612661,0.02906952828972721,0.4274945035650182,0.1408001939335453
Bulk 386,0.3209689082212602,0.13879334114868935,0.2620617075678346,0.02893795688148283,0.24923808618073315
Bulk 387,0.6048127783553506,0.12386868480284628,0.020204099803851745,0.0,0.25111443703795117
Bulk 388,0.3384913551647636,0.37424743355570883,0.00598570209366137,0.06080255636861776,0.2204729528172485
Bulk 389,0.47701967434928527,0.23091096617743423,0.013649754476420596,0.09837106127912189,0.18004854371773793
Bulk 390,0.40511496114099554,0.15822268986921015,0.0,0.17459714033885956,0.2620652086509347
Bulk 391,0.07876285307132061,0.1961730844516985,0.06276601525456459,0.37262806345338134,0.28966998376903497
Bulk 392,0.1709576016148311,0.23896393649980122,0.05332840323726607,0.21960812362784604,0.31714193502025556
Bulk 393,0.10705863301732857,0.2871570892630067,0.0,0.2772079697209868,0.3285763079986779
Bulk 394,0.4846468572728768,0.07326178789705114,0.11929439976963044,0.13414387450373524,0.18865308055670624
Bulk 395,0.3276402972462734,0.25630278758886854,0.07440916571556166,0.0,0.3416477494492964
Bulk 396,0.2615761699811936,0.1660831619170149,0.10534091174536632,0.2225199607861646,0.24447979557026048
Bulk 397,0.3728558215903111,0.10466392669625658,0.203311511286949,0.17264457096316912,0.1465241694633142
Bulk 398,0.8544518275564827,0.017777894070175396,0.0021077480977696908,0.0,0.12566253027557225
Bulk 399,0.45951021966610345,0.13508178592423728,0.12619602172307226,0.12009755879950068,0.15911441388708636
Bulk 400,0.6886761094530321,0.007128546826364159,0.07422565660598326,0.08234843807161626,0.14762124904300408
Bulk 401,0.3365963456455744,0.21235238564014797,0.16858938946099422,0.02058695605168299,0.2618749232016004
Bulk 402,0.3018764320623201,0.12800406889585741,0.1352417109047033,0.125821270550438,0.3090565175866811
