,Ast,End,Mic,Neu,Oli
Bulk 0,0.16465443748910946,0.07635711553984481,0.11024402187957473,0.5061271989270997,0.14261722616437122
Bulk 1,0.19345503999331293,0.16714741452255072,0.23418134226935905,0.2531956910347901,0.1520205121799871
Bulk 2,0.06211026541123667,0.19527782205894112,0.1382055152731775,0.4266941024872273,0.1777122947694176
Bulk 3,0.1173722753559215,0.0,0.24829132836473536,0.5562971035655233,0.07803929271381975
Bulk 4,0.2848270464862935,0.194554688332387,0.014718982458914962,0.40822826058437284,0.09767102213803155
Bulk 5,0.33488549537162987,0.0,0.0,0.6456456144867644,0.019468890141605816
Bulk 6,0.21966680384186424,0.1368915349327888,0.30713782054896577,0.1932379701982133,0.14306587047816788
Bulk 7,0.5694808962481207,0.0,0.0,0.24729408378835044,0.1832250199635288
Bulk 8,0.049389271453089204,0.1761209759674385,0.12001329123077215,0.41022995426259196,0.2442465070861083
Bulk 9,0.62130119024808,0.13538102087601026,0.0,0.0,0.24331778887590982
Bulk 10,0.47445417912224175,0.0,0.09049120047215951,0.4350546204055987,0.0
Bulk 11,0.18439377783234326,0.13735722722881824,0.0743053595933499,0.3352442494550963,0.26869938589039233
Bulk 12,0.22472933399011683,0.1926907137029473,0.08193949440435595,0.2166345993767264,0.2840058585258536
Bulk 13,0.011068462188362396,0.235199634221309,0.0798201815082239,0.3530364305290506,0.3208752915530541
Bulk 14,0.8125660941397964,0.02708729368506246,0.0,0.0,0.1603466121751412
Bulk 15,0.4266367635986046,0.05074888698365632,0.0,0.5226143494177391,0.0
Bulk 16,0.13565313548204305,0.14714370253107004,0.11218733689121593,0.29644796602012946,0.3085678590755415
Bulk 17,0.6661349850540554,0.02678221225045767,0.18713373248911594,0.11372689009240225,0.006222180113968793
Bulk 18,0.362410240143659,0.20266848410111923,0.0,0.1721186100479162,0.26280266570730554
Bulk 19,0.27966909950905067,0.18800352650670968,0.0,0.3498573637728696,0.18247001021136994
Bulk 20,0.051626407074600054,0.2537478658490515,0.024297241942506653,0.4040226315886433,0.26630585354519853
Bulk 21,0.29462513485219,0.04582825520798315,0.18889995758471081,0.2637156605698977,0.20693099178521818
Bulk 22,0.0,0.08582658120269425,0.06751354693136417,0.5444038545688107,0.3022560172971307
Bulk 23,0.09808407835124654,0.18760352962378035,0.10227801803426718,0.36230444354825936,0.2497299304424466
Bulk 24,0.30913904159896605,0.12906543361280695,0.0,0.2892604113649361,0.2725351134232909
Bulk 25,0.24680476762485737,0.2056043212349054,0.0035370901051901874,0.3115643577630731,0.232489463271974
Bulk 26,0.15252959083061068,0.2096791901296806,0.0805562592830126,0.2713696031252077,0.28586535663148843
Bulk 27,0.4686498196063968,0.09948087071216777,0.0,0.2581889258692239,0.17368038381221163
Bulk 28,0.10960382900278126,0.27377380585735256,0.0,0.22278204068147825,0.39384032445838785
Bulk 29,0.3239003574477547,0.17359762175872612,0.09222001764359186,0.13508661473190542,0.2751953884180219
Bulk 30,0.43811780235841913,0.08359995566212304,0.0,0.29049251671756493,0.18778972526189303
Bulk 31,0.5074995537718375,0.15790851032613407,0.0,0.110017495457115,0.22457444044491348
Bulk 32,0.1874712032614877,0.1525917942091073,0.08618953371396358,0.3160072496314978,0.2577402191839435
Bulk 33,0.026462139216755675,0.26406467838054,0.08450310658829008,0.29256388209568696,0.33240619371872726
Bulk 34,0.5478287130053012,0.0,0.0,0.2285269115909083,0.22364437540379034
Bulk 35,0.5730290761748352,0.13439056378060069,0.0018939245620239614,0.0034993236839910833,0.287187111798549
Bulk 36,0.35726954358992524,0.17589565138027155,0.0,0.28024328151577954,0.18659152351402358
Bulk 37,0.37820877602264047,0.04415239024860164,0.1944650917951452,0.3108938126120393,0.07227992932157329
Bulk 38,0.38862586515256514,0.1272872428147987,0.0,0.1968145324103396,0.2872723596222966
Bulk 39,0.0333532959054074,0.18926149980909499,0.08563405579674803,0.46969335953287195,0.22205778895587758
Bulk 40,0.3524084682116027,0.16991953220843953,0.0,0.2846202239175511,0.19305177566240647
Bulk 41,0.5146924452786023,0.11201882091325865,0.0,0.18902571638161572,0.1842630174265234
Bulk 42,0.6989507324361905,0.0,0.0,0.23390598764632461,0.06714327991748485
Bulk 43,0.22006873969587837,0.20905967718437243,0.017584252259165153,0.28672615712888616,0.2665611737316979
Bulk 44,0.2261517325650093,0.09342545728904303,0.08023137887948426,0.4003842814600368,0.1998071498064266
Bulk 45,0.5403618011761633,0.16056853772278018,0.0,0.15703355053552875,0.14203611056552767
Bulk 46,0.6069910135379964,0.06555858806287054,0.09152314589857385,0.18839242926229777,0.04753482323826142
Bulk 47,0.29996865650985655,0.17131618823026154,0.0,0.2150281422217868,0.31368701303809515
Bulk 48,0.4545748715750066,0.13915913872895166,0.0,0.13027383072327864,0.27599215897276297
Bulk 49,0.15753207461287005,0.06280294552504023,0.04173297841485593,0.568392577485004,0.16953942396222976
Bulk 50,0.18421821327495166,0.21517857737259102,0.06840863201110739,0.276641529099438,0.25555304824191194
Bulk 51,0.3250675541003834,0.19206197537060515,0.0,0.20537131339871406,0.27749915713029744
Bulk 52,0.18192854032474753,0.06524418211465031,0.05333401729788234,0.33596138608054504,0.3635318741821747
Bulk 53,0.33263392055226804,0.15126827295856574,0.0,0.3321277479696812,0.18397005851948503
Bulk 54,0.023720935048237638,0.19079745357028094,0.2656900830469595,0.3348579290536759,0.1849335992808462
Bulk 55,0.3884737524150448,0.0,0.06985378822010913,0.4139419326784931,0.1277305266863529
Bulk 56,0.4592423263642979,0.006882345683394722,0.2507039925132829,0.2701260118509012,0.013045323588123235
Bulk 57,0.5942464813274175,0.14061158813932284,0.0,0.1260547043727378,0.13908722616052194
Bulk 58,0.3991426994336172,0.14239414180995963,0.15735417781023048,0.15930729585482611,0.14180168509136648
Bulk 59,0.16052607918725945,0.144145553938788,0.017759772733805263,0.4139144348982079,0.2636541592419394
Bulk 60,0.22048339404529685,0.18138798903096395,0.11957996674303571,0.3730008427699513,0.10554780741075231
Bulk 61,0.3783809441298115,0.0,0.0370321808712978,0.4487861386898802,0.13580073630901052
Bulk 62,0.18741983250755795,0.19380312612674383,0.16294297921285222,0.27019113246681675,0.18564292968602933
Bulk 63,0.6327792735257984,0.01624488900428858,0.0,0.13773226914435133,0.2132435683255616
Bulk 64,0.08250148457247547,0.25694578790113987,0.11620350730436538,0.3003799328183008,0.24396928740371848
Bulk 65,0.45520555660784023,0.20172881105857202,0.0,0.026300147287436664,0.31676548504615115
Bulk 66,0.4159166861411507,0.1683480001811844,0.009048451416317202,0.14903989238142293,0.25764696987992464
Bulk 67,0.2353402552598233,0.10495432619015353,0.009890669479997562,0.3633406544882796,0.286474094581746
Bulk 68,0.2783929292695547,0.15831992876981976,0.0,0.30261801318132314,0.2606691287793024
Bulk 69,0.2317977526492064,0.10186895467908846,0.001523005752935014,0.37348676542597153,0.2913235214927984
Bulk 70,0.019503956170882297,0.20018813037076932,0.10672063190839631,0.3475886576780512,0.3259986238719009
Bulk 71,0.6185542357328474,0.0,0.0,0.3243273305466595,0.057118433720493286
Bulk 72,0.2024140051354403,0.1846026659246549,0.0372959257310047,0.39100926423774574,0.18467813897115443
Bulk 73,0.2690444136132588,0.11893989863199206,0.007493203632662437,0.29873481403986646,0.30578767008222024
Bulk 74,0.39901227547389323,0.06267908063936077,0.07707678858159393,0.23538461572588407,0.22584723957926808
Bulk 75,0.35916110009955027,0.17808121368403676,0.027674788978321815,0.24201438768948105,0.19306850954861016
Bulk 76,0.1880663593449627,0.06823903988212479,0.041990782170373275,0.595752270645834,0.10595154795670514
Bulk 77,0.3462206854860996,0.08326121420355546,0.18647702792879012,0.187441955073736,0.19659911730781868
Bulk 78,0.33227305294804904,0.17800980147767054,0.0,0.2552642713537256,0.23445287422055486
Bulk 79,0.12867804196024724,0.23201261594185,0.1344983235017079,0.2744703293492787,0.23034068924691622
Bulk 80,0.26440744926002085,0.13613755494224086,0.23733644281420296,0.17945413250682307,0.18266442047671227
Bulk 81,0.6405430644674678,0.06289929998822859,0.028410968701672357,0.037906667465831406,0.23023999937679981
Bulk 82,0.6026954570293873,0.09210698238342223,0.12742987235865422,0.0,0.17776768822853634
Bulk 83,0.21547588127718012,0.15330334578352536,0.06251371778311864,0.3389671678622733,0.2297398872939025
Bulk 84,0.15997886958664878,0.16937274161576374,0.0,0.4757579812075688,0.1948904075900187
Bulk 85,0.030568840751507457,0.24431912844211015,0.07365602228221953,0.3070336600257285,0.34442234849843434
Bulk 86,0.2218342424407526,0.16970315676830425,0.022757881962892586,0.3430092999734409,0.24269541885460963
Bulk 87,0.4089128986575172,0.15435997114231806,0.11874947839206139,0.10284329757686232,0.2151343542312411
Bulk 88,0.0807508045850438,0.17276172600280584,0.07253816507215599,0.49595225223687966,0.17799705210311473
Bulk 89,0.19784205926162143,0.18635012756201993,0.026248886400599192,0.30896072424486076,0.28059820253089857
Bulk 90,0.048833782051647,0.15199387330194147,0.13794011240344412,0.4068040154159944,0.25442821682697303
Bulk 91,0.40189592830163856,0.0,0.12873007928083532,0.3232377952708101,0.146136197146716
Bulk 92,0.39892946920896205,0.16819026973825846,0.040411366972619066,0.15779771596242576,0.23467117811773466
Bulk 93,0.0,0.28019944464378926,0.1561160977868182,0.24740119184063042,0.31628326572876214
Bulk 94,0.1340864433232835,0.17893383575533356,0.08896249366899857,0.35590559173504543,0.24211163551733894
Bulk 95,0.027866478651638292,0.25999906639521253,0.07119297696268129,0.29728262837607516,0.34365884961439264
Bulk 96,0.6055230006062542,0.10927813108879257,0.0,0.051096985659248875,0.23410188264570433
Bulk 97,0.5504158659275167,0.03199446791641235,0.0,0.23952673569810481,0.1780629304579661
Bulk 98,0.43027639878010226,0.0122669711157563,0.3589900828190979,0.1545336010436421,0.043932946241401497
Bulk 99,0.31726158261841914,0.15882592573025822,0.0,0.2953877946388886,0.22852469701243397
Bulk 100,0.015311005710474408,0.32141370956059634,0.001364469518458236,0.35230674212809193,0.309604073082379
Bulk 101,0.24399630471497397,0.1666122248968242,0.14145965730933613,0.3149418029506468,0.13299001012821896
Bulk 102,0.1861208543726808,0.13995202713585247,0.11560058547145587,0.41646387504653387,0.14186265797347689
Bulk 103,0.21950224036979243,0.11229764645187726,0.16868753673934175,0.34543891934951004,0.15407365708947843
Bulk 104,0.34193696703301546,0.20742530582653274,0.0,0.22504157278060805,0.22559615435984368
Bulk 105,0.35122532315954963,0.11937658829807109,0.10792519245358125,0.2832726488608979,0.13820024722790014
Bulk 106,0.3484014199814363,0.15655889223998623,0.0,0.2028352181148028,0.29220446966377467
Bulk 107,0.4760520087752178,0.0,0.2522348291404175,0.26516943340045157,0.006543728683913126
Bulk 108,0.04313998864284308,0.2257789441610896,0.09576784245611408,0.3205385121133845,0.3147747126265688
Bulk 109,0.31161950769007857,0.116823750343011,0.0,0.335840084534929,0.23571665743198147
Bulk 110,0.8986835180000663,0.015703156435824418,0.0,0.08561332556410935,0.0
Bulk 111,0.6420166975257521,0.012452396808391802,0.0,0.34553090566585604,0.0
Bulk 112,0.39821219379991424,0.09387513569156435,0.1261963329352309,0.1911520523854135,0.19056428518787707
Bulk 113,0.4990897179273347,0.059451840033114225,0.0,0.31770963682914893,0.12374880521040206
Bulk 114,0.17643727132515583,0.17567422872014263,0.16297675491168093,0.31701828871235965,0.167893456330661
Bulk 115,0.3041181235012774,0.13975243101267276,0.15328056520157088,0.2136559505292219,0.18919292975525695
Bulk 116,0.30920879976641574,0.20179514156735442,0.0,0.34349854482495584,0.14549751384127396
Bulk 117,0.047635764150783085,0.2176246359731357,0.055059226228023034,0.3846506060539075,0.2950297675941508
Bulk 118,0.2608344278079801,0.12331890849036822,0.33301328515282047,0.20288376765635752,0.07994961089247357
Bulk 119,0.30969102910053764,0.1961595917483201,0.0,0.290098196218139,0.20405118293300334
Bulk 120,0.31433507139908,0.1619916374221777,0.127966161173862,0.19935190141052075,0.19635522859435955
Bulk 121,0.14663605956632314,0.224107471983698,0.09790370295822226,0.23327507486783716,0.29807769062391953
Bulk 122,0.46743898711910503,0.09641062472321729,0.1665001951749705,0.18353576389273857,0.08611442908996854
Bulk 123,0.2071960305955448,0.14869586304631194,0.13945574716883466,0.34364086753516704,0.16101149165414166
Bulk 124,0.6650553310663803,0.08843740045813124,0.22311911744138596,0.0,0.02338815103410259
Bulk 125,0.25155226234874745,0.16084431637144905,0.30340978904181515,0.14353432395386165,0.1406593082841266
Bulk 126,0.17382371853018572,0.1742041554005131,0.038699771955024796,0.4164745531698005,0.19679780094447596
Bulk 127,0.38325189758481515,0.1673910290917171,0.0,0.30679815535880883,0.14255891796465897
Bulk 128,0.5293385927843476,0.07128561640967465,0.0,0.0990525623208622,0.3003232284851155
Bulk 129,0.3333990217861449,0.18106261531815193,0.0,0.17075106179069968,0.31478730110500347
Bulk 130,0.7371979597976035,0.02957937011134633,0.0,0.0,0.2332226700910502
Bulk 131,0.24011047188930473,0.1599938558504628,0.09271008746903775,0.25693241183887855,0.25025317295231614
Bulk 132,0.27066299680046974,0.20982673359753617,0.27032534764233274,0.04865292689936848,0.20053199506029304
Bulk 133,0.48661216304920696,0.09631244447209283,0.2628608074126127,0.00902387120535425,0.14519071386073323
Bulk 134,0.4876521854265577,0.09402191589601021,0.0,0.1553649102187439,0.26296098845868826
Bulk 135,0.1892257889362554,0.12806125470521654,0.04184757686340457,0.4460078887201019,0.19485749077502165
Bulk 136,0.6188273694429254,0.09152456665196453,0.0,0.07094271101866528,0.21870535288644471
Bulk 137,0.5542777597671755,0.03380491581035926,0.10550505691548792,0.13424900669376924,0.17216326081320807
Bulk 138,0.3053786856678831,0.14787704762364842,0.10955600124619498,0.22985141049940327,0.20733685496287013
Bulk 139,0.5738993512038529,0.10054509875792927,0.19688608439237626,0.12866946564584142,0.0
Bulk 140,0.4299972143179281,0.05622269961270984,0.02467802826077357,0.3550277218086379,0.13407433599995078
Bulk 141,0.29007609067520757,0.04061404058674162,0.0336551026947278,0.3701708592281089,0.2654839068152142
Bulk 142,0.7526653862254664,0.0,0.0660068546330187,0.0,0.18132775914151486
Bulk 143,0.3971847595961527,0.19791151455822684,0.033676957367273365,0.17536860549759684,0.1958581629807504
Bulk 144,0.22972168355416123,0.16829347763846525,0.0,0.3486609999907889,0.25332383881658466
Bulk 145,0.3516533349167995,0.1356756630751699,0.18690331239220095,0.10075569260156517,0.22501199701426441
Bulk 146,0.1539565491429699,0.15370531169940613,0.07323815344714771,0.3819808251913953,0.23711916051908075
Bulk 147,0.16160088369250147,0.21597822991178184,0.13665948264847894,0.2469461500761813,0.23881525367105647
Bulk 148,0.47280900540589593,0.016378753497520295,0.17559556170530405,0.2769035919631964,0.05831308742808322
Bulk 149,0.22658486854699794,0.19698453567412894,0.0,0.29309260090533706,0.2833379948735361
Bulk 150,0.04487623806109733,0.20975301055487852,0.12222723970888628,0.39620417801203456,0.22693933366310334
Bulk 151,0.162685022800325,0.20454234899871537,0.12429609917490755,0.3760185984294583,0.13245793059659378
Bulk 152,0.6970225245008842,0.08350653404985908,0.1618349760990474,0.04564875876124619,0.011987206588963165
Bulk 153,0.16333736405449628,0.14567906959446442,0.1478098910840265,0.32412638293727614,0.2190472923297367
Bulk 154,0.4388737156821698,0.147241970108995,0.0,0.16724399756796332,0.24664031664087188
Bulk 155,0.17586316769875007,0.09954116362154074,0.1553730400062525,0.4447125425243908,0.12451008614906592
Bulk 156,0.3808898603375833,0.18292665747381998,0.09591835482954043,0.13764984828724539,0.20261527907181087
Bulk 157,0.08847169420394307,0.22725114753993578,0.14475673847516046,0.3152580053165551,0.2242624144644055
Bulk 158,0.3459181731386112,0.11582742725529319,0.0025057034116786666,0.3492673433027707,0.1864813528916463
Bulk 159,0.21508579683628967,0.2570078034884065,0.010721030222267496,0.2589826740317193,0.25820269542131696
Bulk 160,0.12410967149333077,0.2159827787677767,0.20711635490431196,0.2652264187962848,0.1875647760382958
Bulk 161,0.5889264308182636,0.08605973394321668,0.0,0.128507177791235,0.1965066574472847
Bulk 162,0.26860918801323896,0.09926867953689793,0.04105995118105642,0.33453271939994733,0.25652946186885944
Bulk 163,0.19552488940900975,0.14832897184031527,0.18152934177169874,0.3392015482217197,0.13541524875725647
Bulk 164,0.3703147606202493,0.11104815616543086,0.0,0.2870560139837821,0.2315810692305377
Bulk 165,0.21351552416541397,0.1268283345336325,0.11983163211631954,0.317217916586991,0.222606592597643
Bulk 166,0.4840146208894966,0.08358761757113897,0.06598569848943237,0.3543591317503253,0.012052931299606683
Bulk 167,0.674942445271808,0.019611207726628773,0.0,0.011495024917970244,0.29395132208359287
Bulk 168,0.20835505882898367,0.0,0.38266738362997,0.4089775575410465,0.0
Bulk 169,0.408958769913149,0.19157864744624836,0.09336362133669439,0.034299819337977454,0.2717991419659308
Bulk 170,0.16064208667166496,0.21568178554932005,0.1770262701798997,0.15745080425608643,0.28919905334302887
Bulk 171,0.13217871401561432,0.20253348811252292,0.07820607234869713,0.39898960479431,0.18809212072885553
Bulk 172,0.0,0.2448969327468868,0.16593659974424463,0.2727360171220637,0.3164304503868049
Bulk 173,0.5392491237854964,0.1942307671321405,0.0,0.05588709648711725,0.21063301259524594
Bulk 174,0.4326743220546147,0.05788392757705048,0.2644192027036859,0.14815601716091467,0.09686653050373427
Bulk 175,0.4603819904605458,0.09017121183973079,0.009236484274121558,0.18721412416186206,0.25299618926373985
Bulk 176,0.30775496869095775,0.12849832856229687,0.12396489175375396,0.21723174901368947,0.22255006197930194
Bulk 177,0.2247296123730806,0.1467847727518523,0.13771895544037172,0.35258905648851613,0.13817760294617915
Bulk 178,0.11884959179613491,0.19544933193711495,0.07810066529194716,0.38089324318597917,0.2267071677888238
Bulk 179,0.2289809361902478,0.1771355510991464,0.17381534692322984,0.18001467193982895,0.240053493847547
Bulk 180,0.392401855103,0.10088648024603179,0.0,0.3988214577927057,0.1078902068582625
Bulk 181,0.40657393246051965,0.0,0.0,0.44772127146729623,0.1457047960721841
Bulk 182,0.39382125454957695,0.10441252870104456,0.0,0.28491261081058283,0.21685360593879568
Bulk 183,0.30422697727456277,0.1866247002271022,0.0,0.21477143511876914,0.29437688737956585
Bulk 184,0.4093434707943989,0.028794965932684914,0.07373869559979576,0.2948985785141667,0.1932242891589538
Bulk 185,0.3398672556033596,0.13649698659630796,0.01927188392584891,0.2574846836975005,0.246879190176983
Bulk 186,0.4392688462816358,0.08183075154753247,0.10430882595781586,0.236981879156229,0.13760969705678672
Bulk 187,0.3424260099163287,0.12871119878327605,0.026520727786782737,0.23957761692727284,0.2627644465863396
Bulk 188,0.09057780159634399,0.18504618570346146,0.036586036023944696,0.36542200093762683,0.32236797573862297
Bulk 189,0.6060817441768742,0.0846427726052767,0.0,0.12494259113682035,0.1843328920810288
Bulk 190,0.40369749306411895,0.15566124253893177,0.06706419240243434,0.09943220862380323,0.27414486337071164
Bulk 191,0.4911691595995385,0.10071886729942077,0.06076890508855787,0.09721678068602695,0.2501262873264558
Bulk 192,0.40688589662227004,0.19335620966865957,0.0,0.11251859948430096,0.2872392942247694
Bulk 193,0.8131655202731806,0.009071234179024112,0.0,0.0,0.17776324554779538
Bulk 194,0.47067152723346306,0.060797544095276185,0.1988414627337663,0.1770039614758721,0.09268550446162216
Bulk 195,0.22663448454379662,0.1925569079637824,0.19263012409366867,0.07424825696385146,0.31393022643490076
Bulk 196,0.20610934531821862,0.20106947104760473,0.17130397861793337,0.16653245142827364,0.2549847535879698
Bulk 197,0.2537782277467503,0.21796422041167096,0.19883193570597585,0.08121362989274733,0.2482119862428555
Bulk 198,0.7157931867040846,0.03651908858231988,0.0,0.24768772471359551,0.0
Bulk 199,0.4603928599782425,0.13408194843512064,0.006649363256626187,0.15111468544933146,0.24776114288067913
Bulk 200,0.056168893620428366,0.18224261902393338,0.1673873879064729,0.36475681790793557,0.22944428154122976
Bulk 201,0.2836959533592347,0.13716679561375475,0.07689882605810758,0.42381226327548394,0.0784261616934191
Bulk 202,0.3644222836397872,0.15028089608072456,0.0,0.2077481082836594,0.27754871199582887
Bulk 203,0.4840305881276848,0.1617791495554398,0.0,0.20296620690049239,0.1512240554163831
Bulk 204,0.6550003458088908,0.08197569817462223,0.0,0.012725460617408438,0.2502984953990788
Bulk 205,0.5688567916677169,0.0920864353129668,0.04889213154310978,0.020625440263147946,0.26953920121305863
Bulk 206,0.47259983437674763,0.09854329329523517,0.036101477100972695,0.24887868358667356,0.14387671164037102
Bulk 207,0.21492871018824652,0.2435251632950539,0.0,0.3210329359680393,0.22051319054866023
Bulk 208,0.18794876510661715,0.17261187510423873,0.0,0.2889086843527719,0.3505306754363723
Bulk 209,0.5876849842291452,0.13087466020924213,0.0,0.08605213019655934,0.19538822536505351
Bulk 210,0.59869535438989,0.08106433199068579,0.16361743926641148,0.018892786409967836,0.13773008794304503
Bulk 211,0.017140153702567353,0.2785645214754495,0.09058314162395874,0.2835498442166041,0.33016233898142033
Bulk 212,0.36289277383503404,0.11980595530599375,0.13871456336294538,0.19520440462699762,0.18338230286902918
Bulk 213,0.3979448137892438,0.12047991673356799,0.08760213742637021,0.0869972359083285,0.3069758961424895
Bulk 214,0.64057185643762,0.08567318882442443,0.0,0.013887862283290614,0.2598670924546649
Bulk 215,0.2757262396944447,0.18328985896069033,0.05374169512368569,0.23052275652180318,0.25671944969937605
Bulk 216,0.16087362940686964,0.298697135032509,0.0,0.1823176821930287,0.3581115533675926
Bulk 217,0.31220964890098796,0.21927736534475345,0.0,0.18804643382888525,0.28046655192537323
Bulk 218,0.23267419323128619,0.17107930456902581,0.013474360194550188,0.3891211471055554,0.1936509948995824
Bulk 219,0.5742895375127003,0.13234814118617402,0.0,0.08564322637535482,0.20771909492577087
Bulk 220,0.7163373540085396,0.08229621497412587,0.0,0.0,0.20136643101733462
Bulk 221,0.22824711729897892,0.22209793660205243,0.015590482571417447,0.2714631416318381,0.26260132189571306
Bulk 222,0.19189633092578046,0.15180774704928465,0.10849096697206098,0.3658259428438141,0.18197901220905982
Bulk 223,0.18927464820674053,0.22303489488979436,0.08753097521418081,0.2693703351398736,0.23078914654941055
Bulk 224,0.36658281751246,0.1925433305929252,0.0,0.2093127614327996,0.23156109046181533
Bulk 225,0.8577983102767596,0.006397379138171188,0.0,0.0,0.1358043105850692
Bulk 226,0.3298347853515739,0.1721808765865388,0.0,0.33508439537437307,0.16289994268751423
Bulk 227,0.19540637039486589,0.19125832847137555,0.14023057628528113,0.2619272473004975,0.21117747754797986
Bulk 228,0.5590716406862318,0.08119094200563354,0.0,0.04589530881995114,0.3138421084881834
Bulk 229,0.531523649315775,0.15211344862927959,0.0,0.03213892838345373,0.28422397367149177
Bulk 230,0.03868046190027627,0.2826981462791606,0.08560244569965121,0.2845699763892096,0.3084489697317022
Bulk 231,0.40151804087333226,0.23220506596029566,0.0,0.08398257625427334,0.2822943169120987
Bulk 232,0.12353813954854566,0.11286318600186808,0.08438219353850089,0.5353981419579514,0.1438183389531338
Bulk 233,0.43590944610516746,0.02198114918652641,0.0,0.3939816555421385,0.14812774916616767
Bulk 234,0.23206354067014084,0.24868730420601984,0.039139223454666534,0.1674976157607547,0.31261231590841826
Bulk 235,0.1306962221500499,0.17358213531493805,0.12213729850522304,0.272083728885784,0.30150061514400506
Bulk 236,0.09164159803509417,0.12978270666103625,0.09861000835235466,0.40614039936174334,0.2738252875897717
Bulk 237,0.3537370591010381,0.16982119352978828,0.10409140282205583,0.13552040444594568,0.23682994010117217
Bulk 238,0.4556745550197512,0.12962661357425542,0.0,0.020453025033238214,0.39424580637275514
Bulk 239,0.0,0.18490013839689398,0.19048736520387868,0.4163311102033696,0.2082813861958577
Bulk 240,0.3601460101973028,0.07623501371361899,0.059133374915791966,0.3035793264733938,0.20090627469989256
Bulk 241,0.08244182661935123,0.23519004167354027,0.09278076262385025,0.33267242040796824,0.25691494867529
Bulk 242,0.3265525479223423,0.14104474706936496,0.33531053130458255,0.029930721560484142,0.16716145214322603
Bulk 243,0.47987941926035826,0.209435261668699,0.0,0.01267367931651716,0.2980116397544256
Bulk 244,0.36408775672909344,0.18640571606407566,0.07729408548102974,0.06225473512421698,0.30995770660158406
Bulk 245,0.4725979681487789,0.17466549807989643,0.11297002536882123,0.03971723334121289,0.20004927506129047
Bulk 246,0.3429438490583257,0.25233313677218266,0.0453376577909126,0.04200884466390139,0.3173765117146777
Bulk 247,0.44729761776746446,0.17224593307637423,0.05991722763419493,0.1805576160621503,0.13998160545981622
Bulk 248,0.3358009572127014,0.1637620524104707,0.10823455970454166,0.3025110034569292,0.08969142721535696
Bulk 249,0.646739410553933,0.07284287027022635,0.1081083396923099,0.0,0.17230937948353076
Bulk 250,0.8793921560977043,0.0,0.0,0.0,0.12060784390229576
Bulk 251,0.4200706023802566,0.147586455454177,0.0,0.1814361613755165,0.2509067807900499
Bulk 252,0.3650897315584995,0.20983497480205274,0.0,0.10970861159924893,0.31536668204019885
Bulk 253,0.5348550398029118,0.13251918284162123,0.11105692985527169,0.14292041278257764,0.0786484347176177
Bulk 254,0.3145685897821732,0.13461970200972906,0.1527056270933727,0.16541533601435038,0.2326907451003746
Bulk 255,0.43515801640483687,0.1532816171665474,0.0,0.3102800549236884,0.10128031150492729
Bulk 256,0.1297775338979512,0.20038017826910112,0.07798073755190447,0.42360437457922356,0.1682571757018196
Bulk 257,0.054013279831018335,0.27897661886391045,0.1724022946840928,0.20986713170389945,0.2847406749170789
Bulk 258,0.20164273600810334,0.2158175501284085,0.07918879571878853,0.22880038771484354,0.2745505304298561
Bulk 259,0.502694239011953,0.12382929524908047,0.0,0.08274771385040065,0.2907287518885659
Bulk 260,0.00038886770221728344,0.18322160896911996,0.14703113735477533,0.38620861605521895,0.2831497699186685
Bulk 261,0.27891747961159113,0.15796342998305668,0.15163393864046404,0.15300330217309732,0.25848184959179094
Bulk 262,0.19964917861581,0.1669328042556443,0.03921992543442373,0.2699685134378906,0.32422957825623144
Bulk 263,0.6010929912366417,0.06417835724560342,0.0,0.07948184939869637,0.2552468021190586
Bulk 264,0.32031466851551677,0.00279283037476918,0.07718179849406037,0.4434210578099778,0.1562896448056759
Bulk 265,0.11679224599290948,0.26501504444172747,0.0,0.2930680203120052,0.32512468925335786
Bulk 266,0.14214925372765644,0.14478084748383852,0.23824846150706427,0.2739900313789945,0.20083140590244625
Bulk 267,0.193141686609942,0.18210176926965194,0.04899252965398411,0.34620440288578563,0.22955961158063637
Bulk 268,0.26845748435280353,0.23603816383583387,0.019350132066864225,0.24119719273799786,0.2349570270065005
Bulk 269,0.5274792744835857,0.16948889757273058,0.0,0.02550805075605924,0.2775237771876246
Bulk 270,0.5701048687457566,0.0823394108220747,0.0,0.0,0.3475557204321686
Bulk 271,0.0,0.15662591517559663,0.005703634434747227,0.45202886402260734,0.38564158636704887
Bulk 272,0.46270026692396826,0.20347751500380282,0.0,0.08426026341887062,0.2495619546533582
Bulk 273,0.3793267721927108,0.20210489901477577,0.0,0.14782502191605743,0.270743306876456
Bulk 274,0.30264935416687566,0.14805530218117227,0.0416611072364351,0.21552306214754455,0.2921111742679725
Bulk 275,0.3524529982687008,0.009004129973586098,0.09981691678332277,0.31119937667556374,0.22752657829882658
Bulk 276,0.12250391720433974,0.22473645659508884,0.06702591088068267,0.3246509673249305,0.26108274799495834
Bulk 277,0.9019655408860602,0.03014549921406765,0.0,0.004487390931662254,0.06340156896820989
Bulk 278,0.07089113037062741,0.19517369655085512,0.18051048113263884,0.3209199636727485,0.23250472827313
Bulk 279,0.11246375709847646,0.18618104919770395,0.07766334029894979,0.37252980722962775,0.25116204617524207
Bulk 280,0.6428339408483348,0.02106565343718405,0.0,0.2312299927501696,0.10487041296431152
Bulk 281,0.8099547314928782,0.028241408617464814,0.0,0.0,0.16180385988965695
Bulk 282,0.5515951101616249,0.16697505411710256,0.0,0.15286565700407376,0.12856417871719883
Bulk 283,0.3343620012111928,0.19849927675257675,0.09427615777181293,0.10559315559552031,0.26726940866889715
Bulk 284,0.36977046471095104,0.13595078684588832,0.28524724666270745,0.20903150178045335,0.0
Bulk 285,0.3084685006384337,0.2731066144251021,0.024906064798537454,0.0,0.3935188201379269
Bulk 286,0.17657491190855382,0.12822365720975346,0.3972702997356381,0.23492179583558342,0.06300933531047112
Bulk 287,0.12283043537429326,0.21401862735149804,0.06230997731855028,0.22316294199039324,0.3776780179652651
Bulk 288,0.3979719664895235,0.17488175223856106,0.0,0.10213067256823227,0.3250156087036832
Bulk 289,0.665514244538497,0.10771632684965055,0.0,0.0,0.2267694286118524
Bulk 290,0.10879502310674931,0.29878146379459675,0.0,0.321228899962013,0.2711946131366411
Bulk 291,0.46840772448601936,0.07732286375785795,0.19317495670370005,0.18400448523547513,0.07708996981694752
Bulk 292,0.37327909467653,0.14223912079180778,0.0,0.17199170971383748,0.31249007481782476
Bulk 293,0.31179313471116726,0.13945736732944158,0.025624919621397537,0.33960952413930123,0.18351505419869243
Bulk 294,0.30752105810952834,0.25809076628365496,0.0,0.11444810963347656,0.31994006597334007
Bulk 295,0.7473768462079463,0.06933581504861425,0.0,0.0,0.18328733874343942
Bulk 296,0.6204694774839534,0.13730184983891836,0.0,0.0,0.24222867267712822
Bulk 297,0.6754520510144286,0.12236189747610551,0.0,0.14923561467361768,0.05295043683584825
Bulk 298,0.2899846102153263,0.24096068059146436,0.0,0.1890310810230108,0.28002362817019844
Bulk 299,0.3725080824375727,0.19419079108594678,0.0990905572224639,0.17416953799034862,0.16004103126366795
Bulk 300,0.42723619042340133,0.010276307904725366,0.0,0.5624875016718733,0.0
Bulk 301,0.09549889987618033,0.16944170082065008,0.0,0.3728075864510597,0.36225181285210994
Bulk 302,0.1849333422617008,0.1855343995859505,0.0,0.33238783133720273,0.29714442681514597
Bulk 303,0.13684291555798608,0.1720271633151709,0.08729874473716778,0.3531469072885803,0.250684269101095
Bulk 304,0.44150575500092276,0.21281598009921773,0.0786725957198141,0.16495818100244342,0.10204748817760197
Bulk 305,0.30244054665835796,0.16729487129925963,0.10949024508065976,0.10983162845551363,0.3109427085062089
Bulk 306,0.7988090603840775,0.09967490725409187,0.0,0.0,0.10151603236183071
Bulk 307,0.3860963719757083,0.10123662769345382,0.16058505254283345,0.1498654457907775,0.202216501997227
Bulk 308,0.07535007595924227,0.28242294455162337,0.07851255318006725,0.2766697866926461,0.287044639616421
Bulk 309,0.3027483021147406,0.22880882102646327,0.06585566762568673,0.07262886395392656,0.3299583452791828
Bulk 310,0.5971066383735558,0.11573989624264884,0.06024702497966054,0.22690644040413485,0.0
Bulk 311,0.2971628876672653,0.19017959602074488,0.18718465809711826,0.21939618354179838,0.10607667467307318
Bulk 312,0.3117445639566887,0.13473434012172983,0.18045478864234007,0.23260916371930007,0.14045714355994138
Bulk 313,0.130559956346243,0.2477676239187739,0.06764931392708898,0.27975673846765914,0.27426636734023485
Bulk 314,0.22696786823639006,0.25425204468297063,0.07436814966406662,0.2524386330540939,0.1919733043624788
Bulk 315,0.16264128256372656,0.17616296399059628,0.1880347027687008,0.3907394339397596,0.08242161673721678
Bulk 316,0.1849559904562099,0.24449693696396016,0.11538992543856776,0.21274419447801463,0.24241295266324753
Bulk 317,0.4572008825712431,0.21128029083873,0.0,0.05202321263196311,0.2794956139580638
Bulk 318,0.611266937361232,0.2319332023810735,0.0,0.0,0.1567998602576945
Bulk 319,0.3860794176710834,0.23032078321676636,0.03303341177622938,0.12475794982179422,0.22580843751412658
Bulk 320,0.7331387731179746,0.0560730820082181,0.0,0.0,0.21078814487380723
Bulk 321,0.24380997717317499,0.27631451992233014,0.10331172311433703,0.06764254948142658,0.30892123030873125
Bulk 322,0.37144325777468373,0.1598220291534441,0.0,0.21793524155684735,0.25079947151502474
Bulk 323,0.5344223888784632,0.21532573452906706,0.0,0.09546993658794074,0.15478194000452902
Bulk 324,0.2882686229764154,0.22100040321985487,0.15355486894491185,0.051955383040113295,0.28522072181870445
Bulk 325,0.2799671299884829,0.1955714398461068,0.15836314301822582,0.16232651177461338,0.20377177537257127
Bulk 326,0.0,0.19650345264979277,0.3178844715592007,0.21217083806929593,0.27344123772171064
Bulk 327,0.4237801744097782,0.01772049126368739,0.1345312220613148,0.1525420390389024,0.2714260732263172
Bulk 328,0.3552185295688804,0.15566596663534196,0.16632480392530838,0.09297329164233437,0.22981740822813504
Bulk 329,0.3064528865975439,0.24032840146220255,0.1982391583412527,0.0016561718872275734,0.25332338171177327
Bulk 330,0.38195008868477465,0.2548917010211231,0.008764647034219126,0.0,0.3543935632598831
Bulk 331,0.4211879272255233,0.18079407102120013,0.0,0.11208909579039962,0.285928905962877
Bulk 332,0.3407118954172098,0.16400639615022683,0.02250266745434775,0.1962041809245669,0.2765748600536487
Bulk 333,0.5508558133806987,0.1372063931266521,0.0,0.031179808336559395,0.28075798515608985
Bulk 334,0.10095498907023855,0.08558179106662904,0.05727172609421119,0.7163491821178807,0.03984231165104053
Bulk 335,0.5570197029551612,0.09183133492690333,0.0,0.04383184438429513,0.3073171177336403
Bulk 336,0.5290555406085107,0.0992460238178456,0.0,0.0,0.3716984355736436
Bulk 337,0.31992931545831454,0.025588594924368026,0.026209249747587336,0.4310507273018088,0.19722211256792116
Bulk 338,0.3234216256349481,0.12564242501051728,0.0,0.27158157530568977,0.2793543740488447
Bulk 339,0.8529315877295499,0.021683675829389473,0.015052797686357651,0.0,0.11033193875470276
Bulk 340,0.5564782496121472,0.0,0.03261970884168664,0.3622155035889573,0.04868653795720894
Bulk 341,0.2933428683636444,0.13641083954232597,0.26619247397926954,0.2193474204263871,0.08470639768837294
Bulk 342,0.15261532799665467,0.0,0.1728759226982183,0.6005026620810151,0.07400608722411198
Bulk 343,0.28053696594107136,0.14722226143248093,0.0,0.4314916208041922,0.1407491518222556
Bulk 344,0.4752716697903889,0.07733907811449389,0.0,0.11634374023490968,0.3310455118602076
Bulk 345,0.7443919064947332,0.12786313939801192,0.0,0.0,0.1277449541072549
Bulk 346,0.30826669738391854,0.021169506518389627,0.1707181977026138,0.39783034858186345,0.1020152498132146
Bulk 347,0.32570447304259875,0.197800257139301,0.0,0.14422834356489317,0.332266926253207
Bulk 348,0.2563516852036171,0.1351204484623103,0.2211958077582344,0.15972405135372342,0.2276080072221146
Bulk 349,0.27841947976826303,0.2506033951412899,0.039745690590987794,0.20930366696380653,0.22192776753565277
Bulk 350,0.3102888976315213,0.24024501405061272,0.0,0.08585118594161516,0.3636149023762509
Bulk 351,0.7678658391870506,0.0,0.14050917953377193,0.0,0.09162498127917729
Bulk 352,0.0,0.23546436478580157,0.13040213302460904,0.37248609393339593,0.26164740825619354
Bulk 353,0.38327798355535203,0.22188199510382905,0.05067964519857765,0.07319005666689288,0.2709703194753484
Bulk 354,0.792813222369039,0.002910600649272072,0.0,0.0,0.20427617698168898
Bulk 355,0.5335379174467393,0.08035259128273832,0.0,0.20678158135405494,0.17932790991646744
Bulk 356,0.27768856577457407,0.18448501987206473,0.016708417535975822,0.25834859877625577,0.26276939804112964
Bulk 357,0.22576941589518143,0.17741586819231558,0.1491646138543973,0.24639431131291456,0.20125579074519123
Bulk 358,0.5677335856645012,0.04842583820921888,0.0,0.10495448942544926,0.27888608670083065
Bulk 359,0.183046690349539,0.22592172817327438,0.16924937910237675,0.28020138245673243,0.1415808199180775
Bulk 360,0.6182408803543954,0.014907539804969122,0.0,0.12091339550188807,0.24593818433874734
Bulk 361,0.5693262815683338,0.18392644801302624,0.0,0.0,0.24674727041863997
Bulk 362,0.3034157476554004,0.0904595917327712,0.09235321941237831,0.43342730450274164,0.08034413669670842
Bulk 363,0.12918835816723204,0.19930694563071225,0.028536504692718973,0.2359829125604849,0.4069852789488518
Bulk 364,0.24870986662798092,0.23882841226130405,0.015376082747878257,0.18988232267612312,0.30720331568671366
Bulk 365,0.10009425059632197,0.25201306116315286,0.05988497588342294,0.26360949663654404,0.3243982157205581
Bulk 366,0.029422268383233387,0.17423534725149473,0.15451558766755225,0.3266252826961078,0.3152015140016117
Bulk 367,0.5609707602699386,0.0,0.011850351145684812,0.3603983014526878,0.06678058713168881
Bulk 368,0.24548105868599068,0.20413141621049127,0.0,0.17721372480387976,0.37317380029963815
Bulk 369,0.5551479018085643,0.12139242990273545,0.10942727933835059,0.1619580296304818,0.05207435931986801
Bulk 370,0.3174764713312256,0.18231701636369363,0.04496117975623348,0.18411386956501472,0.2711314629838325
Bulk 371,0.14200957057219982,0.2655132478214028,0.1556628920901859,0.12895168772158055,0.30786260179463093
Bulk 372,0.23117782415505939,0.16018335887579482,3.518111882176285e-05,0.3367751796730509,0.2718284561772731
Bulk 373,0.3076017949938353,0.10028211182060906,0.004077675728846137,0.4505295060366826,0.13750891142002697
Bulk 374,0.45880809912682363,0.08657120553478641,0.151932299359873,0.18042139997437792,0.12226699600413907
Bulk 375,0.05565443474623145,0.2267283794559194,0.10158249388448613,0.2801080594208467,0.33592663249251625
Bulk 376,0.32933755697463607,0.11010740061514228,0.29457580515864534,0.12994629399273055,0.1360329432588457
Bulk 377,0.41833895356446066,0.15768689334772207,0.14661399784471754,0.13072494158677392,0.14663521365632592
Bulk 378,0.13901017252276465,0.31219660649547126,0.05775372840952533,0.09723330131427001,0.39380619125796873
Bulk 379,0.1523403413098481,0.18736851910441096,0.09174419567788945,0.25367827348216715,0.3148686704256844
Bulk 380,0.4534432709150755,0.10408166538861306,0.06193401192282052,0.2389059981478935,0.1416350536255974
Bulk 381,0.4751236427422033,0.11671747601167647,0.27575416894674687,0.049983152114545855,0.08242156018482741
Bulk 382,0.24826018628423172,0.15380767186462768,0.17799307472483514,0.25477637315315066,0.16516269397315478
Bulk 383,0.273736520264615,0.1923905795743389,0.11066004197445896,0.09659834050221959,0.32661451768436767
Bulk 384,0.018057664659246093,0.26680274795767434,0.0683891170093736,0.2795893283342549,0.3671611420394511
Bulk 385,0.2508568704565854,0.14830780820848405,0.01057422038202043,0.37792778659507875,0.21233331435783132
Bulk 386,0.3704838488913188,0.047506554949778526,0.2348046544263566,0.09370979909192712,0.2534951426406189
Bulk 387,0.22938601639964964,0.16087751916797166,0.1351610086259738,0.3181882640590305,0.15638719174737425
Bulk 388,0.44584486729744555,0.2664700010452881,0.0,0.0,0.28768513165726617
Bulk 389,0.4095133000410261,0.22283199351768432,0.0,0.17396599467239743,0.19368871176889213
Bulk 390,0.5859076087410315,0.02633174276664497,0.0,0.18989745763275362,0.19786319085956983
Bulk 391,0.18807699538004186,0.19638751341285218,0.276050845884978,0.20366653918637811,0.13581810613574977
Bulk 392,0.10249925338614496,0.08999734872605027,0.2875204749330537,0.3931789839872486,0.1268039389675024
Bulk 393,0.28277625437808085,0.0,0.02590230059969568,0.4225004168058396,0.26882102821638393
Bulk 394,0.5670805605482733,0.13051441377157325,0.0,0.0,0.3024050256801534
Bulk 395,0.3625290030783165,0.26676565741300845,0.0,0.0,0.37070533950867507
Bulk 396,0.8506429885239409,0.0,0.0,0.0,0.14935701147605912
Bulk 397,0.6446253977036411,0.0926128813331895,0.030372534736306182,0.0904531375429561,0.14193604868390697
Bulk 398,0.7506902830227469,0.043866257033076055,0.0,0.03789677523161891,0.16754668471255818
Bulk 399,0.49946328194143197,0.1295323173706393,0.0,0.2445029031996218,0.12650149748830697
Bulk 400,0.36502331688925166,0.1540340455107152,0.035901563052718695,0.2585357186033002,0.18650535594401432
Bulk 401,0.6667368401451679,0.09363378089936254,0.0,0.0,0.23962937895546968
Bulk 402,0.08695850900389568,0.28825623654969795,0.04896676015837316,0.25030867903016113,0.3255098152578721
Bulk 403,0.18681394535085402,0.24835734058679426,0.09859400276140878,0.1897346304845364,0.27650008081640653
